infrastructure,ignoring,384,user384,malicious,attack 2,false negative
infrastructure,ignoring,418,user418,malicious,attack 2,false negative
business,ignoring,20,user20,malicious,attack 1,false negative
business,ignoring,945,user945,regular,no attack,true negative
business,metric,846,user846,malicious,attack 2,false positive
business,log,846,user846,malicious,attack 2,false positive
business,trace,846,user846,malicious,attack 2,true positive
infrastructure,ignoring,704,user704,regular,no attack,true negative
infrastructure,ignoring,362,user362,regular,no attack,true negative
business,ignoring,764,user764,malicious,attack 1,false negative
business,ignoring,785,user785,malicious,attack 2,false negative
business,ignoring,870,user870,malicious,attack 2,false negative
infrastructure,ignoring,754,user754,malicious,attack 2,false negative
business,ignoring,123,user123,regular,no attack,true negative
business,metric,25,user25,regular,no attack,false positive
business,log,25,user25,regular,no attack,false positive
business,trace,25,user25,regular,no attack,false positive
business,metric,897,user897,regular,no attack,false positive
business,log,897,user897,regular,no attack,false positive
business,trace,897,user897,regular,no attack,false positive
infrastructure,ignoring,717,user717,malicious,attack 2,false negative
infrastructure,metric,341,user341,regular,no attack,false positive
infrastructure,log,341,user341,regular,no attack,false positive
infrastructure,trace,341,user341,regular,no attack,false positive
infrastructure,ignoring,623,user623,regular,no attack,true negative
business,metric,435,user435,malicious,attack 2,false positive
business,log,435,user435,malicious,attack 2,false positive
business,trace,435,user435,malicious,attack 2,true positive
infrastructure,metric,24,user24,malicious,attack 1,false positive
infrastructure,log,24,user24,malicious,attack 1,true positive
infrastructure,trace,24,user24,malicious,attack 1,false positive
business,ignoring,863,user863,regular,no attack,true negative
business,metric,919,user919,malicious,attack 1,false positive
business,log,919,user919,malicious,attack 1,true positive
business,trace,919,user919,malicious,attack 1,false positive
infrastructure,metric,387,user387,regular,no attack,false positive
infrastructure,log,387,user387,regular,no attack,false positive
infrastructure,trace,387,user387,regular,no attack,false positive
infrastructure,metric,629,user629,regular,no attack,false positive
infrastructure,log,629,user629,regular,no attack,false positive
infrastructure,trace,629,user629,regular,no attack,false positive
business,metric,738,user738,malicious,attack 2,false positive
business,log,738,user738,malicious,attack 2,false positive
business,trace,738,user738,malicious,attack 2,true positive
infrastructure,ignoring,373,user373,malicious,attack 1,false negative
infrastructure,metric,386,user386,regular,no attack,false positive
infrastructure,log,386,user386,regular,no attack,false positive
infrastructure,trace,386,user386,regular,no attack,false positive
infrastructure,ignoring,917,user917,regular,no attack,true negative
business,ignoring,713,user713,malicious,attack 1,false negative
infrastructure,metric,811,user811,malicious,attack 1,false positive
infrastructure,log,811,user811,malicious,attack 1,true positive
infrastructure,trace,811,user811,malicious,attack 1,false positive
infrastructure,metric,301,user301,regular,no attack,false positive
infrastructure,log,301,user301,regular,no attack,false positive
infrastructure,trace,301,user301,regular,no attack,false positive
business,ignoring,455,user455,malicious,attack 2,false negative
business,metric,994,user994,regular,no attack,false positive
business,log,994,user994,regular,no attack,false positive
business,trace,994,user994,regular,no attack,false positive
infrastructure,metric,979,user979,malicious,attack 1,false positive
infrastructure,log,979,user979,malicious,attack 1,true positive
infrastructure,trace,979,user979,malicious,attack 1,false positive
business,ignoring,924,user924,malicious,attack 2,false negative
business,ignoring,269,user269,regular,no attack,true negative
infrastructure,ignoring,610,user610,malicious,attack 2,false negative
infrastructure,ignoring,515,user515,malicious,attack 2,false negative
business,ignoring,668,user668,malicious,attack 2,false negative
business,ignoring,116,user116,malicious,attack 1,false negative
infrastructure,metric,1000,user1000,malicious,attack 1,false positive
infrastructure,log,1000,user1000,malicious,attack 1,true positive
infrastructure,trace,1000,user1000,malicious,attack 1,false positive
infrastructure,metric,149,user149,malicious,attack 1,false positive
infrastructure,log,149,user149,malicious,attack 1,true positive
infrastructure,trace,149,user149,malicious,attack 1,false positive
infrastructure,ignoring,156,user156,malicious,attack 1,false negative
business,ignoring,732,user732,malicious,attack 2,false negative
business,ignoring,402,user402,malicious,attack 1,false negative
business,metric,60,user60,regular,no attack,false positive
business,log,60,user60,regular,no attack,false positive
business,trace,60,user60,regular,no attack,false positive
business,metric,641,user641,malicious,attack 2,false positive
business,log,641,user641,malicious,attack 2,false positive
business,trace,641,user641,malicious,attack 2,true positive
infrastructure,ignoring,350,user350,malicious,attack 2,false negative
business,metric,669,user669,malicious,attack 2,false positive
business,log,669,user669,malicious,attack 2,false positive
business,trace,669,user669,malicious,attack 2,true positive
business,metric,252,user252,malicious,attack 2,false positive
business,log,252,user252,malicious,attack 2,false positive
business,trace,252,user252,malicious,attack 2,true positive
business,ignoring,573,user573,regular,no attack,true negative
infrastructure,metric,249,user249,malicious,attack 2,false positive
infrastructure,log,249,user249,malicious,attack 2,false positive
infrastructure,trace,249,user249,malicious,attack 2,true positive
business,ignoring,744,user744,regular,no attack,true negative
business,ignoring,368,user368,malicious,attack 1,false negative
business,ignoring,745,user745,malicious,attack 2,false negative
business,metric,708,user708,malicious,attack 2,false positive
business,log,708,user708,malicious,attack 2,false positive
business,trace,708,user708,malicious,attack 2,true positive
business,ignoring,843,user843,malicious,attack 2,false negative
infrastructure,ignoring,507,user507,malicious,attack 2,false negative
infrastructure,ignoring,484,user484,regular,no attack,true negative
business,metric,439,user439,malicious,attack 1,false positive
business,log,439,user439,malicious,attack 1,true positive
business,trace,439,user439,malicious,attack 1,false positive
business,metric,573,user573,regular,no attack,false positive
business,log,573,user573,regular,no attack,false positive
business,trace,573,user573,regular,no attack,false positive
infrastructure,ignoring,94,user94,malicious,attack 2,false negative
infrastructure,metric,89,user89,malicious,attack 2,false positive
infrastructure,log,89,user89,malicious,attack 2,false positive
infrastructure,trace,89,user89,malicious,attack 2,true positive
infrastructure,ignoring,529,user529,regular,no attack,true negative
business,ignoring,287,user287,malicious,attack 2,false negative
infrastructure,metric,119,user119,malicious,attack 2,false positive
infrastructure,log,119,user119,malicious,attack 2,false positive
infrastructure,trace,119,user119,malicious,attack 2,true positive
business,ignoring,974,user974,regular,no attack,true negative
business,metric,880,user880,malicious,attack 1,false positive
business,log,880,user880,malicious,attack 1,true positive
business,trace,880,user880,malicious,attack 1,false positive
business,metric,711,user711,malicious,attack 2,false positive
business,log,711,user711,malicious,attack 2,false positive
business,trace,711,user711,malicious,attack 2,true positive
business,metric,704,user704,regular,no attack,false positive
business,log,704,user704,regular,no attack,false positive
business,trace,704,user704,regular,no attack,false positive
business,ignoring,843,user843,malicious,attack 1,false negative
infrastructure,metric,163,user163,regular,no attack,false positive
infrastructure,log,163,user163,regular,no attack,false positive
infrastructure,trace,163,user163,regular,no attack,false positive
infrastructure,ignoring,354,user354,malicious,attack 1,false negative
business,ignoring,58,user58,malicious,attack 1,false negative
infrastructure,ignoring,919,user919,malicious,attack 1,false negative
business,ignoring,195,user195,malicious,attack 1,false negative
infrastructure,ignoring,312,user312,malicious,attack 2,false negative
business,metric,803,user803,regular,no attack,false positive
business,log,803,user803,regular,no attack,false positive
business,trace,803,user803,regular,no attack,false positive
infrastructure,metric,165,user165,regular,no attack,false positive
infrastructure,log,165,user165,regular,no attack,false positive
infrastructure,trace,165,user165,regular,no attack,false positive
business,metric,36,user36,malicious,attack 2,false positive
business,log,36,user36,malicious,attack 2,false positive
business,trace,36,user36,malicious,attack 2,true positive
business,ignoring,674,user674,malicious,attack 2,false negative
business,metric,366,user366,malicious,attack 2,false positive
business,log,366,user366,malicious,attack 2,false positive
business,trace,366,user366,malicious,attack 2,true positive
infrastructure,ignoring,20,user20,malicious,attack 1,false negative
business,metric,741,user741,regular,no attack,false positive
business,log,741,user741,regular,no attack,false positive
business,trace,741,user741,regular,no attack,false positive
business,metric,164,user164,malicious,attack 2,false positive
business,log,164,user164,malicious,attack 2,false positive
business,trace,164,user164,malicious,attack 2,true positive
infrastructure,metric,24,user24,malicious,attack 2,false positive
infrastructure,log,24,user24,malicious,attack 2,false positive
infrastructure,trace,24,user24,malicious,attack 2,true positive
business,ignoring,987,user987,malicious,attack 2,false negative
business,metric,223,user223,malicious,attack 2,false positive
business,log,223,user223,malicious,attack 2,false positive
business,trace,223,user223,malicious,attack 2,true positive
infrastructure,ignoring,979,user979,malicious,attack 1,false negative
business,metric,708,user708,malicious,attack 1,false positive
business,log,708,user708,malicious,attack 1,true positive
business,trace,708,user708,malicious,attack 1,false positive
infrastructure,metric,215,user215,malicious,attack 2,false positive
infrastructure,log,215,user215,malicious,attack 2,false positive
infrastructure,trace,215,user215,malicious,attack 2,true positive
business,metric,310,user310,malicious,attack 2,false positive
business,log,310,user310,malicious,attack 2,false positive
business,trace,310,user310,malicious,attack 2,true positive
infrastructure,metric,939,user939,malicious,attack 1,false positive
infrastructure,log,939,user939,malicious,attack 1,true positive
infrastructure,trace,939,user939,malicious,attack 1,false positive
business,ignoring,357,user357,malicious,attack 1,false negative
business,ignoring,957,user957,malicious,attack 1,false negative
infrastructure,metric,969,user969,regular,no attack,false positive
infrastructure,log,969,user969,regular,no attack,false positive
infrastructure,trace,969,user969,regular,no attack,false positive
infrastructure,ignoring,545,user545,malicious,attack 1,false negative
infrastructure,ignoring,450,user450,malicious,attack 1,false negative
infrastructure,metric,707,user707,malicious,attack 1,false positive
infrastructure,log,707,user707,malicious,attack 1,true positive
infrastructure,trace,707,user707,malicious,attack 1,false positive
infrastructure,ignoring,590,user590,malicious,attack 2,false negative
infrastructure,ignoring,719,user719,malicious,attack 1,false negative
business,ignoring,936,user936,malicious,attack 1,false negative
infrastructure,ignoring,694,user694,regular,no attack,true negative
business,ignoring,807,user807,malicious,attack 2,false negative
infrastructure,ignoring,694,user694,regular,no attack,true negative
infrastructure,metric,54,user54,regular,no attack,false positive
infrastructure,log,54,user54,regular,no attack,false positive
infrastructure,trace,54,user54,regular,no attack,false positive
business,ignoring,337,user337,malicious,attack 1,false negative
business,metric,816,user816,malicious,attack 2,false positive
business,log,816,user816,malicious,attack 2,false positive
business,trace,816,user816,malicious,attack 2,true positive
infrastructure,ignoring,283,user283,regular,no attack,true negative
business,metric,116,user116,malicious,attack 2,false positive
business,log,116,user116,malicious,attack 2,false positive
business,trace,116,user116,malicious,attack 2,true positive
infrastructure,metric,166,user166,regular,no attack,false positive
infrastructure,log,166,user166,regular,no attack,false positive
infrastructure,trace,166,user166,regular,no attack,false positive
infrastructure,metric,996,user996,malicious,attack 2,false positive
infrastructure,log,996,user996,malicious,attack 2,false positive
infrastructure,trace,996,user996,malicious,attack 2,true positive
business,metric,856,user856,regular,no attack,false positive
business,log,856,user856,regular,no attack,false positive
business,trace,856,user856,regular,no attack,false positive
business,metric,328,user328,malicious,attack 2,false positive
business,log,328,user328,malicious,attack 2,false positive
business,trace,328,user328,malicious,attack 2,true positive
business,metric,675,user675,malicious,attack 2,false positive
business,log,675,user675,malicious,attack 2,false positive
business,trace,675,user675,malicious,attack 2,true positive
business,ignoring,941,user941,malicious,attack 2,false negative
infrastructure,ignoring,343,user343,regular,no attack,true negative
business,ignoring,32,user32,malicious,attack 2,false negative
infrastructure,metric,669,user669,malicious,attack 2,false positive
infrastructure,log,669,user669,malicious,attack 2,false positive
infrastructure,trace,669,user669,malicious,attack 2,true positive
business,ignoring,826,user826,malicious,attack 1,false negative
business,metric,775,user775,malicious,attack 1,false positive
business,log,775,user775,malicious,attack 1,true positive
business,trace,775,user775,malicious,attack 1,false positive
business,metric,655,user655,regular,no attack,false positive
business,log,655,user655,regular,no attack,false positive
business,trace,655,user655,regular,no attack,false positive
infrastructure,ignoring,409,user409,malicious,attack 2,false negative
business,metric,116,user116,malicious,attack 1,false positive
business,log,116,user116,malicious,attack 1,true positive
business,trace,116,user116,malicious,attack 1,false positive
infrastructure,ignoring,359,user359,malicious,attack 2,false negative
infrastructure,metric,820,user820,malicious,attack 2,false positive
infrastructure,log,820,user820,malicious,attack 2,false positive
infrastructure,trace,820,user820,malicious,attack 2,true positive
business,metric,855,user855,malicious,attack 2,false positive
business,log,855,user855,malicious,attack 2,false positive
business,trace,855,user855,malicious,attack 2,true positive
business,ignoring,935,user935,malicious,attack 1,false negative
business,metric,796,user796,regular,no attack,false positive
business,log,796,user796,regular,no attack,false positive
business,trace,796,user796,regular,no attack,false positive
infrastructure,metric,754,user754,malicious,attack 2,false positive
infrastructure,log,754,user754,malicious,attack 2,false positive
infrastructure,trace,754,user754,malicious,attack 2,true positive
infrastructure,ignoring,443,user443,malicious,attack 1,false negative
business,metric,261,user261,malicious,attack 1,false positive
business,log,261,user261,malicious,attack 1,true positive
business,trace,261,user261,malicious,attack 1,false positive
business,ignoring,254,user254,malicious,attack 1,false negative
infrastructure,ignoring,279,user279,malicious,attack 2,false negative
business,ignoring,386,user386,regular,no attack,true negative
infrastructure,metric,993,user993,malicious,attack 1,false positive
infrastructure,log,993,user993,malicious,attack 1,true positive
infrastructure,trace,993,user993,malicious,attack 1,false positive
business,ignoring,691,user691,malicious,attack 2,false negative
infrastructure,ignoring,21,user21,malicious,attack 1,false negative
infrastructure,ignoring,941,user941,malicious,attack 1,false negative
infrastructure,metric,554,user554,malicious,attack 1,false positive
infrastructure,log,554,user554,malicious,attack 1,true positive
infrastructure,trace,554,user554,malicious,attack 1,false positive
business,ignoring,24,user24,malicious,attack 1,false negative
infrastructure,ignoring,152,user152,malicious,attack 2,false negative
business,ignoring,954,user954,malicious,attack 1,false negative
infrastructure,ignoring,74,user74,malicious,attack 2,false negative
infrastructure,metric,578,user578,malicious,attack 1,false positive
infrastructure,log,578,user578,malicious,attack 1,true positive
infrastructure,trace,578,user578,malicious,attack 1,false positive
infrastructure,ignoring,527,user527,malicious,attack 2,false negative
business,metric,646,user646,malicious,attack 2,false positive
business,log,646,user646,malicious,attack 2,false positive
business,trace,646,user646,malicious,attack 2,true positive
infrastructure,ignoring,912,user912,regular,no attack,true negative
infrastructure,metric,923,user923,regular,no attack,false positive
infrastructure,log,923,user923,regular,no attack,false positive
infrastructure,trace,923,user923,regular,no attack,false positive
business,metric,856,user856,regular,no attack,false positive
business,log,856,user856,regular,no attack,false positive
business,trace,856,user856,regular,no attack,false positive
infrastructure,ignoring,621,user621,malicious,attack 1,false negative
infrastructure,metric,936,user936,malicious,attack 1,false positive
infrastructure,log,936,user936,malicious,attack 1,true positive
infrastructure,trace,936,user936,malicious,attack 1,false positive
infrastructure,metric,522,user522,malicious,attack 1,false positive
infrastructure,log,522,user522,malicious,attack 1,true positive
infrastructure,trace,522,user522,malicious,attack 1,false positive
infrastructure,ignoring,85,user85,regular,no attack,true negative
infrastructure,ignoring,521,user521,malicious,attack 2,false negative
infrastructure,ignoring,543,user543,regular,no attack,true negative
infrastructure,ignoring,646,user646,malicious,attack 1,false negative
infrastructure,metric,182,user182,malicious,attack 2,false positive
infrastructure,log,182,user182,malicious,attack 2,false positive
infrastructure,trace,182,user182,malicious,attack 2,true positive
infrastructure,ignoring,897,user897,regular,no attack,true negative
infrastructure,metric,947,user947,regular,no attack,false positive
infrastructure,log,947,user947,regular,no attack,false positive
infrastructure,trace,947,user947,regular,no attack,false positive
business,metric,902,user902,regular,no attack,false positive
business,log,902,user902,regular,no attack,false positive
business,trace,902,user902,regular,no attack,false positive
infrastructure,ignoring,184,user184,regular,no attack,true negative
infrastructure,metric,603,user603,regular,no attack,false positive
infrastructure,log,603,user603,regular,no attack,false positive
infrastructure,trace,603,user603,regular,no attack,false positive
business,metric,358,user358,malicious,attack 2,false positive
business,log,358,user358,malicious,attack 2,false positive
business,trace,358,user358,malicious,attack 2,true positive
infrastructure,metric,279,user279,malicious,attack 2,false positive
infrastructure,log,279,user279,malicious,attack 2,false positive
infrastructure,trace,279,user279,malicious,attack 2,true positive
business,ignoring,607,user607,malicious,attack 1,false negative
business,ignoring,636,user636,regular,no attack,true negative
infrastructure,metric,97,user97,malicious,attack 1,false positive
infrastructure,log,97,user97,malicious,attack 1,true positive
infrastructure,trace,97,user97,malicious,attack 1,false positive
infrastructure,ignoring,470,user470,regular,no attack,true negative
infrastructure,metric,799,user799,regular,no attack,false positive
infrastructure,log,799,user799,regular,no attack,false positive
infrastructure,trace,799,user799,regular,no attack,false positive
infrastructure,metric,563,user563,malicious,attack 1,false positive
infrastructure,log,563,user563,malicious,attack 1,true positive
infrastructure,trace,563,user563,malicious,attack 1,false positive
infrastructure,metric,550,user550,malicious,attack 2,false positive
infrastructure,log,550,user550,malicious,attack 2,false positive
infrastructure,trace,550,user550,malicious,attack 2,true positive
business,ignoring,932,user932,malicious,attack 1,false negative
infrastructure,ignoring,456,user456,malicious,attack 1,false negative
infrastructure,metric,759,user759,malicious,attack 2,false positive
infrastructure,log,759,user759,malicious,attack 2,false positive
infrastructure,trace,759,user759,malicious,attack 2,true positive
infrastructure,metric,506,user506,malicious,attack 2,false positive
infrastructure,log,506,user506,malicious,attack 2,false positive
infrastructure,trace,506,user506,malicious,attack 2,true positive
business,metric,922,user922,malicious,attack 1,false positive
business,log,922,user922,malicious,attack 1,true positive
business,trace,922,user922,malicious,attack 1,false positive
business,metric,692,user692,malicious,attack 2,false positive
business,log,692,user692,malicious,attack 2,false positive
business,trace,692,user692,malicious,attack 2,true positive
business,ignoring,69,user69,regular,no attack,true negative
infrastructure,metric,651,user651,regular,no attack,false positive
infrastructure,log,651,user651,regular,no attack,false positive
infrastructure,trace,651,user651,regular,no attack,false positive
business,ignoring,876,user876,malicious,attack 1,false negative
infrastructure,ignoring,122,user122,malicious,attack 2,false negative
business,metric,473,user473,malicious,attack 1,false positive
business,log,473,user473,malicious,attack 1,true positive
business,trace,473,user473,malicious,attack 1,false positive
business,metric,208,user208,malicious,attack 2,false positive
business,log,208,user208,malicious,attack 2,false positive
business,trace,208,user208,malicious,attack 2,true positive
business,metric,269,user269,regular,no attack,false positive
business,log,269,user269,regular,no attack,false positive
business,trace,269,user269,regular,no attack,false positive
infrastructure,metric,891,user891,regular,no attack,false positive
infrastructure,log,891,user891,regular,no attack,false positive
infrastructure,trace,891,user891,regular,no attack,false positive
business,ignoring,623,user623,regular,no attack,true negative
infrastructure,metric,987,user987,malicious,attack 1,false positive
infrastructure,log,987,user987,malicious,attack 1,true positive
infrastructure,trace,987,user987,malicious,attack 1,false positive
infrastructure,metric,976,user976,malicious,attack 2,false positive
infrastructure,log,976,user976,malicious,attack 2,false positive
infrastructure,trace,976,user976,malicious,attack 2,true positive
infrastructure,metric,425,user425,malicious,attack 1,false positive
infrastructure,log,425,user425,malicious,attack 1,true positive
infrastructure,trace,425,user425,malicious,attack 1,false positive
business,metric,896,user896,malicious,attack 2,false positive
business,log,896,user896,malicious,attack 2,false positive
business,trace,896,user896,malicious,attack 2,true positive
business,ignoring,768,user768,malicious,attack 2,false negative
business,ignoring,161,user161,malicious,attack 1,false negative
infrastructure,metric,865,user865,malicious,attack 2,false positive
infrastructure,log,865,user865,malicious,attack 2,false positive
infrastructure,trace,865,user865,malicious,attack 2,true positive
infrastructure,ignoring,759,user759,malicious,attack 2,false negative
infrastructure,metric,40,user40,malicious,attack 1,false positive
infrastructure,log,40,user40,malicious,attack 1,true positive
infrastructure,trace,40,user40,malicious,attack 1,false positive
infrastructure,ignoring,275,user275,regular,no attack,true negative
business,ignoring,560,user560,malicious,attack 1,false negative
business,metric,196,user196,malicious,attack 2,false positive
business,log,196,user196,malicious,attack 2,false positive
business,trace,196,user196,malicious,attack 2,true positive
infrastructure,metric,678,user678,regular,no attack,false positive
infrastructure,log,678,user678,regular,no attack,false positive
infrastructure,trace,678,user678,regular,no attack,false positive
business,metric,748,user748,malicious,attack 1,false positive
business,log,748,user748,malicious,attack 1,true positive
business,trace,748,user748,malicious,attack 1,false positive
infrastructure,ignoring,179,user179,malicious,attack 1,false negative
infrastructure,ignoring,471,user471,malicious,attack 2,false negative
infrastructure,metric,706,user706,regular,no attack,false positive
infrastructure,log,706,user706,regular,no attack,false positive
infrastructure,trace,706,user706,regular,no attack,false positive
infrastructure,ignoring,470,user470,regular,no attack,true negative
infrastructure,metric,290,user290,malicious,attack 2,false positive
infrastructure,log,290,user290,malicious,attack 2,false positive
infrastructure,trace,290,user290,malicious,attack 2,true positive
business,ignoring,7,user7,malicious,attack 2,false negative
business,ignoring,538,user538,malicious,attack 2,false negative
business,metric,61,user61,malicious,attack 1,false positive
business,log,61,user61,malicious,attack 1,true positive
business,trace,61,user61,malicious,attack 1,false positive
infrastructure,ignoring,199,user199,malicious,attack 1,false negative
business,ignoring,264,user264,regular,no attack,true negative
business,metric,619,user619,malicious,attack 2,false positive
business,log,619,user619,malicious,attack 2,false positive
business,trace,619,user619,malicious,attack 2,true positive
infrastructure,metric,900,user900,regular,no attack,false positive
infrastructure,log,900,user900,regular,no attack,false positive
infrastructure,trace,900,user900,regular,no attack,false positive
business,metric,915,user915,malicious,attack 1,false positive
business,log,915,user915,malicious,attack 1,true positive
business,trace,915,user915,malicious,attack 1,false positive
business,ignoring,989,user989,malicious,attack 1,false negative
infrastructure,metric,302,user302,malicious,attack 2,false positive
infrastructure,log,302,user302,malicious,attack 2,false positive
infrastructure,trace,302,user302,malicious,attack 2,true positive
business,metric,981,user981,malicious,attack 2,false positive
business,log,981,user981,malicious,attack 2,false positive
business,trace,981,user981,malicious,attack 2,true positive
infrastructure,metric,439,user439,malicious,attack 2,false positive
infrastructure,log,439,user439,malicious,attack 2,false positive
infrastructure,trace,439,user439,malicious,attack 2,true positive
infrastructure,ignoring,181,user181,malicious,attack 1,false negative
business,ignoring,793,user793,malicious,attack 1,false negative
business,ignoring,132,user132,malicious,attack 1,false negative
business,ignoring,151,user151,malicious,attack 2,false negative
business,metric,528,user528,malicious,attack 1,false positive
business,log,528,user528,malicious,attack 1,true positive
business,trace,528,user528,malicious,attack 1,false positive
business,metric,421,user421,malicious,attack 2,false positive
business,log,421,user421,malicious,attack 2,false positive
business,trace,421,user421,malicious,attack 2,true positive
business,ignoring,18,user18,regular,no attack,true negative
infrastructure,metric,876,user876,malicious,attack 2,false positive
infrastructure,log,876,user876,malicious,attack 2,false positive
infrastructure,trace,876,user876,malicious,attack 2,true positive
business,ignoring,594,user594,malicious,attack 2,false negative
business,metric,204,user204,malicious,attack 2,false positive
business,log,204,user204,malicious,attack 2,false positive
business,trace,204,user204,malicious,attack 2,true positive
infrastructure,metric,148,user148,malicious,attack 1,false positive
infrastructure,log,148,user148,malicious,attack 1,true positive
infrastructure,trace,148,user148,malicious,attack 1,false positive
business,metric,79,user79,malicious,attack 2,false positive
business,log,79,user79,malicious,attack 2,false positive
business,trace,79,user79,malicious,attack 2,true positive
business,ignoring,825,user825,malicious,attack 2,false negative
business,ignoring,1,user1,malicious,attack 2,false negative
business,metric,230,user230,malicious,attack 2,false positive
business,log,230,user230,malicious,attack 2,false positive
business,trace,230,user230,malicious,attack 2,true positive
business,ignoring,253,user253,malicious,attack 2,false negative
infrastructure,ignoring,839,user839,malicious,attack 1,false negative
infrastructure,ignoring,23,user23,regular,no attack,true negative
business,ignoring,465,user465,malicious,attack 2,false negative
business,ignoring,436,user436,malicious,attack 2,false negative
infrastructure,ignoring,257,user257,malicious,attack 2,false negative
business,ignoring,225,user225,malicious,attack 1,false negative
infrastructure,ignoring,779,user779,malicious,attack 2,false negative
infrastructure,metric,626,user626,malicious,attack 1,false positive
infrastructure,log,626,user626,malicious,attack 1,true positive
infrastructure,trace,626,user626,malicious,attack 1,false positive
business,metric,347,user347,malicious,attack 2,false positive
business,log,347,user347,malicious,attack 2,false positive
business,trace,347,user347,malicious,attack 2,true positive
business,metric,413,user413,malicious,attack 1,false positive
business,log,413,user413,malicious,attack 1,true positive
business,trace,413,user413,malicious,attack 1,false positive
infrastructure,ignoring,341,user341,regular,no attack,true negative
business,metric,785,user785,malicious,attack 2,false positive
business,log,785,user785,malicious,attack 2,false positive
business,trace,785,user785,malicious,attack 2,true positive
infrastructure,ignoring,165,user165,regular,no attack,true negative
business,metric,704,user704,regular,no attack,false positive
business,log,704,user704,regular,no attack,false positive
business,trace,704,user704,regular,no attack,false positive
infrastructure,metric,107,user107,malicious,attack 1,false positive
infrastructure,log,107,user107,malicious,attack 1,true positive
infrastructure,trace,107,user107,malicious,attack 1,false positive
infrastructure,metric,412,user412,malicious,attack 2,false positive
infrastructure,log,412,user412,malicious,attack 2,false positive
infrastructure,trace,412,user412,malicious,attack 2,true positive
infrastructure,metric,492,user492,malicious,attack 2,false positive
infrastructure,log,492,user492,malicious,attack 2,false positive
infrastructure,trace,492,user492,malicious,attack 2,true positive
infrastructure,ignoring,46,user46,regular,no attack,true negative
business,metric,227,user227,malicious,attack 2,false positive
business,log,227,user227,malicious,attack 2,false positive
business,trace,227,user227,malicious,attack 2,true positive
business,metric,238,user238,malicious,attack 2,false positive
business,log,238,user238,malicious,attack 2,false positive
business,trace,238,user238,malicious,attack 2,true positive
business,metric,654,user654,malicious,attack 1,false positive
business,log,654,user654,malicious,attack 1,true positive
business,trace,654,user654,malicious,attack 1,false positive
infrastructure,ignoring,736,user736,malicious,attack 1,false negative
infrastructure,ignoring,436,user436,malicious,attack 2,false negative
business,ignoring,401,user401,malicious,attack 1,false negative
infrastructure,metric,924,user924,malicious,attack 1,false positive
infrastructure,log,924,user924,malicious,attack 1,true positive
infrastructure,trace,924,user924,malicious,attack 1,false positive
infrastructure,metric,521,user521,malicious,attack 2,false positive
infrastructure,log,521,user521,malicious,attack 2,false positive
infrastructure,trace,521,user521,malicious,attack 2,true positive
infrastructure,metric,152,user152,malicious,attack 1,false positive
infrastructure,log,152,user152,malicious,attack 1,true positive
infrastructure,trace,152,user152,malicious,attack 1,false positive
business,ignoring,742,user742,malicious,attack 2,false negative
infrastructure,metric,110,user110,regular,no attack,false positive
infrastructure,log,110,user110,regular,no attack,false positive
infrastructure,trace,110,user110,regular,no attack,false positive
infrastructure,ignoring,695,user695,malicious,attack 2,false negative
infrastructure,ignoring,423,user423,malicious,attack 1,false negative
infrastructure,ignoring,563,user563,malicious,attack 2,false negative
infrastructure,ignoring,140,user140,regular,no attack,true negative
infrastructure,ignoring,866,user866,malicious,attack 1,false negative
infrastructure,ignoring,622,user622,regular,no attack,true negative
business,ignoring,805,user805,malicious,attack 2,false negative
business,ignoring,487,user487,malicious,attack 1,false negative
infrastructure,metric,263,user263,malicious,attack 2,false positive
infrastructure,log,263,user263,malicious,attack 2,false positive
infrastructure,trace,263,user263,malicious,attack 2,true positive
business,metric,390,user390,regular,no attack,false positive
business,log,390,user390,regular,no attack,false positive
business,trace,390,user390,regular,no attack,false positive
infrastructure,ignoring,951,user951,malicious,attack 2,false negative
business,ignoring,684,user684,regular,no attack,true negative
business,metric,749,user749,malicious,attack 1,false positive
business,log,749,user749,malicious,attack 1,true positive
business,trace,749,user749,malicious,attack 1,false positive
business,metric,203,user203,malicious,attack 2,false positive
business,log,203,user203,malicious,attack 2,false positive
business,trace,203,user203,malicious,attack 2,true positive
infrastructure,ignoring,500,user500,malicious,attack 2,false negative
business,ignoring,980,user980,regular,no attack,true negative
infrastructure,metric,50,user50,regular,no attack,false positive
infrastructure,log,50,user50,regular,no attack,false positive
infrastructure,trace,50,user50,regular,no attack,false positive
business,metric,297,user297,malicious,attack 2,false positive
business,log,297,user297,malicious,attack 2,false positive
business,trace,297,user297,malicious,attack 2,true positive
infrastructure,ignoring,772,user772,malicious,attack 1,false negative
infrastructure,metric,855,user855,malicious,attack 1,false positive
infrastructure,log,855,user855,malicious,attack 1,true positive
infrastructure,trace,855,user855,malicious,attack 1,false positive
infrastructure,ignoring,967,user967,malicious,attack 1,false negative
business,ignoring,69,user69,regular,no attack,true negative
infrastructure,ignoring,955,user955,malicious,attack 1,false negative
infrastructure,metric,76,user76,malicious,attack 1,false positive
infrastructure,log,76,user76,malicious,attack 1,true positive
infrastructure,trace,76,user76,malicious,attack 1,false positive
infrastructure,ignoring,272,user272,regular,no attack,true negative
infrastructure,ignoring,374,user374,malicious,attack 2,false negative
business,metric,436,user436,malicious,attack 2,false positive
business,log,436,user436,malicious,attack 2,false positive
business,trace,436,user436,malicious,attack 2,true positive
infrastructure,ignoring,853,user853,malicious,attack 1,false negative
infrastructure,metric,146,user146,malicious,attack 2,false positive
infrastructure,log,146,user146,malicious,attack 2,false positive
infrastructure,trace,146,user146,malicious,attack 2,true positive
infrastructure,metric,147,user147,malicious,attack 1,false positive
infrastructure,log,147,user147,malicious,attack 1,true positive
infrastructure,trace,147,user147,malicious,attack 1,false positive
infrastructure,ignoring,323,user323,malicious,attack 2,false negative
business,ignoring,849,user849,regular,no attack,true negative
infrastructure,ignoring,292,user292,malicious,attack 1,false negative
infrastructure,metric,370,user370,malicious,attack 2,false positive
infrastructure,log,370,user370,malicious,attack 2,false positive
infrastructure,trace,370,user370,malicious,attack 2,true positive
business,metric,388,user388,malicious,attack 1,false positive
business,log,388,user388,malicious,attack 1,true positive
business,trace,388,user388,malicious,attack 1,false positive
business,ignoring,40,user40,malicious,attack 2,false negative
business,metric,435,user435,malicious,attack 1,false positive
business,log,435,user435,malicious,attack 1,true positive
business,trace,435,user435,malicious,attack 1,false positive
infrastructure,metric,868,user868,malicious,attack 1,false positive
infrastructure,log,868,user868,malicious,attack 1,true positive
infrastructure,trace,868,user868,malicious,attack 1,false positive
business,ignoring,553,user553,malicious,attack 1,false negative
business,metric,769,user769,regular,no attack,false positive
business,log,769,user769,regular,no attack,false positive
business,trace,769,user769,regular,no attack,false positive
business,metric,228,user228,regular,no attack,false positive
business,log,228,user228,regular,no attack,false positive
business,trace,228,user228,regular,no attack,false positive
business,ignoring,708,user708,malicious,attack 1,false negative
business,ignoring,676,user676,malicious,attack 2,false negative
infrastructure,metric,677,user677,malicious,attack 1,false positive
infrastructure,log,677,user677,malicious,attack 1,true positive
infrastructure,trace,677,user677,malicious,attack 1,false positive
infrastructure,ignoring,153,user153,malicious,attack 1,false negative
business,ignoring,234,user234,malicious,attack 2,false negative
business,ignoring,619,user619,malicious,attack 2,false negative
infrastructure,metric,354,user354,malicious,attack 2,false positive
infrastructure,log,354,user354,malicious,attack 2,false positive
infrastructure,trace,354,user354,malicious,attack 2,true positive
business,metric,627,user627,malicious,attack 2,false positive
business,log,627,user627,malicious,attack 2,false positive
business,trace,627,user627,malicious,attack 2,true positive
business,metric,474,user474,malicious,attack 1,false positive
business,log,474,user474,malicious,attack 1,true positive
business,trace,474,user474,malicious,attack 1,false positive
infrastructure,metric,269,user269,regular,no attack,false positive
infrastructure,log,269,user269,regular,no attack,false positive
infrastructure,trace,269,user269,regular,no attack,false positive
infrastructure,ignoring,434,user434,malicious,attack 2,false negative
infrastructure,metric,866,user866,malicious,attack 1,false positive
infrastructure,log,866,user866,malicious,attack 1,true positive
infrastructure,trace,866,user866,malicious,attack 1,false positive
infrastructure,ignoring,765,user765,malicious,attack 2,false negative
infrastructure,metric,603,user603,regular,no attack,false positive
infrastructure,log,603,user603,regular,no attack,false positive
infrastructure,trace,603,user603,regular,no attack,false positive
business,ignoring,533,user533,malicious,attack 1,false negative
business,metric,799,user799,regular,no attack,false positive
business,log,799,user799,regular,no attack,false positive
business,trace,799,user799,regular,no attack,false positive
infrastructure,ignoring,518,user518,malicious,attack 1,false negative
infrastructure,ignoring,760,user760,malicious,attack 1,false negative
business,ignoring,940,user940,malicious,attack 2,false negative
business,ignoring,141,user141,regular,no attack,true negative
business,metric,710,user710,malicious,attack 2,false positive
business,log,710,user710,malicious,attack 2,false positive
business,trace,710,user710,malicious,attack 2,true positive
business,metric,638,user638,regular,no attack,false positive
business,log,638,user638,regular,no attack,false positive
business,trace,638,user638,regular,no attack,false positive
business,metric,783,user783,regular,no attack,false positive
business,log,783,user783,regular,no attack,false positive
business,trace,783,user783,regular,no attack,false positive
infrastructure,metric,395,user395,regular,no attack,false positive
infrastructure,log,395,user395,regular,no attack,false positive
infrastructure,trace,395,user395,regular,no attack,false positive
business,ignoring,670,user670,regular,no attack,true negative
business,ignoring,716,user716,regular,no attack,true negative
business,metric,194,user194,malicious,attack 1,false positive
business,log,194,user194,malicious,attack 1,true positive
business,trace,194,user194,malicious,attack 1,false positive
business,metric,662,user662,regular,no attack,false positive
business,log,662,user662,regular,no attack,false positive
business,trace,662,user662,regular,no attack,false positive
infrastructure,ignoring,470,user470,regular,no attack,true negative
business,ignoring,493,user493,regular,no attack,true negative
infrastructure,metric,644,user644,malicious,attack 2,false positive
infrastructure,log,644,user644,malicious,attack 2,false positive
infrastructure,trace,644,user644,malicious,attack 2,true positive
infrastructure,metric,935,user935,malicious,attack 1,false positive
infrastructure,log,935,user935,malicious,attack 1,true positive
infrastructure,trace,935,user935,malicious,attack 1,false positive
infrastructure,ignoring,481,user481,malicious,attack 2,false negative
business,metric,350,user350,malicious,attack 2,false positive
business,log,350,user350,malicious,attack 2,false positive
business,trace,350,user350,malicious,attack 2,true positive
infrastructure,metric,502,user502,malicious,attack 2,false positive
infrastructure,log,502,user502,malicious,attack 2,false positive
infrastructure,trace,502,user502,malicious,attack 2,true positive
infrastructure,metric,790,user790,malicious,attack 2,false positive
infrastructure,log,790,user790,malicious,attack 2,false positive
infrastructure,trace,790,user790,malicious,attack 2,true positive
infrastructure,metric,838,user838,malicious,attack 2,false positive
infrastructure,log,838,user838,malicious,attack 2,false positive
infrastructure,trace,838,user838,malicious,attack 2,true positive
business,ignoring,289,user289,malicious,attack 2,false negative
infrastructure,metric,756,user756,malicious,attack 1,false positive
infrastructure,log,756,user756,malicious,attack 1,true positive
infrastructure,trace,756,user756,malicious,attack 1,false positive
business,metric,223,user223,malicious,attack 1,false positive
business,log,223,user223,malicious,attack 1,true positive
business,trace,223,user223,malicious,attack 1,false positive
business,ignoring,229,user229,malicious,attack 2,false negative
infrastructure,ignoring,300,user300,malicious,attack 1,false negative
infrastructure,ignoring,316,user316,malicious,attack 2,false negative
infrastructure,metric,813,user813,malicious,attack 1,false positive
infrastructure,log,813,user813,malicious,attack 1,true positive
infrastructure,trace,813,user813,malicious,attack 1,false positive
business,ignoring,493,user493,regular,no attack,true negative
business,metric,157,user157,malicious,attack 1,false positive
business,log,157,user157,malicious,attack 1,true positive
business,trace,157,user157,malicious,attack 1,false positive
infrastructure,metric,701,user701,malicious,attack 2,false positive
infrastructure,log,701,user701,malicious,attack 2,false positive
infrastructure,trace,701,user701,malicious,attack 2,true positive
business,ignoring,631,user631,regular,no attack,true negative
business,ignoring,276,user276,regular,no attack,true negative
business,metric,563,user563,malicious,attack 2,false positive
business,log,563,user563,malicious,attack 2,false positive
business,trace,563,user563,malicious,attack 2,true positive
infrastructure,metric,168,user168,malicious,attack 2,false positive
infrastructure,log,168,user168,malicious,attack 2,false positive
infrastructure,trace,168,user168,malicious,attack 2,true positive
infrastructure,ignoring,122,user122,malicious,attack 2,false negative
infrastructure,ignoring,152,user152,malicious,attack 2,false negative
infrastructure,ignoring,276,user276,regular,no attack,true negative
infrastructure,metric,496,user496,malicious,attack 1,false positive
infrastructure,log,496,user496,malicious,attack 1,true positive
infrastructure,trace,496,user496,malicious,attack 1,false positive
business,ignoring,559,user559,regular,no attack,true negative
infrastructure,metric,933,user933,malicious,attack 2,false positive
infrastructure,log,933,user933,malicious,attack 2,false positive
infrastructure,trace,933,user933,malicious,attack 2,true positive
business,metric,71,user71,regular,no attack,false positive
business,log,71,user71,regular,no attack,false positive
business,trace,71,user71,regular,no attack,false positive
business,ignoring,474,user474,malicious,attack 2,false negative
infrastructure,ignoring,541,user541,regular,no attack,true negative
infrastructure,metric,674,user674,malicious,attack 2,false positive
infrastructure,log,674,user674,malicious,attack 2,false positive
infrastructure,trace,674,user674,malicious,attack 2,true positive
business,ignoring,81,user81,malicious,attack 2,false negative
business,ignoring,543,user543,regular,no attack,true negative
business,ignoring,814,user814,regular,no attack,true negative
infrastructure,ignoring,817,user817,regular,no attack,true negative
business,ignoring,67,user67,malicious,attack 2,false negative
infrastructure,ignoring,967,user967,malicious,attack 2,false negative
business,metric,308,user308,malicious,attack 1,false positive
business,log,308,user308,malicious,attack 1,true positive
business,trace,308,user308,malicious,attack 1,false positive
infrastructure,ignoring,701,user701,malicious,attack 1,false negative
infrastructure,ignoring,544,user544,regular,no attack,true negative
infrastructure,ignoring,326,user326,regular,no attack,true negative
infrastructure,ignoring,271,user271,regular,no attack,true negative
infrastructure,metric,656,user656,regular,no attack,false positive
infrastructure,log,656,user656,regular,no attack,false positive
infrastructure,trace,656,user656,regular,no attack,false positive
infrastructure,ignoring,531,user531,malicious,attack 1,false negative
business,ignoring,493,user493,regular,no attack,true negative
business,ignoring,812,user812,malicious,attack 1,false negative
business,ignoring,709,user709,malicious,attack 1,false negative
business,ignoring,927,user927,regular,no attack,true negative
infrastructure,metric,553,user553,malicious,attack 1,false positive
infrastructure,log,553,user553,malicious,attack 1,true positive
infrastructure,trace,553,user553,malicious,attack 1,false positive
business,ignoring,268,user268,regular,no attack,true negative
business,ignoring,687,user687,malicious,attack 2,false negative
infrastructure,metric,542,user542,malicious,attack 2,false positive
infrastructure,log,542,user542,malicious,attack 2,false positive
infrastructure,trace,542,user542,malicious,attack 2,true positive
business,ignoring,812,user812,malicious,attack 2,false negative
infrastructure,ignoring,641,user641,malicious,attack 2,false negative
business,ignoring,973,user973,malicious,attack 1,false negative
infrastructure,ignoring,273,user273,regular,no attack,true negative
business,metric,710,user710,malicious,attack 2,false positive
business,log,710,user710,malicious,attack 2,false positive
business,trace,710,user710,malicious,attack 2,true positive
infrastructure,ignoring,423,user423,malicious,attack 2,false negative
infrastructure,ignoring,264,user264,regular,no attack,true negative
infrastructure,metric,721,user721,regular,no attack,false positive
infrastructure,log,721,user721,regular,no attack,false positive
infrastructure,trace,721,user721,regular,no attack,false positive
infrastructure,metric,886,user886,malicious,attack 1,false positive
infrastructure,log,886,user886,malicious,attack 1,true positive
infrastructure,trace,886,user886,malicious,attack 1,false positive
business,ignoring,365,user365,malicious,attack 2,false negative
business,metric,305,user305,malicious,attack 1,false positive
business,log,305,user305,malicious,attack 1,true positive
business,trace,305,user305,malicious,attack 1,false positive
infrastructure,metric,346,user346,regular,no attack,false positive
infrastructure,log,346,user346,regular,no attack,false positive
infrastructure,trace,346,user346,regular,no attack,false positive
infrastructure,metric,995,user995,regular,no attack,false positive
infrastructure,log,995,user995,regular,no attack,false positive
infrastructure,trace,995,user995,regular,no attack,false positive
infrastructure,ignoring,180,user180,malicious,attack 1,false negative
infrastructure,ignoring,699,user699,malicious,attack 2,false negative
business,ignoring,378,user378,malicious,attack 2,false negative
infrastructure,metric,49,user49,regular,no attack,false positive
infrastructure,log,49,user49,regular,no attack,false positive
infrastructure,trace,49,user49,regular,no attack,false positive
infrastructure,metric,118,user118,malicious,attack 2,false positive
infrastructure,log,118,user118,malicious,attack 2,false positive
infrastructure,trace,118,user118,malicious,attack 2,true positive
infrastructure,metric,898,user898,malicious,attack 2,false positive
infrastructure,log,898,user898,malicious,attack 2,false positive
infrastructure,trace,898,user898,malicious,attack 2,true positive
infrastructure,ignoring,492,user492,malicious,attack 1,false negative
business,ignoring,202,user202,regular,no attack,true negative
business,ignoring,170,user170,malicious,attack 2,false negative
infrastructure,metric,919,user919,malicious,attack 2,false positive
infrastructure,log,919,user919,malicious,attack 2,false positive
infrastructure,trace,919,user919,malicious,attack 2,true positive
business,metric,898,user898,malicious,attack 1,false positive
business,log,898,user898,malicious,attack 1,true positive
business,trace,898,user898,malicious,attack 1,false positive
infrastructure,ignoring,87,user87,regular,no attack,true negative
infrastructure,ignoring,440,user440,malicious,attack 1,false negative
business,ignoring,244,user244,malicious,attack 1,false negative
business,ignoring,6,user6,regular,no attack,true negative
infrastructure,metric,4,user4,malicious,attack 2,false positive
infrastructure,log,4,user4,malicious,attack 2,false positive
infrastructure,trace,4,user4,malicious,attack 2,true positive
infrastructure,ignoring,573,user573,regular,no attack,true negative
infrastructure,ignoring,983,user983,malicious,attack 1,false negative
business,metric,986,user986,malicious,attack 1,false positive
business,log,986,user986,malicious,attack 1,true positive
business,trace,986,user986,malicious,attack 1,false positive
business,metric,636,user636,regular,no attack,false positive
business,log,636,user636,regular,no attack,false positive
business,trace,636,user636,regular,no attack,false positive
infrastructure,metric,96,user96,regular,no attack,false positive
infrastructure,log,96,user96,regular,no attack,false positive
infrastructure,trace,96,user96,regular,no attack,false positive
business,ignoring,333,user333,regular,no attack,true negative
infrastructure,ignoring,64,user64,regular,no attack,true negative
business,metric,103,user103,regular,no attack,false positive
business,log,103,user103,regular,no attack,false positive
business,trace,103,user103,regular,no attack,false positive
business,ignoring,624,user624,malicious,attack 1,false negative
infrastructure,metric,272,user272,regular,no attack,false positive
infrastructure,log,272,user272,regular,no attack,false positive
infrastructure,trace,272,user272,regular,no attack,false positive
business,metric,378,user378,malicious,attack 1,false positive
business,log,378,user378,malicious,attack 1,true positive
business,trace,378,user378,malicious,attack 1,false positive
infrastructure,ignoring,835,user835,malicious,attack 2,false negative
infrastructure,metric,875,user875,malicious,attack 1,false positive
infrastructure,log,875,user875,malicious,attack 1,true positive
infrastructure,trace,875,user875,malicious,attack 1,false positive
infrastructure,ignoring,438,user438,malicious,attack 2,false negative
business,metric,42,user42,regular,no attack,false positive
business,log,42,user42,regular,no attack,false positive
business,trace,42,user42,regular,no attack,false positive
infrastructure,metric,663,user663,malicious,attack 2,false positive
infrastructure,log,663,user663,malicious,attack 2,false positive
infrastructure,trace,663,user663,malicious,attack 2,true positive
business,metric,749,user749,malicious,attack 1,false positive
business,log,749,user749,malicious,attack 1,true positive
business,trace,749,user749,malicious,attack 1,false positive
infrastructure,metric,640,user640,malicious,attack 2,false positive
infrastructure,log,640,user640,malicious,attack 2,false positive
infrastructure,trace,640,user640,malicious,attack 2,true positive
infrastructure,metric,583,user583,malicious,attack 1,false positive
infrastructure,log,583,user583,malicious,attack 1,true positive
infrastructure,trace,583,user583,malicious,attack 1,false positive
business,ignoring,135,user135,malicious,attack 1,false negative
infrastructure,ignoring,779,user779,malicious,attack 1,false negative
infrastructure,ignoring,596,user596,regular,no attack,true negative
infrastructure,metric,845,user845,malicious,attack 1,false positive
infrastructure,log,845,user845,malicious,attack 1,true positive
infrastructure,trace,845,user845,malicious,attack 1,false positive
business,ignoring,960,user960,malicious,attack 1,false negative
business,ignoring,459,user459,malicious,attack 1,false negative
business,metric,526,user526,malicious,attack 2,false positive
business,log,526,user526,malicious,attack 2,false positive
business,trace,526,user526,malicious,attack 2,true positive
business,metric,625,user625,malicious,attack 1,false positive
business,log,625,user625,malicious,attack 1,true positive
business,trace,625,user625,malicious,attack 1,false positive
business,ignoring,769,user769,regular,no attack,true negative
infrastructure,ignoring,691,user691,malicious,attack 1,false negative
business,ignoring,22,user22,malicious,attack 1,false negative
infrastructure,ignoring,885,user885,regular,no attack,true negative
infrastructure,metric,36,user36,malicious,attack 2,false positive
infrastructure,log,36,user36,malicious,attack 2,false positive
infrastructure,trace,36,user36,malicious,attack 2,true positive
infrastructure,metric,29,user29,malicious,attack 1,false positive
infrastructure,log,29,user29,malicious,attack 1,true positive
infrastructure,trace,29,user29,malicious,attack 1,false positive
infrastructure,metric,271,user271,regular,no attack,false positive
infrastructure,log,271,user271,regular,no attack,false positive
infrastructure,trace,271,user271,regular,no attack,false positive
infrastructure,ignoring,778,user778,regular,no attack,true negative
infrastructure,ignoring,151,user151,malicious,attack 1,false negative
business,ignoring,395,user395,regular,no attack,true negative
infrastructure,ignoring,45,user45,malicious,attack 2,false negative
business,metric,400,user400,malicious,attack 1,false positive
business,log,400,user400,malicious,attack 1,true positive
business,trace,400,user400,malicious,attack 1,false positive
business,metric,233,user233,malicious,attack 2,false positive
business,log,233,user233,malicious,attack 2,false positive
business,trace,233,user233,malicious,attack 2,true positive
business,metric,938,user938,malicious,attack 2,false positive
business,log,938,user938,malicious,attack 2,false positive
business,trace,938,user938,malicious,attack 2,true positive
business,metric,980,user980,regular,no attack,false positive
business,log,980,user980,regular,no attack,false positive
business,trace,980,user980,regular,no attack,false positive
infrastructure,ignoring,785,user785,malicious,attack 2,false negative
business,ignoring,126,user126,malicious,attack 2,false negative
business,ignoring,411,user411,malicious,attack 1,false negative
infrastructure,metric,36,user36,malicious,attack 1,false positive
infrastructure,log,36,user36,malicious,attack 1,true positive
infrastructure,trace,36,user36,malicious,attack 1,false positive
infrastructure,metric,875,user875,malicious,attack 1,false positive
infrastructure,log,875,user875,malicious,attack 1,true positive
infrastructure,trace,875,user875,malicious,attack 1,false positive
business,metric,932,user932,malicious,attack 2,false positive
business,log,932,user932,malicious,attack 2,false positive
business,trace,932,user932,malicious,attack 2,true positive
infrastructure,metric,607,user607,malicious,attack 2,false positive
infrastructure,log,607,user607,malicious,attack 2,false positive
infrastructure,trace,607,user607,malicious,attack 2,true positive
business,ignoring,356,user356,malicious,attack 1,false negative
infrastructure,metric,379,user379,malicious,attack 2,false positive
infrastructure,log,379,user379,malicious,attack 2,false positive
infrastructure,trace,379,user379,malicious,attack 2,true positive
infrastructure,metric,615,user615,regular,no attack,false positive
infrastructure,log,615,user615,regular,no attack,false positive
infrastructure,trace,615,user615,regular,no attack,false positive
business,ignoring,161,user161,malicious,attack 2,false negative
business,ignoring,94,user94,malicious,attack 2,false negative
infrastructure,metric,471,user471,malicious,attack 1,false positive
infrastructure,log,471,user471,malicious,attack 1,true positive
infrastructure,trace,471,user471,malicious,attack 1,false positive
infrastructure,metric,876,user876,malicious,attack 1,false positive
infrastructure,log,876,user876,malicious,attack 1,true positive
infrastructure,trace,876,user876,malicious,attack 1,false positive
business,metric,429,user429,malicious,attack 1,false positive
business,log,429,user429,malicious,attack 1,true positive
business,trace,429,user429,malicious,attack 1,false positive
business,ignoring,67,user67,malicious,attack 2,false negative
infrastructure,metric,795,user795,regular,no attack,false positive
infrastructure,log,795,user795,regular,no attack,false positive
infrastructure,trace,795,user795,regular,no attack,false positive
business,metric,265,user265,malicious,attack 1,false positive
business,log,265,user265,malicious,attack 1,true positive
business,trace,265,user265,malicious,attack 1,false positive
infrastructure,metric,46,user46,regular,no attack,false positive
infrastructure,log,46,user46,regular,no attack,false positive
infrastructure,trace,46,user46,regular,no attack,false positive
business,metric,395,user395,regular,no attack,false positive
business,log,395,user395,regular,no attack,false positive
business,trace,395,user395,regular,no attack,false positive
business,ignoring,823,user823,malicious,attack 1,false negative
business,metric,590,user590,malicious,attack 1,false positive
business,log,590,user590,malicious,attack 1,true positive
business,trace,590,user590,malicious,attack 1,false positive
infrastructure,metric,494,user494,malicious,attack 2,false positive
infrastructure,log,494,user494,malicious,attack 2,false positive
infrastructure,trace,494,user494,malicious,attack 2,true positive
infrastructure,ignoring,320,user320,malicious,attack 2,false negative
business,ignoring,337,user337,malicious,attack 2,false negative
infrastructure,ignoring,550,user550,malicious,attack 2,false negative
business,ignoring,368,user368,malicious,attack 2,false negative
infrastructure,ignoring,892,user892,regular,no attack,true negative
infrastructure,metric,517,user517,malicious,attack 1,false positive
infrastructure,log,517,user517,malicious,attack 1,true positive
infrastructure,trace,517,user517,malicious,attack 1,false positive
business,ignoring,906,user906,malicious,attack 1,false negative
infrastructure,ignoring,221,user221,regular,no attack,true negative
infrastructure,ignoring,646,user646,malicious,attack 1,false negative
business,metric,100,user100,malicious,attack 2,false positive
business,log,100,user100,malicious,attack 2,false positive
business,trace,100,user100,malicious,attack 2,true positive
infrastructure,ignoring,147,user147,malicious,attack 1,false negative
business,metric,874,user874,regular,no attack,false positive
business,log,874,user874,regular,no attack,false positive
business,trace,874,user874,regular,no attack,false positive
business,ignoring,957,user957,malicious,attack 1,false negative
infrastructure,metric,557,user557,regular,no attack,false positive
infrastructure,log,557,user557,regular,no attack,false positive
infrastructure,trace,557,user557,regular,no attack,false positive
business,ignoring,498,user498,malicious,attack 2,false negative
business,ignoring,469,user469,malicious,attack 2,false negative
business,metric,286,user286,malicious,attack 1,false positive
business,log,286,user286,malicious,attack 1,true positive
business,trace,286,user286,malicious,attack 1,false positive
business,metric,507,user507,malicious,attack 2,false positive
business,log,507,user507,malicious,attack 2,false positive
business,trace,507,user507,malicious,attack 2,true positive
infrastructure,ignoring,141,user141,regular,no attack,true negative
infrastructure,metric,771,user771,regular,no attack,false positive
infrastructure,log,771,user771,regular,no attack,false positive
infrastructure,trace,771,user771,regular,no attack,false positive
infrastructure,metric,725,user725,regular,no attack,false positive
infrastructure,log,725,user725,regular,no attack,false positive
infrastructure,trace,725,user725,regular,no attack,false positive
infrastructure,ignoring,351,user351,malicious,attack 1,false negative
business,metric,875,user875,malicious,attack 2,false positive
business,log,875,user875,malicious,attack 2,false positive
business,trace,875,user875,malicious,attack 2,true positive
infrastructure,ignoring,505,user505,malicious,attack 1,false negative
business,ignoring,313,user313,malicious,attack 1,false negative
business,ignoring,568,user568,malicious,attack 1,false negative
infrastructure,ignoring,401,user401,malicious,attack 1,false negative
infrastructure,ignoring,632,user632,malicious,attack 1,false negative
business,metric,311,user311,malicious,attack 1,false positive
business,log,311,user311,malicious,attack 1,true positive
business,trace,311,user311,malicious,attack 1,false positive
business,metric,856,user856,regular,no attack,false positive
business,log,856,user856,regular,no attack,false positive
business,trace,856,user856,regular,no attack,false positive
business,metric,370,user370,malicious,attack 2,false positive
business,log,370,user370,malicious,attack 2,false positive
business,trace,370,user370,malicious,attack 2,true positive
infrastructure,ignoring,889,user889,malicious,attack 2,false negative
infrastructure,ignoring,534,user534,malicious,attack 1,false negative
business,ignoring,921,user921,malicious,attack 1,false negative
infrastructure,ignoring,184,user184,regular,no attack,true negative
business,ignoring,166,user166,regular,no attack,true negative
infrastructure,metric,763,user763,malicious,attack 2,false positive
infrastructure,log,763,user763,malicious,attack 2,false positive
infrastructure,trace,763,user763,malicious,attack 2,true positive
infrastructure,metric,480,user480,malicious,attack 2,false positive
infrastructure,log,480,user480,malicious,attack 2,false positive
infrastructure,trace,480,user480,malicious,attack 2,true positive
infrastructure,ignoring,375,user375,malicious,attack 1,false negative
business,metric,678,user678,regular,no attack,false positive
business,log,678,user678,regular,no attack,false positive
business,trace,678,user678,regular,no attack,false positive
business,ignoring,678,user678,regular,no attack,true negative
infrastructure,metric,918,user918,malicious,attack 1,false positive
infrastructure,log,918,user918,malicious,attack 1,true positive
infrastructure,trace,918,user918,malicious,attack 1,false positive
business,ignoring,222,user222,regular,no attack,true negative
infrastructure,ignoring,201,user201,regular,no attack,true negative
infrastructure,ignoring,98,user98,malicious,attack 2,false negative
business,ignoring,598,user598,regular,no attack,true negative
business,metric,500,user500,malicious,attack 2,false positive
business,log,500,user500,malicious,attack 2,false positive
business,trace,500,user500,malicious,attack 2,true positive
business,ignoring,82,user82,malicious,attack 1,false negative
business,metric,196,user196,malicious,attack 1,false positive
business,log,196,user196,malicious,attack 1,true positive
business,trace,196,user196,malicious,attack 1,false positive
infrastructure,ignoring,93,user93,malicious,attack 2,false negative
infrastructure,ignoring,212,user212,malicious,attack 1,false negative
infrastructure,metric,562,user562,malicious,attack 1,false positive
infrastructure,log,562,user562,malicious,attack 1,true positive
infrastructure,trace,562,user562,malicious,attack 1,false positive
business,metric,711,user711,malicious,attack 2,false positive
business,log,711,user711,malicious,attack 2,false positive
business,trace,711,user711,malicious,attack 2,true positive
business,metric,88,user88,malicious,attack 1,false positive
business,log,88,user88,malicious,attack 1,true positive
business,trace,88,user88,malicious,attack 1,false positive
infrastructure,metric,448,user448,malicious,attack 1,false positive
infrastructure,log,448,user448,malicious,attack 1,true positive
infrastructure,trace,448,user448,malicious,attack 1,false positive
business,ignoring,583,user583,malicious,attack 2,false negative
infrastructure,ignoring,528,user528,malicious,attack 1,false negative
business,metric,282,user282,malicious,attack 2,false positive
business,log,282,user282,malicious,attack 2,false positive
business,trace,282,user282,malicious,attack 2,true positive
infrastructure,metric,991,user991,regular,no attack,false positive
infrastructure,log,991,user991,regular,no attack,false positive
infrastructure,trace,991,user991,regular,no attack,false positive
business,metric,451,user451,malicious,attack 2,false positive
business,log,451,user451,malicious,attack 2,false positive
business,trace,451,user451,malicious,attack 2,true positive
infrastructure,metric,200,user200,regular,no attack,false positive
infrastructure,log,200,user200,regular,no attack,false positive
infrastructure,trace,200,user200,regular,no attack,false positive
infrastructure,metric,403,user403,regular,no attack,false positive
infrastructure,log,403,user403,regular,no attack,false positive
infrastructure,trace,403,user403,regular,no attack,false positive
business,metric,879,user879,regular,no attack,false positive
business,log,879,user879,regular,no attack,false positive
business,trace,879,user879,regular,no attack,false positive
infrastructure,metric,443,user443,malicious,attack 2,false positive
infrastructure,log,443,user443,malicious,attack 2,false positive
infrastructure,trace,443,user443,malicious,attack 2,true positive
business,metric,675,user675,malicious,attack 2,false positive
business,log,675,user675,malicious,attack 2,false positive
business,trace,675,user675,malicious,attack 2,true positive
business,metric,77,user77,malicious,attack 1,false positive
business,log,77,user77,malicious,attack 1,true positive
business,trace,77,user77,malicious,attack 1,false positive
infrastructure,metric,20,user20,malicious,attack 2,false positive
infrastructure,log,20,user20,malicious,attack 2,false positive
infrastructure,trace,20,user20,malicious,attack 2,true positive
business,metric,795,user795,regular,no attack,false positive
business,log,795,user795,regular,no attack,false positive
business,trace,795,user795,regular,no attack,false positive
business,metric,270,user270,regular,no attack,false positive
business,log,270,user270,regular,no attack,false positive
business,trace,270,user270,regular,no attack,false positive
business,metric,286,user286,malicious,attack 2,false positive
business,log,286,user286,malicious,attack 2,false positive
business,trace,286,user286,malicious,attack 2,true positive
infrastructure,metric,550,user550,malicious,attack 2,false positive
infrastructure,log,550,user550,malicious,attack 2,false positive
infrastructure,trace,550,user550,malicious,attack 2,true positive
infrastructure,ignoring,956,user956,regular,no attack,true negative
business,metric,958,user958,malicious,attack 1,false positive
business,log,958,user958,malicious,attack 1,true positive
business,trace,958,user958,malicious,attack 1,false positive
business,metric,466,user466,malicious,attack 1,false positive
business,log,466,user466,malicious,attack 1,true positive
business,trace,466,user466,malicious,attack 1,false positive
business,metric,425,user425,malicious,attack 1,false positive
business,log,425,user425,malicious,attack 1,true positive
business,trace,425,user425,malicious,attack 1,false positive
infrastructure,metric,674,user674,malicious,attack 1,false positive
infrastructure,log,674,user674,malicious,attack 1,true positive
infrastructure,trace,674,user674,malicious,attack 1,false positive
business,ignoring,816,user816,malicious,attack 1,false negative
business,metric,150,user150,malicious,attack 1,false positive
business,log,150,user150,malicious,attack 1,true positive
business,trace,150,user150,malicious,attack 1,false positive
business,ignoring,935,user935,malicious,attack 2,false negative
infrastructure,ignoring,635,user635,regular,no attack,true negative
business,ignoring,938,user938,malicious,attack 1,false negative
business,ignoring,599,user599,malicious,attack 2,false negative
business,metric,372,user372,regular,no attack,false positive
business,log,372,user372,regular,no attack,false positive
business,trace,372,user372,regular,no attack,false positive
business,metric,618,user618,malicious,attack 2,false positive
business,log,618,user618,malicious,attack 2,false positive
business,trace,618,user618,malicious,attack 2,true positive
infrastructure,ignoring,293,user293,regular,no attack,true negative
business,ignoring,382,user382,regular,no attack,true negative
business,metric,729,user729,malicious,attack 1,false positive
business,log,729,user729,malicious,attack 1,true positive
business,trace,729,user729,malicious,attack 1,false positive
infrastructure,metric,148,user148,malicious,attack 2,false positive
infrastructure,log,148,user148,malicious,attack 2,false positive
infrastructure,trace,148,user148,malicious,attack 2,true positive
infrastructure,ignoring,869,user869,regular,no attack,true negative
infrastructure,ignoring,522,user522,malicious,attack 2,false negative
business,ignoring,575,user575,malicious,attack 2,false negative
business,ignoring,237,user237,regular,no attack,true negative
business,metric,435,user435,malicious,attack 2,false positive
business,log,435,user435,malicious,attack 2,false positive
business,trace,435,user435,malicious,attack 2,true positive
business,metric,535,user535,malicious,attack 1,false positive
business,log,535,user535,malicious,attack 1,true positive
business,trace,535,user535,malicious,attack 1,false positive
infrastructure,metric,415,user415,malicious,attack 2,false positive
infrastructure,log,415,user415,malicious,attack 2,false positive
infrastructure,trace,415,user415,malicious,attack 2,true positive
business,metric,121,user121,regular,no attack,false positive
business,log,121,user121,regular,no attack,false positive
business,trace,121,user121,regular,no attack,false positive
infrastructure,ignoring,683,user683,regular,no attack,true negative
infrastructure,ignoring,551,user551,malicious,attack 2,false negative
infrastructure,ignoring,620,user620,regular,no attack,true negative
infrastructure,metric,901,user901,malicious,attack 2,false positive
infrastructure,log,901,user901,malicious,attack 2,false positive
infrastructure,trace,901,user901,malicious,attack 2,true positive
business,ignoring,993,user993,malicious,attack 2,false negative
infrastructure,ignoring,145,user145,regular,no attack,true negative
business,metric,162,user162,malicious,attack 2,false positive
business,log,162,user162,malicious,attack 2,false positive
business,trace,162,user162,malicious,attack 2,true positive
infrastructure,ignoring,89,user89,malicious,attack 1,false negative
infrastructure,metric,786,user786,malicious,attack 2,false positive
infrastructure,log,786,user786,malicious,attack 2,false positive
infrastructure,trace,786,user786,malicious,attack 2,true positive
infrastructure,ignoring,663,user663,malicious,attack 2,false negative
business,metric,773,user773,malicious,attack 2,false positive
business,log,773,user773,malicious,attack 2,false positive
business,trace,773,user773,malicious,attack 2,true positive
infrastructure,ignoring,743,user743,malicious,attack 1,false negative
infrastructure,metric,174,user174,regular,no attack,false positive
infrastructure,log,174,user174,regular,no attack,false positive
infrastructure,trace,174,user174,regular,no attack,false positive
business,metric,33,user33,regular,no attack,false positive
business,log,33,user33,regular,no attack,false positive
business,trace,33,user33,regular,no attack,false positive
infrastructure,ignoring,413,user413,malicious,attack 2,false negative
business,ignoring,910,user910,malicious,attack 2,false negative
business,metric,144,user144,regular,no attack,false positive
business,log,144,user144,regular,no attack,false positive
business,trace,144,user144,regular,no attack,false positive
business,metric,416,user416,regular,no attack,false positive
business,log,416,user416,regular,no attack,false positive
business,trace,416,user416,regular,no attack,false positive
infrastructure,metric,818,user818,malicious,attack 1,false positive
infrastructure,log,818,user818,malicious,attack 1,true positive
infrastructure,trace,818,user818,malicious,attack 1,false positive
business,metric,291,user291,malicious,attack 1,false positive
business,log,291,user291,malicious,attack 1,true positive
business,trace,291,user291,malicious,attack 1,false positive
infrastructure,ignoring,944,user944,malicious,attack 1,false negative
business,metric,667,user667,malicious,attack 2,false positive
business,log,667,user667,malicious,attack 2,false positive
business,trace,667,user667,malicious,attack 2,true positive
business,metric,27,user27,regular,no attack,false positive
business,log,27,user27,regular,no attack,false positive
business,trace,27,user27,regular,no attack,false positive
business,metric,473,user473,malicious,attack 1,false positive
business,log,473,user473,malicious,attack 1,true positive
business,trace,473,user473,malicious,attack 1,false positive
business,metric,547,user547,malicious,attack 2,false positive
business,log,547,user547,malicious,attack 2,false positive
business,trace,547,user547,malicious,attack 2,true positive
business,metric,440,user440,malicious,attack 2,false positive
business,log,440,user440,malicious,attack 2,false positive
business,trace,440,user440,malicious,attack 2,true positive
infrastructure,ignoring,224,user224,regular,no attack,true negative
business,metric,257,user257,malicious,attack 2,false positive
business,log,257,user257,malicious,attack 2,false positive
business,trace,257,user257,malicious,attack 2,true positive
business,metric,931,user931,regular,no attack,false positive
business,log,931,user931,regular,no attack,false positive
business,trace,931,user931,regular,no attack,false positive
infrastructure,metric,273,user273,regular,no attack,false positive
infrastructure,log,273,user273,regular,no attack,false positive
infrastructure,trace,273,user273,regular,no attack,false positive
business,metric,336,user336,malicious,attack 1,false positive
business,log,336,user336,malicious,attack 1,true positive
business,trace,336,user336,malicious,attack 1,false positive
business,ignoring,185,user185,malicious,attack 2,false negative
business,ignoring,751,user751,malicious,attack 1,false negative
infrastructure,metric,477,user477,malicious,attack 2,false positive
infrastructure,log,477,user477,malicious,attack 2,false positive
infrastructure,trace,477,user477,malicious,attack 2,true positive
infrastructure,ignoring,873,user873,regular,no attack,true negative
infrastructure,ignoring,227,user227,malicious,attack 1,false negative
infrastructure,metric,947,user947,regular,no attack,false positive
infrastructure,log,947,user947,regular,no attack,false positive
infrastructure,trace,947,user947,regular,no attack,false positive
business,ignoring,768,user768,malicious,attack 2,false negative
business,ignoring,311,user311,malicious,attack 2,false negative
business,ignoring,804,user804,regular,no attack,true negative
business,metric,430,user430,malicious,attack 1,false positive
business,log,430,user430,malicious,attack 1,true positive
business,trace,430,user430,malicious,attack 1,false positive
business,ignoring,883,user883,malicious,attack 2,false negative
business,metric,707,user707,malicious,attack 1,false positive
business,log,707,user707,malicious,attack 1,true positive
business,trace,707,user707,malicious,attack 1,false positive
business,ignoring,815,user815,malicious,attack 1,false negative
infrastructure,metric,364,user364,malicious,attack 2,false positive
infrastructure,log,364,user364,malicious,attack 2,false positive
infrastructure,trace,364,user364,malicious,attack 2,true positive
infrastructure,metric,311,user311,malicious,attack 1,false positive
infrastructure,log,311,user311,malicious,attack 1,true positive
infrastructure,trace,311,user311,malicious,attack 1,false positive
infrastructure,metric,255,user255,malicious,attack 1,false positive
infrastructure,log,255,user255,malicious,attack 1,true positive
infrastructure,trace,255,user255,malicious,attack 1,false positive
infrastructure,ignoring,143,user143,malicious,attack 1,false negative
infrastructure,ignoring,549,user549,malicious,attack 1,false negative
infrastructure,metric,282,user282,malicious,attack 1,false positive
infrastructure,log,282,user282,malicious,attack 1,true positive
infrastructure,trace,282,user282,malicious,attack 1,false positive
infrastructure,ignoring,614,user614,malicious,attack 1,false negative
infrastructure,ignoring,266,user266,malicious,attack 1,false negative
business,ignoring,424,user424,regular,no attack,true negative
infrastructure,ignoring,669,user669,malicious,attack 1,false negative
business,ignoring,764,user764,malicious,attack 2,false negative
business,metric,18,user18,regular,no attack,false positive
business,log,18,user18,regular,no attack,false positive
business,trace,18,user18,regular,no attack,false positive
infrastructure,metric,741,user741,regular,no attack,false positive
infrastructure,log,741,user741,regular,no attack,false positive
infrastructure,trace,741,user741,regular,no attack,false positive
infrastructure,ignoring,566,user566,malicious,attack 2,false negative
infrastructure,metric,149,user149,malicious,attack 1,false positive
infrastructure,log,149,user149,malicious,attack 1,true positive
infrastructure,trace,149,user149,malicious,attack 1,false positive
business,metric,364,user364,malicious,attack 2,false positive
business,log,364,user364,malicious,attack 2,false positive
business,trace,364,user364,malicious,attack 2,true positive
infrastructure,metric,333,user333,regular,no attack,false positive
infrastructure,log,333,user333,regular,no attack,false positive
infrastructure,trace,333,user333,regular,no attack,false positive
business,ignoring,514,user514,regular,no attack,true negative
business,ignoring,557,user557,regular,no attack,true negative
business,ignoring,217,user217,regular,no attack,true negative
business,ignoring,463,user463,malicious,attack 2,false negative
infrastructure,ignoring,302,user302,malicious,attack 1,false negative
business,metric,247,user247,malicious,attack 2,false positive
business,log,247,user247,malicious,attack 2,false positive
business,trace,247,user247,malicious,attack 2,true positive
business,ignoring,549,user549,malicious,attack 1,false negative
infrastructure,ignoring,40,user40,malicious,attack 1,false negative
infrastructure,ignoring,247,user247,malicious,attack 1,false negative
business,metric,957,user957,malicious,attack 1,false positive
business,log,957,user957,malicious,attack 1,true positive
business,trace,957,user957,malicious,attack 1,false positive
infrastructure,metric,529,user529,regular,no attack,false positive
infrastructure,log,529,user529,regular,no attack,false positive
infrastructure,trace,529,user529,regular,no attack,false positive
business,metric,521,user521,malicious,attack 1,false positive
business,log,521,user521,malicious,attack 1,true positive
business,trace,521,user521,malicious,attack 1,false positive
business,metric,143,user143,malicious,attack 2,false positive
business,log,143,user143,malicious,attack 2,false positive
business,trace,143,user143,malicious,attack 2,true positive
business,ignoring,290,user290,malicious,attack 2,false negative
business,ignoring,9,user9,malicious,attack 2,false negative
infrastructure,metric,763,user763,malicious,attack 1,false positive
infrastructure,log,763,user763,malicious,attack 1,true positive
infrastructure,trace,763,user763,malicious,attack 1,false positive
business,metric,416,user416,regular,no attack,false positive
business,log,416,user416,regular,no attack,false positive
business,trace,416,user416,regular,no attack,false positive
infrastructure,ignoring,586,user586,regular,no attack,true negative
business,metric,710,user710,malicious,attack 1,false positive
business,log,710,user710,malicious,attack 1,true positive
business,trace,710,user710,malicious,attack 1,false positive
business,ignoring,958,user958,malicious,attack 2,false negative
business,metric,251,user251,malicious,attack 1,false positive
business,log,251,user251,malicious,attack 1,true positive
business,trace,251,user251,malicious,attack 1,false positive
infrastructure,metric,806,user806,malicious,attack 1,false positive
infrastructure,log,806,user806,malicious,attack 1,true positive
infrastructure,trace,806,user806,malicious,attack 1,false positive
business,metric,491,user491,malicious,attack 2,false positive
business,log,491,user491,malicious,attack 2,false positive
business,trace,491,user491,malicious,attack 2,true positive
business,ignoring,434,user434,malicious,attack 2,false negative
business,ignoring,215,user215,malicious,attack 1,false negative
infrastructure,ignoring,753,user753,malicious,attack 1,false negative
infrastructure,metric,379,user379,malicious,attack 1,false positive
infrastructure,log,379,user379,malicious,attack 1,true positive
infrastructure,trace,379,user379,malicious,attack 1,false positive
infrastructure,metric,15,user15,malicious,attack 1,false positive
infrastructure,log,15,user15,malicious,attack 1,true positive
infrastructure,trace,15,user15,malicious,attack 1,false positive
business,ignoring,135,user135,malicious,attack 2,false negative
business,ignoring,337,user337,malicious,attack 1,false negative
infrastructure,ignoring,207,user207,regular,no attack,true negative
business,ignoring,66,user66,regular,no attack,true negative
business,metric,221,user221,regular,no attack,false positive
business,log,221,user221,regular,no attack,false positive
business,trace,221,user221,regular,no attack,false positive
business,metric,259,user259,malicious,attack 1,false positive
business,log,259,user259,malicious,attack 1,true positive
business,trace,259,user259,malicious,attack 1,false positive
business,metric,317,user317,malicious,attack 2,false positive
business,log,317,user317,malicious,attack 2,false positive
business,trace,317,user317,malicious,attack 2,true positive
infrastructure,ignoring,999,user999,regular,no attack,true negative
infrastructure,ignoring,593,user593,regular,no attack,true negative
business,ignoring,225,user225,malicious,attack 1,false negative
business,ignoring,253,user253,malicious,attack 2,false negative
infrastructure,ignoring,350,user350,malicious,attack 2,false negative
business,metric,980,user980,regular,no attack,false positive
business,log,980,user980,regular,no attack,false positive
business,trace,980,user980,regular,no attack,false positive
business,ignoring,363,user363,malicious,attack 2,false negative
infrastructure,metric,456,user456,malicious,attack 1,false positive
infrastructure,log,456,user456,malicious,attack 1,true positive
infrastructure,trace,456,user456,malicious,attack 1,false positive
infrastructure,ignoring,416,user416,regular,no attack,true negative
infrastructure,ignoring,206,user206,malicious,attack 1,false negative
infrastructure,metric,316,user316,malicious,attack 2,false positive
infrastructure,log,316,user316,malicious,attack 2,false positive
infrastructure,trace,316,user316,malicious,attack 2,true positive
business,metric,409,user409,malicious,attack 1,false positive
business,log,409,user409,malicious,attack 1,true positive
business,trace,409,user409,malicious,attack 1,false positive
infrastructure,metric,537,user537,malicious,attack 2,false positive
infrastructure,log,537,user537,malicious,attack 2,false positive
infrastructure,trace,537,user537,malicious,attack 2,true positive
infrastructure,ignoring,535,user535,malicious,attack 2,false negative
infrastructure,ignoring,921,user921,malicious,attack 2,false negative
business,ignoring,893,user893,malicious,attack 1,false negative
business,metric,921,user921,malicious,attack 2,false positive
business,log,921,user921,malicious,attack 2,false positive
business,trace,921,user921,malicious,attack 2,true positive
infrastructure,ignoring,673,user673,malicious,attack 2,false negative
business,ignoring,199,user199,malicious,attack 1,false negative
infrastructure,metric,259,user259,malicious,attack 1,false positive
infrastructure,log,259,user259,malicious,attack 1,true positive
infrastructure,trace,259,user259,malicious,attack 1,false positive
infrastructure,metric,953,user953,regular,no attack,false positive
infrastructure,log,953,user953,regular,no attack,false positive
infrastructure,trace,953,user953,regular,no attack,false positive
infrastructure,metric,385,user385,regular,no attack,false positive
infrastructure,log,385,user385,regular,no attack,false positive
infrastructure,trace,385,user385,regular,no attack,false positive
business,ignoring,553,user553,malicious,attack 2,false negative
infrastructure,metric,167,user167,malicious,attack 1,false positive
infrastructure,log,167,user167,malicious,attack 1,true positive
infrastructure,trace,167,user167,malicious,attack 1,false positive
business,ignoring,709,user709,malicious,attack 1,false negative
business,ignoring,773,user773,malicious,attack 1,false negative
business,metric,847,user847,malicious,attack 1,false positive
business,log,847,user847,malicious,attack 1,true positive
business,trace,847,user847,malicious,attack 1,false positive
business,ignoring,93,user93,malicious,attack 2,false negative
business,ignoring,941,user941,malicious,attack 1,false negative
infrastructure,metric,851,user851,malicious,attack 2,false positive
infrastructure,log,851,user851,malicious,attack 2,false positive
infrastructure,trace,851,user851,malicious,attack 2,true positive
business,ignoring,166,user166,regular,no attack,true negative
business,metric,211,user211,malicious,attack 2,false positive
business,log,211,user211,malicious,attack 2,false positive
business,trace,211,user211,malicious,attack 2,true positive
infrastructure,ignoring,375,user375,malicious,attack 1,false negative
business,metric,169,user169,malicious,attack 1,false positive
business,log,169,user169,malicious,attack 1,true positive
business,trace,169,user169,malicious,attack 1,false positive
infrastructure,metric,816,user816,malicious,attack 1,false positive
infrastructure,log,816,user816,malicious,attack 1,true positive
infrastructure,trace,816,user816,malicious,attack 1,false positive
infrastructure,metric,356,user356,malicious,attack 2,false positive
infrastructure,log,356,user356,malicious,attack 2,false positive
infrastructure,trace,356,user356,malicious,attack 2,true positive
business,metric,881,user881,malicious,attack 1,false positive
business,log,881,user881,malicious,attack 1,true positive
business,trace,881,user881,malicious,attack 1,false positive
business,ignoring,593,user593,regular,no attack,true negative
business,ignoring,147,user147,malicious,attack 2,false negative
business,metric,722,user722,malicious,attack 1,false positive
business,log,722,user722,malicious,attack 1,true positive
business,trace,722,user722,malicious,attack 1,false positive
business,metric,23,user23,regular,no attack,false positive
business,log,23,user23,regular,no attack,false positive
business,trace,23,user23,regular,no attack,false positive
infrastructure,metric,577,user577,malicious,attack 2,false positive
infrastructure,log,577,user577,malicious,attack 2,false positive
infrastructure,trace,577,user577,malicious,attack 2,true positive
infrastructure,metric,219,user219,malicious,attack 2,false positive
infrastructure,log,219,user219,malicious,attack 2,false positive
infrastructure,trace,219,user219,malicious,attack 2,true positive
business,metric,878,user878,malicious,attack 1,false positive
business,log,878,user878,malicious,attack 1,true positive
business,trace,878,user878,malicious,attack 1,false positive
business,ignoring,665,user665,malicious,attack 1,false negative
infrastructure,metric,670,user670,regular,no attack,false positive
infrastructure,log,670,user670,regular,no attack,false positive
infrastructure,trace,670,user670,regular,no attack,false positive
business,metric,226,user226,regular,no attack,false positive
business,log,226,user226,regular,no attack,false positive
business,trace,226,user226,regular,no attack,false positive
business,metric,61,user61,malicious,attack 2,false positive
business,log,61,user61,malicious,attack 2,false positive
business,trace,61,user61,malicious,attack 2,true positive
infrastructure,ignoring,378,user378,malicious,attack 1,false negative
business,ignoring,390,user390,regular,no attack,true negative
business,metric,54,user54,regular,no attack,false positive
business,log,54,user54,regular,no attack,false positive
business,trace,54,user54,regular,no attack,false positive
infrastructure,metric,458,user458,malicious,attack 2,false positive
infrastructure,log,458,user458,malicious,attack 2,false positive
infrastructure,trace,458,user458,malicious,attack 2,true positive
infrastructure,ignoring,230,user230,malicious,attack 1,false negative
business,ignoring,316,user316,malicious,attack 1,false negative
business,ignoring,4,user4,malicious,attack 1,false negative
infrastructure,ignoring,668,user668,malicious,attack 1,false negative
infrastructure,ignoring,666,user666,malicious,attack 1,false negative
infrastructure,metric,307,user307,regular,no attack,false positive
infrastructure,log,307,user307,regular,no attack,false positive
infrastructure,trace,307,user307,regular,no attack,false positive
infrastructure,ignoring,363,user363,malicious,attack 2,false negative
infrastructure,metric,67,user67,malicious,attack 2,false positive
infrastructure,log,67,user67,malicious,attack 2,false positive
infrastructure,trace,67,user67,malicious,attack 2,true positive
business,ignoring,89,user89,malicious,attack 2,false negative
business,ignoring,916,user916,regular,no attack,true negative
business,metric,745,user745,malicious,attack 2,false positive
business,log,745,user745,malicious,attack 2,false positive
business,trace,745,user745,malicious,attack 2,true positive
infrastructure,metric,509,user509,malicious,attack 1,false positive
infrastructure,log,509,user509,malicious,attack 1,true positive
infrastructure,trace,509,user509,malicious,attack 1,false positive
business,metric,133,user133,malicious,attack 2,false positive
business,log,133,user133,malicious,attack 2,false positive
business,trace,133,user133,malicious,attack 2,true positive
infrastructure,ignoring,955,user955,malicious,attack 2,false negative
business,metric,500,user500,malicious,attack 1,false positive
business,log,500,user500,malicious,attack 1,true positive
business,trace,500,user500,malicious,attack 1,false positive
infrastructure,ignoring,886,user886,malicious,attack 2,false negative
infrastructure,metric,262,user262,regular,no attack,false positive
infrastructure,log,262,user262,regular,no attack,false positive
infrastructure,trace,262,user262,regular,no attack,false positive
business,ignoring,342,user342,malicious,attack 2,false negative
infrastructure,metric,73,user73,malicious,attack 2,false positive
infrastructure,log,73,user73,malicious,attack 2,false positive
infrastructure,trace,73,user73,malicious,attack 2,true positive
infrastructure,metric,397,user397,malicious,attack 1,false positive
infrastructure,log,397,user397,malicious,attack 1,true positive
infrastructure,trace,397,user397,malicious,attack 1,false positive
business,metric,716,user716,regular,no attack,false positive
business,log,716,user716,regular,no attack,false positive
business,trace,716,user716,regular,no attack,false positive
infrastructure,ignoring,881,user881,malicious,attack 1,false negative
business,metric,118,user118,malicious,attack 1,false positive
business,log,118,user118,malicious,attack 1,true positive
business,trace,118,user118,malicious,attack 1,false positive
business,ignoring,479,user479,regular,no attack,true negative
business,ignoring,845,user845,malicious,attack 2,false negative
business,ignoring,756,user756,malicious,attack 2,false negative
infrastructure,metric,691,user691,malicious,attack 1,false positive
infrastructure,log,691,user691,malicious,attack 1,true positive
infrastructure,trace,691,user691,malicious,attack 1,false positive
infrastructure,ignoring,76,user76,malicious,attack 2,false negative
business,metric,469,user469,malicious,attack 2,false positive
business,log,469,user469,malicious,attack 2,false positive
business,trace,469,user469,malicious,attack 2,true positive
infrastructure,ignoring,249,user249,malicious,attack 1,false negative
business,ignoring,969,user969,regular,no attack,true negative
infrastructure,ignoring,467,user467,malicious,attack 1,false negative
infrastructure,metric,721,user721,regular,no attack,false positive
infrastructure,log,721,user721,regular,no attack,false positive
infrastructure,trace,721,user721,regular,no attack,false positive
business,ignoring,885,user885,regular,no attack,true negative
business,ignoring,702,user702,malicious,attack 1,false negative
business,ignoring,728,user728,malicious,attack 1,false negative
infrastructure,ignoring,610,user610,malicious,attack 2,false negative
business,metric,28,user28,malicious,attack 2,false positive
business,log,28,user28,malicious,attack 2,false positive
business,trace,28,user28,malicious,attack 2,true positive
infrastructure,metric,770,user770,malicious,attack 2,false positive
infrastructure,log,770,user770,malicious,attack 2,false positive
infrastructure,trace,770,user770,malicious,attack 2,true positive
infrastructure,metric,421,user421,malicious,attack 1,false positive
infrastructure,log,421,user421,malicious,attack 1,true positive
infrastructure,trace,421,user421,malicious,attack 1,false positive
business,metric,341,user341,regular,no attack,false positive
business,log,341,user341,regular,no attack,false positive
business,trace,341,user341,regular,no attack,false positive
business,ignoring,600,user600,malicious,attack 2,false negative
business,metric,706,user706,regular,no attack,false positive
business,log,706,user706,regular,no attack,false positive
business,trace,706,user706,regular,no attack,false positive
infrastructure,ignoring,173,user173,malicious,attack 1,false negative
infrastructure,metric,37,user37,malicious,attack 1,false positive
infrastructure,log,37,user37,malicious,attack 1,true positive
infrastructure,trace,37,user37,malicious,attack 1,false positive
infrastructure,metric,284,user284,malicious,attack 1,false positive
infrastructure,log,284,user284,malicious,attack 1,true positive
infrastructure,trace,284,user284,malicious,attack 1,false positive
business,metric,976,user976,malicious,attack 1,false positive
business,log,976,user976,malicious,attack 1,true positive
business,trace,976,user976,malicious,attack 1,false positive
business,metric,370,user370,malicious,attack 2,false positive
business,log,370,user370,malicious,attack 2,false positive
business,trace,370,user370,malicious,attack 2,true positive
business,metric,251,user251,malicious,attack 2,false positive
business,log,251,user251,malicious,attack 2,false positive
business,trace,251,user251,malicious,attack 2,true positive
business,metric,616,user616,malicious,attack 1,false positive
business,log,616,user616,malicious,attack 1,true positive
business,trace,616,user616,malicious,attack 1,false positive
infrastructure,metric,723,user723,malicious,attack 2,false positive
infrastructure,log,723,user723,malicious,attack 2,false positive
infrastructure,trace,723,user723,malicious,attack 2,true positive
business,ignoring,617,user617,malicious,attack 2,false negative
infrastructure,ignoring,906,user906,malicious,attack 1,false negative
business,metric,258,user258,malicious,attack 1,false positive
business,log,258,user258,malicious,attack 1,true positive
business,trace,258,user258,malicious,attack 1,false positive
infrastructure,ignoring,566,user566,malicious,attack 2,false negative
infrastructure,metric,14,user14,malicious,attack 1,false positive
infrastructure,log,14,user14,malicious,attack 1,true positive
infrastructure,trace,14,user14,malicious,attack 1,false positive
business,ignoring,276,user276,regular,no attack,true negative
infrastructure,metric,993,user993,malicious,attack 2,false positive
infrastructure,log,993,user993,malicious,attack 2,false positive
infrastructure,trace,993,user993,malicious,attack 2,true positive
business,metric,696,user696,malicious,attack 1,false positive
business,log,696,user696,malicious,attack 1,true positive
business,trace,696,user696,malicious,attack 1,false positive
infrastructure,metric,872,user872,regular,no attack,false positive
infrastructure,log,872,user872,regular,no attack,false positive
infrastructure,trace,872,user872,regular,no attack,false positive
business,metric,618,user618,malicious,attack 2,false positive
business,log,618,user618,malicious,attack 2,false positive
business,trace,618,user618,malicious,attack 2,true positive
business,ignoring,284,user284,malicious,attack 2,false negative
business,metric,623,user623,regular,no attack,false positive
business,log,623,user623,regular,no attack,false positive
business,trace,623,user623,regular,no attack,false positive
business,metric,314,user314,malicious,attack 2,false positive
business,log,314,user314,malicious,attack 2,false positive
business,trace,314,user314,malicious,attack 2,true positive
infrastructure,ignoring,721,user721,regular,no attack,true negative
business,ignoring,389,user389,malicious,attack 2,false negative
business,metric,660,user660,malicious,attack 1,false positive
business,log,660,user660,malicious,attack 1,true positive
business,trace,660,user660,malicious,attack 1,false positive
infrastructure,ignoring,685,user685,regular,no attack,true negative
business,metric,335,user335,malicious,attack 2,false positive
business,log,335,user335,malicious,attack 2,false positive
business,trace,335,user335,malicious,attack 2,true positive
infrastructure,ignoring,169,user169,malicious,attack 2,false negative
infrastructure,ignoring,726,user726,malicious,attack 1,false negative
business,ignoring,850,user850,regular,no attack,true negative
business,ignoring,732,user732,malicious,attack 1,false negative
business,metric,875,user875,malicious,attack 2,false positive
business,log,875,user875,malicious,attack 2,false positive
business,trace,875,user875,malicious,attack 2,true positive
business,ignoring,794,user794,malicious,attack 2,false negative
infrastructure,ignoring,570,user570,regular,no attack,true negative
infrastructure,ignoring,60,user60,regular,no attack,true negative
infrastructure,ignoring,594,user594,malicious,attack 1,false negative
business,ignoring,875,user875,malicious,attack 2,false negative
business,ignoring,68,user68,malicious,attack 1,false negative
infrastructure,ignoring,263,user263,malicious,attack 1,false negative
business,metric,338,user338,regular,no attack,false positive
business,log,338,user338,regular,no attack,false positive
business,trace,338,user338,regular,no attack,false positive
business,ignoring,270,user270,regular,no attack,true negative
business,metric,512,user512,malicious,attack 2,false positive
business,log,512,user512,malicious,attack 2,false positive
business,trace,512,user512,malicious,attack 2,true positive
infrastructure,metric,395,user395,regular,no attack,false positive
infrastructure,log,395,user395,regular,no attack,false positive
infrastructure,trace,395,user395,regular,no attack,false positive
business,ignoring,122,user122,malicious,attack 2,false negative
infrastructure,ignoring,354,user354,malicious,attack 1,false negative
business,metric,638,user638,regular,no attack,false positive
business,log,638,user638,regular,no attack,false positive
business,trace,638,user638,regular,no attack,false positive
business,metric,744,user744,regular,no attack,false positive
business,log,744,user744,regular,no attack,false positive
business,trace,744,user744,regular,no attack,false positive
infrastructure,metric,224,user224,regular,no attack,false positive
infrastructure,log,224,user224,regular,no attack,false positive
infrastructure,trace,224,user224,regular,no attack,false positive
business,ignoring,761,user761,malicious,attack 2,false negative
infrastructure,ignoring,715,user715,regular,no attack,true negative
infrastructure,ignoring,91,user91,malicious,attack 1,false negative
business,metric,18,user18,regular,no attack,false positive
business,log,18,user18,regular,no attack,false positive
business,trace,18,user18,regular,no attack,false positive
infrastructure,metric,368,user368,malicious,attack 1,false positive
infrastructure,log,368,user368,malicious,attack 1,true positive
infrastructure,trace,368,user368,malicious,attack 1,false positive
infrastructure,ignoring,790,user790,malicious,attack 2,false negative
business,ignoring,231,user231,malicious,attack 2,false negative
infrastructure,metric,727,user727,regular,no attack,false positive
infrastructure,log,727,user727,regular,no attack,false positive
infrastructure,trace,727,user727,regular,no attack,false positive
business,ignoring,209,user209,malicious,attack 1,false negative
infrastructure,metric,771,user771,regular,no attack,false positive
infrastructure,log,771,user771,regular,no attack,false positive
infrastructure,trace,771,user771,regular,no attack,false positive
business,metric,915,user915,malicious,attack 2,false positive
business,log,915,user915,malicious,attack 2,false positive
business,trace,915,user915,malicious,attack 2,true positive
business,metric,712,user712,malicious,attack 2,false positive
business,log,712,user712,malicious,attack 2,false positive
business,trace,712,user712,malicious,attack 2,true positive
infrastructure,metric,442,user442,regular,no attack,false positive
infrastructure,log,442,user442,regular,no attack,false positive
infrastructure,trace,442,user442,regular,no attack,false positive
business,ignoring,243,user243,regular,no attack,true negative
infrastructure,ignoring,283,user283,regular,no attack,true negative
infrastructure,metric,927,user927,regular,no attack,false positive
infrastructure,log,927,user927,regular,no attack,false positive
infrastructure,trace,927,user927,regular,no attack,false positive
infrastructure,ignoring,217,user217,regular,no attack,true negative
business,ignoring,352,user352,malicious,attack 1,false negative
business,ignoring,390,user390,regular,no attack,true negative
infrastructure,metric,964,user964,malicious,attack 2,false positive
infrastructure,log,964,user964,malicious,attack 2,false positive
infrastructure,trace,964,user964,malicious,attack 2,true positive
infrastructure,metric,42,user42,regular,no attack,false positive
infrastructure,log,42,user42,regular,no attack,false positive
infrastructure,trace,42,user42,regular,no attack,false positive
business,ignoring,581,user581,regular,no attack,true negative
business,metric,520,user520,malicious,attack 2,false positive
business,log,520,user520,malicious,attack 2,false positive
business,trace,520,user520,malicious,attack 2,true positive
business,ignoring,791,user791,malicious,attack 1,false negative
business,ignoring,482,user482,regular,no attack,true negative
infrastructure,ignoring,216,user216,malicious,attack 1,false negative
infrastructure,ignoring,219,user219,malicious,attack 2,false negative
infrastructure,metric,559,user559,regular,no attack,false positive
infrastructure,log,559,user559,regular,no attack,false positive
infrastructure,trace,559,user559,regular,no attack,false positive
infrastructure,ignoring,21,user21,malicious,attack 2,false negative
business,ignoring,377,user377,malicious,attack 1,false negative
business,metric,332,user332,malicious,attack 1,false positive
business,log,332,user332,malicious,attack 1,true positive
business,trace,332,user332,malicious,attack 1,false positive
business,metric,299,user299,malicious,attack 2,false positive
business,log,299,user299,malicious,attack 2,false positive
business,trace,299,user299,malicious,attack 2,true positive
business,metric,406,user406,regular,no attack,false positive
business,log,406,user406,regular,no attack,false positive
business,trace,406,user406,regular,no attack,false positive
business,metric,176,user176,malicious,attack 1,false positive
business,log,176,user176,malicious,attack 1,true positive
business,trace,176,user176,malicious,attack 1,false positive
business,ignoring,638,user638,regular,no attack,true negative
business,ignoring,454,user454,malicious,attack 2,false negative
infrastructure,ignoring,845,user845,malicious,attack 1,false negative
business,ignoring,703,user703,malicious,attack 1,false negative
infrastructure,metric,311,user311,malicious,attack 2,false positive
infrastructure,log,311,user311,malicious,attack 2,false positive
infrastructure,trace,311,user311,malicious,attack 2,true positive
infrastructure,ignoring,617,user617,malicious,attack 1,false negative
business,ignoring,613,user613,malicious,attack 2,false negative
infrastructure,ignoring,70,user70,malicious,attack 1,false negative
business,metric,33,user33,regular,no attack,false positive
business,log,33,user33,regular,no attack,false positive
business,trace,33,user33,regular,no attack,false positive
infrastructure,metric,941,user941,malicious,attack 2,false positive
infrastructure,log,941,user941,malicious,attack 2,false positive
infrastructure,trace,941,user941,malicious,attack 2,true positive
business,metric,572,user572,malicious,attack 1,false positive
business,log,572,user572,malicious,attack 1,true positive
business,trace,572,user572,malicious,attack 1,false positive
infrastructure,ignoring,169,user169,malicious,attack 1,false negative
infrastructure,ignoring,656,user656,regular,no attack,true negative
business,ignoring,992,user992,malicious,attack 2,false negative
infrastructure,metric,653,user653,malicious,attack 1,false positive
infrastructure,log,653,user653,malicious,attack 1,true positive
infrastructure,trace,653,user653,malicious,attack 1,false positive
infrastructure,metric,100,user100,malicious,attack 1,false positive
infrastructure,log,100,user100,malicious,attack 1,true positive
infrastructure,trace,100,user100,malicious,attack 1,false positive
infrastructure,metric,182,user182,malicious,attack 1,false positive
infrastructure,log,182,user182,malicious,attack 1,true positive
infrastructure,trace,182,user182,malicious,attack 1,false positive
infrastructure,metric,853,user853,malicious,attack 2,false positive
infrastructure,log,853,user853,malicious,attack 2,false positive
infrastructure,trace,853,user853,malicious,attack 2,true positive
business,metric,648,user648,regular,no attack,false positive
business,log,648,user648,regular,no attack,false positive
business,trace,648,user648,regular,no attack,false positive
infrastructure,metric,220,user220,regular,no attack,false positive
infrastructure,log,220,user220,regular,no attack,false positive
infrastructure,trace,220,user220,regular,no attack,false positive
infrastructure,metric,7,user7,malicious,attack 2,false positive
infrastructure,log,7,user7,malicious,attack 2,false positive
infrastructure,trace,7,user7,malicious,attack 2,true positive
infrastructure,metric,233,user233,malicious,attack 2,false positive
infrastructure,log,233,user233,malicious,attack 2,false positive
infrastructure,trace,233,user233,malicious,attack 2,true positive
business,metric,425,user425,malicious,attack 2,false positive
business,log,425,user425,malicious,attack 2,false positive
business,trace,425,user425,malicious,attack 2,true positive
infrastructure,ignoring,333,user333,regular,no attack,true negative
business,ignoring,221,user221,regular,no attack,true negative
business,metric,54,user54,regular,no attack,false positive
business,log,54,user54,regular,no attack,false positive
business,trace,54,user54,regular,no attack,false positive
business,ignoring,438,user438,malicious,attack 1,false negative
infrastructure,ignoring,359,user359,malicious,attack 1,false negative
infrastructure,ignoring,696,user696,malicious,attack 1,false negative
infrastructure,ignoring,214,user214,malicious,attack 1,false negative
infrastructure,metric,451,user451,malicious,attack 2,false positive
infrastructure,log,451,user451,malicious,attack 2,false positive
infrastructure,trace,451,user451,malicious,attack 2,true positive
infrastructure,metric,451,user451,malicious,attack 1,false positive
infrastructure,log,451,user451,malicious,attack 1,true positive
infrastructure,trace,451,user451,malicious,attack 1,false positive
infrastructure,ignoring,307,user307,regular,no attack,true negative
business,metric,434,user434,malicious,attack 2,false positive
business,log,434,user434,malicious,attack 2,false positive
business,trace,434,user434,malicious,attack 2,true positive
infrastructure,metric,840,user840,regular,no attack,false positive
infrastructure,log,840,user840,regular,no attack,false positive
infrastructure,trace,840,user840,regular,no attack,false positive
business,metric,621,user621,malicious,attack 2,false positive
business,log,621,user621,malicious,attack 2,false positive
business,trace,621,user621,malicious,attack 2,true positive
business,metric,601,user601,regular,no attack,false positive
business,log,601,user601,regular,no attack,false positive
business,trace,601,user601,regular,no attack,false positive
business,ignoring,364,user364,malicious,attack 2,false negative
infrastructure,ignoring,408,user408,regular,no attack,true negative
infrastructure,ignoring,735,user735,regular,no attack,true negative
infrastructure,ignoring,450,user450,malicious,attack 2,false negative
business,metric,964,user964,malicious,attack 1,false positive
business,log,964,user964,malicious,attack 1,true positive
business,trace,964,user964,malicious,attack 1,false positive
infrastructure,metric,104,user104,malicious,attack 1,false positive
infrastructure,log,104,user104,malicious,attack 1,true positive
infrastructure,trace,104,user104,malicious,attack 1,false positive
business,ignoring,395,user395,regular,no attack,true negative
business,metric,346,user346,regular,no attack,false positive
business,log,346,user346,regular,no attack,false positive
business,trace,346,user346,regular,no attack,false positive
business,ignoring,909,user909,regular,no attack,true negative
infrastructure,metric,882,user882,malicious,attack 1,false positive
infrastructure,log,882,user882,malicious,attack 1,true positive
infrastructure,trace,882,user882,malicious,attack 1,false positive
business,metric,662,user662,regular,no attack,false positive
business,log,662,user662,regular,no attack,false positive
business,trace,662,user662,regular,no attack,false positive
business,ignoring,362,user362,regular,no attack,true negative
business,metric,555,user555,regular,no attack,false positive
business,log,555,user555,regular,no attack,false positive
business,trace,555,user555,regular,no attack,false positive
infrastructure,metric,907,user907,regular,no attack,false positive
infrastructure,log,907,user907,regular,no attack,false positive
infrastructure,trace,907,user907,regular,no attack,false positive
business,metric,743,user743,malicious,attack 1,false positive
business,log,743,user743,malicious,attack 1,true positive
business,trace,743,user743,malicious,attack 1,false positive
infrastructure,metric,875,user875,malicious,attack 1,false positive
infrastructure,log,875,user875,malicious,attack 1,true positive
infrastructure,trace,875,user875,malicious,attack 1,false positive
infrastructure,metric,100,user100,malicious,attack 1,false positive
infrastructure,log,100,user100,malicious,attack 1,true positive
infrastructure,trace,100,user100,malicious,attack 1,false positive
infrastructure,metric,322,user322,regular,no attack,false positive
infrastructure,log,322,user322,regular,no attack,false positive
infrastructure,trace,322,user322,regular,no attack,false positive
business,metric,387,user387,regular,no attack,false positive
business,log,387,user387,regular,no attack,false positive
business,trace,387,user387,regular,no attack,false positive
infrastructure,metric,134,user134,malicious,attack 2,false positive
infrastructure,log,134,user134,malicious,attack 2,false positive
infrastructure,trace,134,user134,malicious,attack 2,true positive
business,metric,46,user46,regular,no attack,false positive
business,log,46,user46,regular,no attack,false positive
business,trace,46,user46,regular,no attack,false positive
infrastructure,ignoring,594,user594,malicious,attack 1,false negative
business,metric,497,user497,malicious,attack 1,false positive
business,log,497,user497,malicious,attack 1,true positive
business,trace,497,user497,malicious,attack 1,false positive
infrastructure,metric,995,user995,regular,no attack,false positive
infrastructure,log,995,user995,regular,no attack,false positive
infrastructure,trace,995,user995,regular,no attack,false positive
infrastructure,ignoring,675,user675,malicious,attack 1,false negative
infrastructure,metric,703,user703,malicious,attack 2,false positive
infrastructure,log,703,user703,malicious,attack 2,false positive
infrastructure,trace,703,user703,malicious,attack 2,true positive
business,metric,88,user88,malicious,attack 2,false positive
business,log,88,user88,malicious,attack 2,false positive
business,trace,88,user88,malicious,attack 2,true positive
business,metric,214,user214,malicious,attack 1,false positive
business,log,214,user214,malicious,attack 1,true positive
business,trace,214,user214,malicious,attack 1,false positive
business,ignoring,590,user590,malicious,attack 2,false negative
infrastructure,metric,704,user704,regular,no attack,false positive
infrastructure,log,704,user704,regular,no attack,false positive
infrastructure,trace,704,user704,regular,no attack,false positive
infrastructure,ignoring,480,user480,malicious,attack 2,false negative
business,ignoring,487,user487,malicious,attack 1,false negative
infrastructure,ignoring,461,user461,malicious,attack 1,false negative
business,metric,286,user286,malicious,attack 2,false positive
business,log,286,user286,malicious,attack 2,false positive
business,trace,286,user286,malicious,attack 2,true positive
infrastructure,metric,280,user280,malicious,attack 1,false positive
infrastructure,log,280,user280,malicious,attack 1,true positive
infrastructure,trace,280,user280,malicious,attack 1,false positive
business,metric,847,user847,malicious,attack 1,false positive
business,log,847,user847,malicious,attack 1,true positive
business,trace,847,user847,malicious,attack 1,false positive
infrastructure,metric,27,user27,regular,no attack,false positive
infrastructure,log,27,user27,regular,no attack,false positive
infrastructure,trace,27,user27,regular,no attack,false positive
infrastructure,ignoring,852,user852,regular,no attack,true negative
business,ignoring,393,user393,malicious,attack 2,false negative
business,ignoring,321,user321,malicious,attack 1,false negative
business,metric,163,user163,regular,no attack,false positive
business,log,163,user163,regular,no attack,false positive
business,trace,163,user163,regular,no attack,false positive
infrastructure,metric,554,user554,malicious,attack 1,false positive
infrastructure,log,554,user554,malicious,attack 1,true positive
infrastructure,trace,554,user554,malicious,attack 1,false positive
business,metric,163,user163,regular,no attack,false positive
business,log,163,user163,regular,no attack,false positive
business,trace,163,user163,regular,no attack,false positive
business,metric,447,user447,malicious,attack 1,false positive
business,log,447,user447,malicious,attack 1,true positive
business,trace,447,user447,malicious,attack 1,false positive
infrastructure,ignoring,726,user726,malicious,attack 1,false negative
business,metric,125,user125,malicious,attack 1,false positive
business,log,125,user125,malicious,attack 1,true positive
business,trace,125,user125,malicious,attack 1,false positive
infrastructure,metric,790,user790,malicious,attack 1,false positive
infrastructure,log,790,user790,malicious,attack 1,true positive
infrastructure,trace,790,user790,malicious,attack 1,false positive
infrastructure,ignoring,38,user38,regular,no attack,true negative
infrastructure,metric,349,user349,malicious,attack 1,false positive
infrastructure,log,349,user349,malicious,attack 1,true positive
infrastructure,trace,349,user349,malicious,attack 1,false positive
business,metric,496,user496,malicious,attack 1,false positive
business,log,496,user496,malicious,attack 1,true positive
business,trace,496,user496,malicious,attack 1,false positive
business,metric,36,user36,malicious,attack 1,false positive
business,log,36,user36,malicious,attack 1,true positive
business,trace,36,user36,malicious,attack 1,false positive
infrastructure,metric,671,user671,malicious,attack 1,false positive
infrastructure,log,671,user671,malicious,attack 1,true positive
infrastructure,trace,671,user671,malicious,attack 1,false positive
business,ignoring,907,user907,regular,no attack,true negative
infrastructure,ignoring,639,user639,malicious,attack 2,false negative
business,ignoring,681,user681,regular,no attack,true negative
business,ignoring,542,user542,malicious,attack 2,false negative
infrastructure,ignoring,703,user703,malicious,attack 2,false negative
business,ignoring,939,user939,malicious,attack 1,false negative
business,ignoring,542,user542,malicious,attack 1,false negative
infrastructure,metric,947,user947,regular,no attack,false positive
infrastructure,log,947,user947,regular,no attack,false positive
infrastructure,trace,947,user947,regular,no attack,false positive
business,metric,531,user531,malicious,attack 1,false positive
business,log,531,user531,malicious,attack 1,true positive
business,trace,531,user531,malicious,attack 1,false positive
infrastructure,metric,463,user463,malicious,attack 2,false positive
infrastructure,log,463,user463,malicious,attack 2,false positive
infrastructure,trace,463,user463,malicious,attack 2,true positive
business,ignoring,525,user525,regular,no attack,true negative
infrastructure,ignoring,499,user499,malicious,attack 2,false negative
business,ignoring,503,user503,malicious,attack 2,false negative
infrastructure,metric,98,user98,malicious,attack 1,false positive
infrastructure,log,98,user98,malicious,attack 1,true positive
infrastructure,trace,98,user98,malicious,attack 1,false positive
business,ignoring,796,user796,regular,no attack,true negative
infrastructure,ignoring,80,user80,malicious,attack 1,false negative
business,ignoring,771,user771,regular,no attack,true negative
infrastructure,metric,808,user808,malicious,attack 2,false positive
infrastructure,log,808,user808,malicious,attack 2,false positive
infrastructure,trace,808,user808,malicious,attack 2,true positive
business,ignoring,82,user82,malicious,attack 2,false negative
business,ignoring,283,user283,regular,no attack,true negative
infrastructure,metric,465,user465,malicious,attack 1,false positive
infrastructure,log,465,user465,malicious,attack 1,true positive
infrastructure,trace,465,user465,malicious,attack 1,false positive
business,metric,661,user661,regular,no attack,false positive
business,log,661,user661,regular,no attack,false positive
business,trace,661,user661,regular,no attack,false positive
infrastructure,metric,643,user643,malicious,attack 1,false positive
infrastructure,log,643,user643,malicious,attack 1,true positive
infrastructure,trace,643,user643,malicious,attack 1,false positive
infrastructure,metric,546,user546,malicious,attack 1,false positive
infrastructure,log,546,user546,malicious,attack 1,true positive
infrastructure,trace,546,user546,malicious,attack 1,false positive
business,metric,522,user522,malicious,attack 2,false positive
business,log,522,user522,malicious,attack 2,false positive
business,trace,522,user522,malicious,attack 2,true positive
infrastructure,metric,811,user811,malicious,attack 1,false positive
infrastructure,log,811,user811,malicious,attack 1,true positive
infrastructure,trace,811,user811,malicious,attack 1,false positive
business,ignoring,336,user336,malicious,attack 2,false negative
business,metric,920,user920,malicious,attack 1,false positive
business,log,920,user920,malicious,attack 1,true positive
business,trace,920,user920,malicious,attack 1,false positive
infrastructure,metric,537,user537,malicious,attack 2,false positive
infrastructure,log,537,user537,malicious,attack 2,false positive
infrastructure,trace,537,user537,malicious,attack 2,true positive
infrastructure,ignoring,304,user304,regular,no attack,true negative
business,metric,329,user329,regular,no attack,false positive
business,log,329,user329,regular,no attack,false positive
business,trace,329,user329,regular,no attack,false positive
business,ignoring,622,user622,regular,no attack,true negative
business,metric,474,user474,malicious,attack 2,false positive
business,log,474,user474,malicious,attack 2,false positive
business,trace,474,user474,malicious,attack 2,true positive
business,ignoring,306,user306,regular,no attack,true negative
infrastructure,ignoring,581,user581,regular,no attack,true negative
business,metric,880,user880,malicious,attack 1,false positive
business,log,880,user880,malicious,attack 1,true positive
business,trace,880,user880,malicious,attack 1,false positive
business,ignoring,806,user806,malicious,attack 1,false negative
business,metric,813,user813,malicious,attack 1,false positive
business,log,813,user813,malicious,attack 1,true positive
business,trace,813,user813,malicious,attack 1,false positive
business,ignoring,715,user715,regular,no attack,true negative
infrastructure,ignoring,510,user510,malicious,attack 2,false negative
infrastructure,metric,97,user97,malicious,attack 2,false positive
infrastructure,log,97,user97,malicious,attack 2,false positive
infrastructure,trace,97,user97,malicious,attack 2,true positive
business,metric,246,user246,regular,no attack,false positive
business,log,246,user246,regular,no attack,false positive
business,trace,246,user246,regular,no attack,false positive
business,metric,583,user583,malicious,attack 1,false positive
business,log,583,user583,malicious,attack 1,true positive
business,trace,583,user583,malicious,attack 1,false positive
business,ignoring,736,user736,malicious,attack 2,false negative
business,metric,280,user280,malicious,attack 2,false positive
business,log,280,user280,malicious,attack 2,false positive
business,trace,280,user280,malicious,attack 2,true positive
infrastructure,ignoring,376,user376,malicious,attack 2,false negative
business,ignoring,96,user96,regular,no attack,true negative
business,metric,577,user577,malicious,attack 1,false positive
business,log,577,user577,malicious,attack 1,true positive
business,trace,577,user577,malicious,attack 1,false positive
infrastructure,ignoring,171,user171,regular,no attack,true negative
infrastructure,metric,12,user12,malicious,attack 2,false positive
infrastructure,log,12,user12,malicious,attack 2,false positive
infrastructure,trace,12,user12,malicious,attack 2,true positive
infrastructure,ignoring,807,user807,malicious,attack 2,false negative
business,ignoring,945,user945,regular,no attack,true negative
infrastructure,metric,590,user590,malicious,attack 1,false positive
infrastructure,log,590,user590,malicious,attack 1,true positive
infrastructure,trace,590,user590,malicious,attack 1,false positive
infrastructure,ignoring,137,user137,malicious,attack 2,false negative
infrastructure,metric,896,user896,malicious,attack 1,false positive
infrastructure,log,896,user896,malicious,attack 1,true positive
infrastructure,trace,896,user896,malicious,attack 1,false positive
infrastructure,ignoring,732,user732,malicious,attack 1,false negative
infrastructure,ignoring,286,user286,malicious,attack 2,false negative
business,ignoring,967,user967,malicious,attack 1,false negative
infrastructure,ignoring,906,user906,malicious,attack 2,false negative
business,metric,315,user315,regular,no attack,false positive
business,log,315,user315,regular,no attack,false positive
business,trace,315,user315,regular,no attack,false positive
business,metric,270,user270,regular,no attack,false positive
business,log,270,user270,regular,no attack,false positive
business,trace,270,user270,regular,no attack,false positive
business,metric,400,user400,malicious,attack 2,false positive
business,log,400,user400,malicious,attack 2,false positive
business,trace,400,user400,malicious,attack 2,true positive
infrastructure,metric,784,user784,malicious,attack 2,false positive
infrastructure,log,784,user784,malicious,attack 2,false positive
infrastructure,trace,784,user784,malicious,attack 2,true positive
infrastructure,metric,504,user504,malicious,attack 2,false positive
infrastructure,log,504,user504,malicious,attack 2,false positive
infrastructure,trace,504,user504,malicious,attack 2,true positive
