business,metric,7691,user7691,malicious,attack 2,false positive
business,log,7691,user7691,malicious,attack 2,false positive
business,trace,7691,user7691,malicious,attack 2,true positive
infrastructure,metric,241,user241,malicious,attack 2,false positive
infrastructure,log,241,user241,malicious,attack 2,false positive
infrastructure,trace,241,user241,malicious,attack 2,true positive
infrastructure,metric,1381,user1381,regular,no attack,false positive
infrastructure,log,1381,user1381,regular,no attack,false positive
infrastructure,trace,1381,user1381,regular,no attack,false positive
infrastructure,metric,8388,user8388,malicious,attack 2,false positive
infrastructure,log,8388,user8388,malicious,attack 2,false positive
infrastructure,trace,8388,user8388,malicious,attack 2,true positive
business,metric,1985,user1985,malicious,attack 1,false positive
business,log,1985,user1985,malicious,attack 1,true positive
business,trace,1985,user1985,malicious,attack 1,false positive
business,metric,1533,user1533,malicious,attack 1,false positive
business,log,1533,user1533,malicious,attack 1,true positive
business,trace,1533,user1533,malicious,attack 1,false positive
business,metric,8403,user8403,malicious,attack 1,false positive
business,log,8403,user8403,malicious,attack 1,true positive
business,trace,8403,user8403,malicious,attack 1,false positive
infrastructure,metric,8397,user8397,malicious,attack 2,false positive
infrastructure,log,8397,user8397,malicious,attack 2,false positive
infrastructure,trace,8397,user8397,malicious,attack 2,true positive
business,metric,8375,user8375,regular,no attack,false positive
business,log,8375,user8375,regular,no attack,false positive
business,trace,8375,user8375,regular,no attack,false positive
infrastructure,metric,4533,user4533,malicious,attack 2,false positive
infrastructure,log,4533,user4533,malicious,attack 2,false positive
infrastructure,trace,4533,user4533,malicious,attack 2,true positive
business,metric,2269,user2269,regular,no attack,false positive
business,log,2269,user2269,regular,no attack,false positive
business,trace,2269,user2269,regular,no attack,false positive
infrastructure,metric,1849,user1849,malicious,attack 1,false positive
infrastructure,log,1849,user1849,malicious,attack 1,true positive
infrastructure,trace,1849,user1849,malicious,attack 1,false positive
infrastructure,metric,394,user394,regular,no attack,false positive
infrastructure,log,394,user394,regular,no attack,false positive
infrastructure,trace,394,user394,regular,no attack,false positive
business,metric,8995,user8995,regular,no attack,false positive
business,log,8995,user8995,regular,no attack,false positive
business,trace,8995,user8995,regular,no attack,false positive
infrastructure,metric,9772,user9772,malicious,attack 2,false positive
infrastructure,log,9772,user9772,malicious,attack 2,false positive
infrastructure,trace,9772,user9772,malicious,attack 2,true positive
business,metric,937,user937,malicious,attack 2,false positive
business,log,937,user937,malicious,attack 2,false positive
business,trace,937,user937,malicious,attack 2,true positive
business,metric,5952,user5952,regular,no attack,false positive
business,log,5952,user5952,regular,no attack,false positive
business,trace,5952,user5952,regular,no attack,false positive
infrastructure,metric,6192,user6192,malicious,attack 2,false positive
infrastructure,log,6192,user6192,malicious,attack 2,false positive
infrastructure,trace,6192,user6192,malicious,attack 2,true positive
infrastructure,metric,6554,user6554,regular,no attack,false positive
infrastructure,log,6554,user6554,regular,no attack,false positive
infrastructure,trace,6554,user6554,regular,no attack,false positive
infrastructure,metric,4225,user4225,regular,no attack,false positive
infrastructure,log,4225,user4225,regular,no attack,false positive
infrastructure,trace,4225,user4225,regular,no attack,false positive
infrastructure,metric,8043,user8043,malicious,attack 2,false positive
infrastructure,log,8043,user8043,malicious,attack 2,false positive
infrastructure,trace,8043,user8043,malicious,attack 2,true positive
infrastructure,metric,6228,user6228,malicious,attack 2,false positive
infrastructure,log,6228,user6228,malicious,attack 2,false positive
infrastructure,trace,6228,user6228,malicious,attack 2,true positive
business,metric,174,user174,malicious,attack 1,false positive
business,log,174,user174,malicious,attack 1,true positive
business,trace,174,user174,malicious,attack 1,false positive
infrastructure,metric,1759,user1759,malicious,attack 1,false positive
infrastructure,log,1759,user1759,malicious,attack 1,true positive
infrastructure,trace,1759,user1759,malicious,attack 1,false positive
infrastructure,metric,3929,user3929,malicious,attack 2,false positive
infrastructure,log,3929,user3929,malicious,attack 2,false positive
infrastructure,trace,3929,user3929,malicious,attack 2,true positive
business,metric,1576,user1576,regular,no attack,false positive
business,log,1576,user1576,regular,no attack,false positive
business,trace,1576,user1576,regular,no attack,false positive
business,metric,2339,user2339,malicious,attack 1,false positive
business,log,2339,user2339,malicious,attack 1,true positive
business,trace,2339,user2339,malicious,attack 1,false positive
business,metric,6865,user6865,malicious,attack 2,false positive
business,log,6865,user6865,malicious,attack 2,false positive
business,trace,6865,user6865,malicious,attack 2,true positive
infrastructure,metric,9990,user9990,malicious,attack 1,false positive
infrastructure,log,9990,user9990,malicious,attack 1,true positive
infrastructure,trace,9990,user9990,malicious,attack 1,false positive
business,metric,2617,user2617,regular,no attack,false positive
business,log,2617,user2617,regular,no attack,false positive
business,trace,2617,user2617,regular,no attack,false positive
infrastructure,metric,7379,user7379,regular,no attack,false positive
infrastructure,log,7379,user7379,regular,no attack,false positive
infrastructure,trace,7379,user7379,regular,no attack,false positive
infrastructure,metric,9907,user9907,malicious,attack 2,false positive
infrastructure,log,9907,user9907,malicious,attack 2,false positive
infrastructure,trace,9907,user9907,malicious,attack 2,true positive
business,metric,9209,user9209,malicious,attack 1,false positive
business,log,9209,user9209,malicious,attack 1,true positive
business,trace,9209,user9209,malicious,attack 1,false positive
infrastructure,metric,4568,user4568,regular,no attack,false positive
infrastructure,log,4568,user4568,regular,no attack,false positive
infrastructure,trace,4568,user4568,regular,no attack,false positive
infrastructure,metric,637,user637,malicious,attack 2,false positive
infrastructure,log,637,user637,malicious,attack 2,false positive
infrastructure,trace,637,user637,malicious,attack 2,true positive
infrastructure,metric,9870,user9870,malicious,attack 1,false positive
infrastructure,log,9870,user9870,malicious,attack 1,true positive
infrastructure,trace,9870,user9870,malicious,attack 1,false positive
infrastructure,metric,2845,user2845,malicious,attack 2,false positive
infrastructure,log,2845,user2845,malicious,attack 2,false positive
infrastructure,trace,2845,user2845,malicious,attack 2,true positive
business,metric,844,user844,regular,no attack,false positive
business,log,844,user844,regular,no attack,false positive
business,trace,844,user844,regular,no attack,false positive
business,metric,5034,user5034,malicious,attack 2,false positive
business,log,5034,user5034,malicious,attack 2,false positive
business,trace,5034,user5034,malicious,attack 2,true positive
infrastructure,metric,1663,user1663,malicious,attack 1,false positive
infrastructure,log,1663,user1663,malicious,attack 1,true positive
infrastructure,trace,1663,user1663,malicious,attack 1,false positive
infrastructure,metric,6646,user6646,malicious,attack 1,false positive
infrastructure,log,6646,user6646,malicious,attack 1,true positive
infrastructure,trace,6646,user6646,malicious,attack 1,false positive
infrastructure,metric,3243,user3243,malicious,attack 2,false positive
infrastructure,log,3243,user3243,malicious,attack 2,false positive
infrastructure,trace,3243,user3243,malicious,attack 2,true positive
infrastructure,metric,1719,user1719,malicious,attack 1,false positive
infrastructure,log,1719,user1719,malicious,attack 1,true positive
infrastructure,trace,1719,user1719,malicious,attack 1,false positive
infrastructure,metric,3840,user3840,regular,no attack,false positive
infrastructure,log,3840,user3840,regular,no attack,false positive
infrastructure,trace,3840,user3840,regular,no attack,false positive
business,metric,1994,user1994,malicious,attack 2,false positive
business,log,1994,user1994,malicious,attack 2,false positive
business,trace,1994,user1994,malicious,attack 2,true positive
business,metric,659,user659,malicious,attack 2,false positive
business,log,659,user659,malicious,attack 2,false positive
business,trace,659,user659,malicious,attack 2,true positive
infrastructure,metric,2847,user2847,malicious,attack 2,false positive
infrastructure,log,2847,user2847,malicious,attack 2,false positive
infrastructure,trace,2847,user2847,malicious,attack 2,true positive
business,metric,9607,user9607,regular,no attack,false positive
business,log,9607,user9607,regular,no attack,false positive
business,trace,9607,user9607,regular,no attack,false positive
business,metric,859,user859,malicious,attack 2,false positive
business,log,859,user859,malicious,attack 2,false positive
business,trace,859,user859,malicious,attack 2,true positive
business,metric,3987,user3987,regular,no attack,false positive
business,log,3987,user3987,regular,no attack,false positive
business,trace,3987,user3987,regular,no attack,false positive
infrastructure,metric,3018,user3018,regular,no attack,false positive
infrastructure,log,3018,user3018,regular,no attack,false positive
infrastructure,trace,3018,user3018,regular,no attack,false positive
business,metric,2496,user2496,regular,no attack,false positive
business,log,2496,user2496,regular,no attack,false positive
business,trace,2496,user2496,regular,no attack,false positive
infrastructure,metric,2177,user2177,malicious,attack 2,false positive
infrastructure,log,2177,user2177,malicious,attack 2,false positive
infrastructure,trace,2177,user2177,malicious,attack 2,true positive
business,metric,1429,user1429,malicious,attack 2,false positive
business,log,1429,user1429,malicious,attack 2,false positive
business,trace,1429,user1429,malicious,attack 2,true positive
infrastructure,metric,7142,user7142,regular,no attack,false positive
infrastructure,log,7142,user7142,regular,no attack,false positive
infrastructure,trace,7142,user7142,regular,no attack,false positive
infrastructure,metric,8305,user8305,malicious,attack 1,false positive
infrastructure,log,8305,user8305,malicious,attack 1,true positive
infrastructure,trace,8305,user8305,malicious,attack 1,false positive
business,metric,3811,user3811,malicious,attack 1,false positive
business,log,3811,user3811,malicious,attack 1,true positive
business,trace,3811,user3811,malicious,attack 1,false positive
business,metric,7488,user7488,regular,no attack,false positive
business,log,7488,user7488,regular,no attack,false positive
business,trace,7488,user7488,regular,no attack,false positive
infrastructure,metric,6116,user6116,malicious,attack 1,false positive
infrastructure,log,6116,user6116,malicious,attack 1,true positive
infrastructure,trace,6116,user6116,malicious,attack 1,false positive
business,metric,2702,user2702,malicious,attack 2,false positive
business,log,2702,user2702,malicious,attack 2,false positive
business,trace,2702,user2702,malicious,attack 2,true positive
business,metric,7826,user7826,malicious,attack 2,false positive
business,log,7826,user7826,malicious,attack 2,false positive
business,trace,7826,user7826,malicious,attack 2,true positive
business,metric,9913,user9913,malicious,attack 2,false positive
business,log,9913,user9913,malicious,attack 2,false positive
business,trace,9913,user9913,malicious,attack 2,true positive
business,metric,8107,user8107,malicious,attack 1,false positive
business,log,8107,user8107,malicious,attack 1,true positive
business,trace,8107,user8107,malicious,attack 1,false positive
infrastructure,metric,5919,user5919,regular,no attack,false positive
infrastructure,log,5919,user5919,regular,no attack,false positive
infrastructure,trace,5919,user5919,regular,no attack,false positive
business,metric,8112,user8112,malicious,attack 2,false positive
business,log,8112,user8112,malicious,attack 2,false positive
business,trace,8112,user8112,malicious,attack 2,true positive
business,metric,3700,user3700,regular,no attack,false positive
business,log,3700,user3700,regular,no attack,false positive
business,trace,3700,user3700,regular,no attack,false positive
infrastructure,metric,3423,user3423,malicious,attack 2,false positive
infrastructure,log,3423,user3423,malicious,attack 2,false positive
infrastructure,trace,3423,user3423,malicious,attack 2,true positive
business,metric,8405,user8405,regular,no attack,false positive
business,log,8405,user8405,regular,no attack,false positive
business,trace,8405,user8405,regular,no attack,false positive
business,metric,6577,user6577,malicious,attack 2,false positive
business,log,6577,user6577,malicious,attack 2,false positive
business,trace,6577,user6577,malicious,attack 2,true positive
business,metric,6668,user6668,regular,no attack,false positive
business,log,6668,user6668,regular,no attack,false positive
business,trace,6668,user6668,regular,no attack,false positive
infrastructure,metric,3979,user3979,regular,no attack,false positive
infrastructure,log,3979,user3979,regular,no attack,false positive
infrastructure,trace,3979,user3979,regular,no attack,false positive
business,metric,1698,user1698,malicious,attack 2,false positive
business,log,1698,user1698,malicious,attack 2,false positive
business,trace,1698,user1698,malicious,attack 2,true positive
business,metric,4415,user4415,regular,no attack,false positive
business,log,4415,user4415,regular,no attack,false positive
business,trace,4415,user4415,regular,no attack,false positive
infrastructure,metric,1798,user1798,malicious,attack 1,false positive
infrastructure,log,1798,user1798,malicious,attack 1,true positive
infrastructure,trace,1798,user1798,malicious,attack 1,false positive
business,metric,8643,user8643,regular,no attack,false positive
business,log,8643,user8643,regular,no attack,false positive
business,trace,8643,user8643,regular,no attack,false positive
business,metric,5368,user5368,malicious,attack 2,false positive
business,log,5368,user5368,malicious,attack 2,false positive
business,trace,5368,user5368,malicious,attack 2,true positive
business,metric,3429,user3429,malicious,attack 1,false positive
business,log,3429,user3429,malicious,attack 1,true positive
business,trace,3429,user3429,malicious,attack 1,false positive
business,metric,8718,user8718,malicious,attack 1,false positive
business,log,8718,user8718,malicious,attack 1,true positive
business,trace,8718,user8718,malicious,attack 1,false positive
business,metric,1202,user1202,regular,no attack,false positive
business,log,1202,user1202,regular,no attack,false positive
business,trace,1202,user1202,regular,no attack,false positive
infrastructure,metric,1582,user1582,regular,no attack,false positive
infrastructure,log,1582,user1582,regular,no attack,false positive
infrastructure,trace,1582,user1582,regular,no attack,false positive
business,metric,1195,user1195,malicious,attack 2,false positive
business,log,1195,user1195,malicious,attack 2,false positive
business,trace,1195,user1195,malicious,attack 2,true positive
business,metric,1309,user1309,malicious,attack 1,false positive
business,log,1309,user1309,malicious,attack 1,true positive
business,trace,1309,user1309,malicious,attack 1,false positive
infrastructure,metric,193,user193,malicious,attack 2,false positive
infrastructure,log,193,user193,malicious,attack 2,false positive
infrastructure,trace,193,user193,malicious,attack 2,true positive
business,metric,8129,user8129,malicious,attack 2,false positive
business,log,8129,user8129,malicious,attack 2,false positive
business,trace,8129,user8129,malicious,attack 2,true positive
infrastructure,metric,7518,user7518,malicious,attack 2,false positive
infrastructure,log,7518,user7518,malicious,attack 2,false positive
infrastructure,trace,7518,user7518,malicious,attack 2,true positive
infrastructure,metric,6762,user6762,malicious,attack 1,false positive
infrastructure,log,6762,user6762,malicious,attack 1,true positive
infrastructure,trace,6762,user6762,malicious,attack 1,false positive
infrastructure,metric,2016,user2016,regular,no attack,false positive
infrastructure,log,2016,user2016,regular,no attack,false positive
infrastructure,trace,2016,user2016,regular,no attack,false positive
infrastructure,metric,1632,user1632,regular,no attack,false positive
infrastructure,log,1632,user1632,regular,no attack,false positive
infrastructure,trace,1632,user1632,regular,no attack,false positive
infrastructure,metric,3920,user3920,malicious,attack 1,false positive
infrastructure,log,3920,user3920,malicious,attack 1,true positive
infrastructure,trace,3920,user3920,malicious,attack 1,false positive
business,metric,5723,user5723,regular,no attack,false positive
business,log,5723,user5723,regular,no attack,false positive
business,trace,5723,user5723,regular,no attack,false positive
business,metric,1382,user1382,regular,no attack,false positive
business,log,1382,user1382,regular,no attack,false positive
business,trace,1382,user1382,regular,no attack,false positive
infrastructure,metric,6892,user6892,malicious,attack 2,false positive
infrastructure,log,6892,user6892,malicious,attack 2,false positive
infrastructure,trace,6892,user6892,malicious,attack 2,true positive
infrastructure,metric,4870,user4870,malicious,attack 2,false positive
infrastructure,log,4870,user4870,malicious,attack 2,false positive
infrastructure,trace,4870,user4870,malicious,attack 2,true positive
infrastructure,metric,4437,user4437,malicious,attack 1,false positive
infrastructure,log,4437,user4437,malicious,attack 1,true positive
infrastructure,trace,4437,user4437,malicious,attack 1,false positive
business,metric,8096,user8096,malicious,attack 2,false positive
business,log,8096,user8096,malicious,attack 2,false positive
business,trace,8096,user8096,malicious,attack 2,true positive
business,metric,6177,user6177,malicious,attack 2,false positive
business,log,6177,user6177,malicious,attack 2,false positive
business,trace,6177,user6177,malicious,attack 2,true positive
business,metric,3124,user3124,malicious,attack 2,false positive
business,log,3124,user3124,malicious,attack 2,false positive
business,trace,3124,user3124,malicious,attack 2,true positive
infrastructure,metric,6742,user6742,malicious,attack 1,false positive
infrastructure,log,6742,user6742,malicious,attack 1,true positive
infrastructure,trace,6742,user6742,malicious,attack 1,false positive
business,metric,9778,user9778,malicious,attack 1,false positive
business,log,9778,user9778,malicious,attack 1,true positive
business,trace,9778,user9778,malicious,attack 1,false positive
infrastructure,metric,6714,user6714,malicious,attack 2,false positive
infrastructure,log,6714,user6714,malicious,attack 2,false positive
infrastructure,trace,6714,user6714,malicious,attack 2,true positive
infrastructure,metric,2852,user2852,malicious,attack 2,false positive
infrastructure,log,2852,user2852,malicious,attack 2,false positive
infrastructure,trace,2852,user2852,malicious,attack 2,true positive
infrastructure,metric,2005,user2005,malicious,attack 2,false positive
infrastructure,log,2005,user2005,malicious,attack 2,false positive
infrastructure,trace,2005,user2005,malicious,attack 2,true positive
business,metric,5468,user5468,malicious,attack 1,false positive
business,log,5468,user5468,malicious,attack 1,true positive
business,trace,5468,user5468,malicious,attack 1,false positive
business,metric,6342,user6342,malicious,attack 1,false positive
business,log,6342,user6342,malicious,attack 1,true positive
business,trace,6342,user6342,malicious,attack 1,false positive
infrastructure,metric,1722,user1722,malicious,attack 1,false positive
infrastructure,log,1722,user1722,malicious,attack 1,true positive
infrastructure,trace,1722,user1722,malicious,attack 1,false positive
infrastructure,metric,491,user491,malicious,attack 2,false positive
infrastructure,log,491,user491,malicious,attack 2,false positive
infrastructure,trace,491,user491,malicious,attack 2,true positive
business,metric,582,user582,regular,no attack,false positive
business,log,582,user582,regular,no attack,false positive
business,trace,582,user582,regular,no attack,false positive
business,metric,2059,user2059,malicious,attack 2,false positive
business,log,2059,user2059,malicious,attack 2,false positive
business,trace,2059,user2059,malicious,attack 2,true positive
business,metric,9580,user9580,malicious,attack 1,false positive
business,log,9580,user9580,malicious,attack 1,true positive
business,trace,9580,user9580,malicious,attack 1,false positive
business,metric,3839,user3839,malicious,attack 2,false positive
business,log,3839,user3839,malicious,attack 2,false positive
business,trace,3839,user3839,malicious,attack 2,true positive
business,metric,2651,user2651,malicious,attack 1,false positive
business,log,2651,user2651,malicious,attack 1,true positive
business,trace,2651,user2651,malicious,attack 1,false positive
business,metric,9949,user9949,malicious,attack 2,false positive
business,log,9949,user9949,malicious,attack 2,false positive
business,trace,9949,user9949,malicious,attack 2,true positive
business,metric,4493,user4493,regular,no attack,false positive
business,log,4493,user4493,regular,no attack,false positive
business,trace,4493,user4493,regular,no attack,false positive
infrastructure,metric,3159,user3159,malicious,attack 2,false positive
infrastructure,log,3159,user3159,malicious,attack 2,false positive
infrastructure,trace,3159,user3159,malicious,attack 2,true positive
business,metric,2512,user2512,malicious,attack 1,false positive
business,log,2512,user2512,malicious,attack 1,true positive
business,trace,2512,user2512,malicious,attack 1,false positive
business,metric,4090,user4090,malicious,attack 1,false positive
business,log,4090,user4090,malicious,attack 1,true positive
business,trace,4090,user4090,malicious,attack 1,false positive
business,metric,5331,user5331,malicious,attack 1,false positive
business,log,5331,user5331,malicious,attack 1,true positive
business,trace,5331,user5331,malicious,attack 1,false positive
business,metric,4920,user4920,regular,no attack,false positive
business,log,4920,user4920,regular,no attack,false positive
business,trace,4920,user4920,regular,no attack,false positive
business,metric,6145,user6145,malicious,attack 1,false positive
business,log,6145,user6145,malicious,attack 1,true positive
business,trace,6145,user6145,malicious,attack 1,false positive
infrastructure,metric,6860,user6860,regular,no attack,false positive
infrastructure,log,6860,user6860,regular,no attack,false positive
infrastructure,trace,6860,user6860,regular,no attack,false positive
business,metric,5964,user5964,malicious,attack 2,false positive
business,log,5964,user5964,malicious,attack 2,false positive
business,trace,5964,user5964,malicious,attack 2,true positive
infrastructure,metric,767,user767,regular,no attack,false positive
infrastructure,log,767,user767,regular,no attack,false positive
infrastructure,trace,767,user767,regular,no attack,false positive
business,metric,2990,user2990,malicious,attack 2,false positive
business,log,2990,user2990,malicious,attack 2,false positive
business,trace,2990,user2990,malicious,attack 2,true positive
infrastructure,metric,8202,user8202,malicious,attack 1,false positive
infrastructure,log,8202,user8202,malicious,attack 1,true positive
infrastructure,trace,8202,user8202,malicious,attack 1,false positive
infrastructure,metric,5387,user5387,regular,no attack,false positive
infrastructure,log,5387,user5387,regular,no attack,false positive
infrastructure,trace,5387,user5387,regular,no attack,false positive
infrastructure,metric,4836,user4836,malicious,attack 1,false positive
infrastructure,log,4836,user4836,malicious,attack 1,true positive
infrastructure,trace,4836,user4836,malicious,attack 1,false positive
business,metric,8117,user8117,malicious,attack 2,false positive
business,log,8117,user8117,malicious,attack 2,false positive
business,trace,8117,user8117,malicious,attack 2,true positive
infrastructure,metric,5544,user5544,malicious,attack 1,false positive
infrastructure,log,5544,user5544,malicious,attack 1,true positive
infrastructure,trace,5544,user5544,malicious,attack 1,false positive
business,metric,9802,user9802,malicious,attack 2,false positive
business,log,9802,user9802,malicious,attack 2,false positive
business,trace,9802,user9802,malicious,attack 2,true positive
business,metric,3944,user3944,regular,no attack,false positive
business,log,3944,user3944,regular,no attack,false positive
business,trace,3944,user3944,regular,no attack,false positive
business,metric,8124,user8124,malicious,attack 2,false positive
business,log,8124,user8124,malicious,attack 2,false positive
business,trace,8124,user8124,malicious,attack 2,true positive
infrastructure,metric,1999,user1999,malicious,attack 2,false positive
infrastructure,log,1999,user1999,malicious,attack 2,false positive
infrastructure,trace,1999,user1999,malicious,attack 2,true positive
business,metric,6167,user6167,regular,no attack,false positive
business,log,6167,user6167,regular,no attack,false positive
business,trace,6167,user6167,regular,no attack,false positive
business,metric,5822,user5822,malicious,attack 2,false positive
business,log,5822,user5822,malicious,attack 2,false positive
business,trace,5822,user5822,malicious,attack 2,true positive
infrastructure,metric,2277,user2277,malicious,attack 1,false positive
infrastructure,log,2277,user2277,malicious,attack 1,true positive
infrastructure,trace,2277,user2277,malicious,attack 1,false positive
infrastructure,metric,3775,user3775,regular,no attack,false positive
infrastructure,log,3775,user3775,regular,no attack,false positive
infrastructure,trace,3775,user3775,regular,no attack,false positive
infrastructure,metric,7645,user7645,malicious,attack 2,false positive
infrastructure,log,7645,user7645,malicious,attack 2,false positive
infrastructure,trace,7645,user7645,malicious,attack 2,true positive
infrastructure,metric,3150,user3150,malicious,attack 2,false positive
infrastructure,log,3150,user3150,malicious,attack 2,false positive
infrastructure,trace,3150,user3150,malicious,attack 2,true positive
business,metric,5237,user5237,malicious,attack 1,false positive
business,log,5237,user5237,malicious,attack 1,true positive
business,trace,5237,user5237,malicious,attack 1,false positive
infrastructure,metric,6456,user6456,malicious,attack 2,false positive
infrastructure,log,6456,user6456,malicious,attack 2,false positive
infrastructure,trace,6456,user6456,malicious,attack 2,true positive
infrastructure,metric,1610,user1610,regular,no attack,false positive
infrastructure,log,1610,user1610,regular,no attack,false positive
infrastructure,trace,1610,user1610,regular,no attack,false positive
infrastructure,metric,8419,user8419,malicious,attack 1,false positive
infrastructure,log,8419,user8419,malicious,attack 1,true positive
infrastructure,trace,8419,user8419,malicious,attack 1,false positive
business,metric,9595,user9595,malicious,attack 1,false positive
business,log,9595,user9595,malicious,attack 1,true positive
business,trace,9595,user9595,malicious,attack 1,false positive
infrastructure,metric,3012,user3012,malicious,attack 2,false positive
infrastructure,log,3012,user3012,malicious,attack 2,false positive
infrastructure,trace,3012,user3012,malicious,attack 2,true positive
business,metric,1679,user1679,malicious,attack 1,false positive
business,log,1679,user1679,malicious,attack 1,true positive
business,trace,1679,user1679,malicious,attack 1,false positive
business,metric,3254,user3254,malicious,attack 1,false positive
business,log,3254,user3254,malicious,attack 1,true positive
business,trace,3254,user3254,malicious,attack 1,false positive
business,metric,4880,user4880,malicious,attack 1,false positive
business,log,4880,user4880,malicious,attack 1,true positive
business,trace,4880,user4880,malicious,attack 1,false positive
infrastructure,metric,2853,user2853,malicious,attack 1,false positive
infrastructure,log,2853,user2853,malicious,attack 1,true positive
infrastructure,trace,2853,user2853,malicious,attack 1,false positive
business,metric,2127,user2127,malicious,attack 1,false positive
business,log,2127,user2127,malicious,attack 1,true positive
business,trace,2127,user2127,malicious,attack 1,false positive
infrastructure,metric,3947,user3947,malicious,attack 1,false positive
infrastructure,log,3947,user3947,malicious,attack 1,true positive
infrastructure,trace,3947,user3947,malicious,attack 1,false positive
business,metric,5245,user5245,regular,no attack,false positive
business,log,5245,user5245,regular,no attack,false positive
business,trace,5245,user5245,regular,no attack,false positive
infrastructure,metric,1802,user1802,malicious,attack 1,false positive
infrastructure,log,1802,user1802,malicious,attack 1,true positive
infrastructure,trace,1802,user1802,malicious,attack 1,false positive
infrastructure,metric,4927,user4927,malicious,attack 1,false positive
infrastructure,log,4927,user4927,malicious,attack 1,true positive
infrastructure,trace,4927,user4927,malicious,attack 1,false positive
infrastructure,metric,738,user738,malicious,attack 1,false positive
infrastructure,log,738,user738,malicious,attack 1,true positive
infrastructure,trace,738,user738,malicious,attack 1,false positive
infrastructure,metric,6623,user6623,regular,no attack,false positive
infrastructure,log,6623,user6623,regular,no attack,false positive
infrastructure,trace,6623,user6623,regular,no attack,false positive
business,metric,8015,user8015,malicious,attack 1,false positive
business,log,8015,user8015,malicious,attack 1,true positive
business,trace,8015,user8015,malicious,attack 1,false positive
infrastructure,metric,4378,user4378,malicious,attack 1,false positive
infrastructure,log,4378,user4378,malicious,attack 1,true positive
infrastructure,trace,4378,user4378,malicious,attack 1,false positive
infrastructure,metric,4776,user4776,malicious,attack 1,false positive
infrastructure,log,4776,user4776,malicious,attack 1,true positive
infrastructure,trace,4776,user4776,malicious,attack 1,false positive
business,metric,7992,user7992,regular,no attack,false positive
business,log,7992,user7992,regular,no attack,false positive
business,trace,7992,user7992,regular,no attack,false positive
business,metric,7345,user7345,malicious,attack 2,false positive
business,log,7345,user7345,malicious,attack 2,false positive
business,trace,7345,user7345,malicious,attack 2,true positive
business,metric,9586,user9586,malicious,attack 1,false positive
business,log,9586,user9586,malicious,attack 1,true positive
business,trace,9586,user9586,malicious,attack 1,false positive
infrastructure,metric,7559,user7559,regular,no attack,false positive
infrastructure,log,7559,user7559,regular,no attack,false positive
infrastructure,trace,7559,user7559,regular,no attack,false positive
infrastructure,metric,4613,user4613,malicious,attack 1,false positive
infrastructure,log,4613,user4613,malicious,attack 1,true positive
infrastructure,trace,4613,user4613,malicious,attack 1,false positive
infrastructure,metric,9405,user9405,malicious,attack 2,false positive
infrastructure,log,9405,user9405,malicious,attack 2,false positive
infrastructure,trace,9405,user9405,malicious,attack 2,true positive
infrastructure,metric,9308,user9308,regular,no attack,false positive
infrastructure,log,9308,user9308,regular,no attack,false positive
infrastructure,trace,9308,user9308,regular,no attack,false positive
business,metric,6624,user6624,regular,no attack,false positive
business,log,6624,user6624,regular,no attack,false positive
business,trace,6624,user6624,regular,no attack,false positive
business,metric,1138,user1138,malicious,attack 1,false positive
business,log,1138,user1138,malicious,attack 1,true positive
business,trace,1138,user1138,malicious,attack 1,false positive
business,metric,5213,user5213,malicious,attack 1,false positive
business,log,5213,user5213,malicious,attack 1,true positive
business,trace,5213,user5213,malicious,attack 1,false positive
business,metric,8779,user8779,malicious,attack 2,false positive
business,log,8779,user8779,malicious,attack 2,false positive
business,trace,8779,user8779,malicious,attack 2,true positive
infrastructure,metric,2956,user2956,malicious,attack 2,false positive
infrastructure,log,2956,user2956,malicious,attack 2,false positive
infrastructure,trace,2956,user2956,malicious,attack 2,true positive
infrastructure,metric,7415,user7415,malicious,attack 1,false positive
infrastructure,log,7415,user7415,malicious,attack 1,true positive
infrastructure,trace,7415,user7415,malicious,attack 1,false positive
business,metric,3151,user3151,malicious,attack 2,false positive
business,log,3151,user3151,malicious,attack 2,false positive
business,trace,3151,user3151,malicious,attack 2,true positive
business,metric,3579,user3579,malicious,attack 2,false positive
business,log,3579,user3579,malicious,attack 2,false positive
business,trace,3579,user3579,malicious,attack 2,true positive
business,metric,6229,user6229,malicious,attack 1,false positive
business,log,6229,user6229,malicious,attack 1,true positive
business,trace,6229,user6229,malicious,attack 1,false positive
business,metric,8187,user8187,regular,no attack,false positive
business,log,8187,user8187,regular,no attack,false positive
business,trace,8187,user8187,regular,no attack,false positive
business,metric,1841,user1841,malicious,attack 2,false positive
business,log,1841,user1841,malicious,attack 2,false positive
business,trace,1841,user1841,malicious,attack 2,true positive
business,metric,8803,user8803,malicious,attack 2,false positive
business,log,8803,user8803,malicious,attack 2,false positive
business,trace,8803,user8803,malicious,attack 2,true positive
infrastructure,metric,2221,user2221,malicious,attack 2,false positive
infrastructure,log,2221,user2221,malicious,attack 2,false positive
infrastructure,trace,2221,user2221,malicious,attack 2,true positive
business,metric,8622,user8622,malicious,attack 2,false positive
business,log,8622,user8622,malicious,attack 2,false positive
business,trace,8622,user8622,malicious,attack 2,true positive
business,metric,8972,user8972,regular,no attack,false positive
business,log,8972,user8972,regular,no attack,false positive
business,trace,8972,user8972,regular,no attack,false positive
business,metric,2487,user2487,malicious,attack 2,false positive
business,log,2487,user2487,malicious,attack 2,false positive
business,trace,2487,user2487,malicious,attack 2,true positive
infrastructure,metric,1109,user1109,malicious,attack 2,false positive
infrastructure,log,1109,user1109,malicious,attack 2,false positive
infrastructure,trace,1109,user1109,malicious,attack 2,true positive
infrastructure,metric,1120,user1120,malicious,attack 2,false positive
infrastructure,log,1120,user1120,malicious,attack 2,false positive
infrastructure,trace,1120,user1120,malicious,attack 2,true positive
infrastructure,metric,7831,user7831,regular,no attack,false positive
infrastructure,log,7831,user7831,regular,no attack,false positive
infrastructure,trace,7831,user7831,regular,no attack,false positive
infrastructure,metric,9530,user9530,malicious,attack 2,false positive
infrastructure,log,9530,user9530,malicious,attack 2,false positive
infrastructure,trace,9530,user9530,malicious,attack 2,true positive
infrastructure,metric,9400,user9400,malicious,attack 2,false positive
infrastructure,log,9400,user9400,malicious,attack 2,false positive
infrastructure,trace,9400,user9400,malicious,attack 2,true positive
infrastructure,metric,2783,user2783,regular,no attack,false positive
infrastructure,log,2783,user2783,regular,no attack,false positive
infrastructure,trace,2783,user2783,regular,no attack,false positive
business,metric,1300,user1300,malicious,attack 2,false positive
business,log,1300,user1300,malicious,attack 2,false positive
business,trace,1300,user1300,malicious,attack 2,true positive
business,metric,5066,user5066,malicious,attack 2,false positive
business,log,5066,user5066,malicious,attack 2,false positive
business,trace,5066,user5066,malicious,attack 2,true positive
infrastructure,metric,4726,user4726,regular,no attack,false positive
infrastructure,log,4726,user4726,regular,no attack,false positive
infrastructure,trace,4726,user4726,regular,no attack,false positive
infrastructure,metric,2941,user2941,malicious,attack 1,false positive
infrastructure,log,2941,user2941,malicious,attack 1,true positive
infrastructure,trace,2941,user2941,malicious,attack 1,false positive
business,metric,5680,user5680,malicious,attack 1,false positive
business,log,5680,user5680,malicious,attack 1,true positive
business,trace,5680,user5680,malicious,attack 1,false positive
infrastructure,metric,7151,user7151,malicious,attack 2,false positive
infrastructure,log,7151,user7151,malicious,attack 2,false positive
infrastructure,trace,7151,user7151,malicious,attack 2,true positive
infrastructure,metric,3409,user3409,regular,no attack,false positive
infrastructure,log,3409,user3409,regular,no attack,false positive
infrastructure,trace,3409,user3409,regular,no attack,false positive
infrastructure,metric,7557,user7557,malicious,attack 2,false positive
infrastructure,log,7557,user7557,malicious,attack 2,false positive
infrastructure,trace,7557,user7557,malicious,attack 2,true positive
infrastructure,metric,6249,user6249,regular,no attack,false positive
infrastructure,log,6249,user6249,regular,no attack,false positive
infrastructure,trace,6249,user6249,regular,no attack,false positive
infrastructure,metric,1247,user1247,malicious,attack 1,false positive
infrastructure,log,1247,user1247,malicious,attack 1,true positive
infrastructure,trace,1247,user1247,malicious,attack 1,false positive
business,metric,5074,user5074,malicious,attack 2,false positive
business,log,5074,user5074,malicious,attack 2,false positive
business,trace,5074,user5074,malicious,attack 2,true positive
infrastructure,metric,6512,user6512,malicious,attack 1,false positive
infrastructure,log,6512,user6512,malicious,attack 1,true positive
infrastructure,trace,6512,user6512,malicious,attack 1,false positive
infrastructure,metric,525,user525,malicious,attack 2,false positive
infrastructure,log,525,user525,malicious,attack 2,false positive
infrastructure,trace,525,user525,malicious,attack 2,true positive
business,metric,3488,user3488,malicious,attack 2,false positive
business,log,3488,user3488,malicious,attack 2,false positive
business,trace,3488,user3488,malicious,attack 2,true positive
infrastructure,metric,2588,user2588,regular,no attack,false positive
infrastructure,log,2588,user2588,regular,no attack,false positive
infrastructure,trace,2588,user2588,regular,no attack,false positive
infrastructure,metric,6739,user6739,malicious,attack 1,false positive
infrastructure,log,6739,user6739,malicious,attack 1,true positive
infrastructure,trace,6739,user6739,malicious,attack 1,false positive
infrastructure,metric,4867,user4867,malicious,attack 1,false positive
infrastructure,log,4867,user4867,malicious,attack 1,true positive
infrastructure,trace,4867,user4867,malicious,attack 1,false positive
infrastructure,metric,7623,user7623,malicious,attack 2,false positive
infrastructure,log,7623,user7623,malicious,attack 2,false positive
infrastructure,trace,7623,user7623,malicious,attack 2,true positive
infrastructure,metric,5651,user5651,malicious,attack 1,false positive
infrastructure,log,5651,user5651,malicious,attack 1,true positive
infrastructure,trace,5651,user5651,malicious,attack 1,false positive
infrastructure,metric,6916,user6916,malicious,attack 2,false positive
infrastructure,log,6916,user6916,malicious,attack 2,false positive
infrastructure,trace,6916,user6916,malicious,attack 2,true positive
business,metric,8597,user8597,malicious,attack 1,false positive
business,log,8597,user8597,malicious,attack 1,true positive
business,trace,8597,user8597,malicious,attack 1,false positive
business,metric,7135,user7135,malicious,attack 1,false positive
business,log,7135,user7135,malicious,attack 1,true positive
business,trace,7135,user7135,malicious,attack 1,false positive
business,metric,3617,user3617,regular,no attack,false positive
business,log,3617,user3617,regular,no attack,false positive
business,trace,3617,user3617,regular,no attack,false positive
business,metric,893,user893,malicious,attack 1,false positive
business,log,893,user893,malicious,attack 1,true positive
business,trace,893,user893,malicious,attack 1,false positive
business,metric,7921,user7921,regular,no attack,false positive
business,log,7921,user7921,regular,no attack,false positive
business,trace,7921,user7921,regular,no attack,false positive
infrastructure,metric,9431,user9431,malicious,attack 1,false positive
infrastructure,log,9431,user9431,malicious,attack 1,true positive
infrastructure,trace,9431,user9431,malicious,attack 1,false positive
business,metric,5425,user5425,malicious,attack 2,false positive
business,log,5425,user5425,malicious,attack 2,false positive
business,trace,5425,user5425,malicious,attack 2,true positive
business,metric,4609,user4609,malicious,attack 1,false positive
business,log,4609,user4609,malicious,attack 1,true positive
business,trace,4609,user4609,malicious,attack 1,false positive
infrastructure,metric,3216,user3216,malicious,attack 1,false positive
infrastructure,log,3216,user3216,malicious,attack 1,true positive
infrastructure,trace,3216,user3216,malicious,attack 1,false positive
business,metric,7995,user7995,regular,no attack,false positive
business,log,7995,user7995,regular,no attack,false positive
business,trace,7995,user7995,regular,no attack,false positive
infrastructure,metric,2995,user2995,malicious,attack 2,false positive
infrastructure,log,2995,user2995,malicious,attack 2,false positive
infrastructure,trace,2995,user2995,malicious,attack 2,true positive
infrastructure,metric,163,user163,regular,no attack,false positive
infrastructure,log,163,user163,regular,no attack,false positive
infrastructure,trace,163,user163,regular,no attack,false positive
infrastructure,metric,1765,user1765,malicious,attack 1,false positive
infrastructure,log,1765,user1765,malicious,attack 1,true positive
infrastructure,trace,1765,user1765,malicious,attack 1,false positive
business,metric,7585,user7585,malicious,attack 1,false positive
business,log,7585,user7585,malicious,attack 1,true positive
business,trace,7585,user7585,malicious,attack 1,false positive
business,metric,5948,user5948,malicious,attack 1,false positive
business,log,5948,user5948,malicious,attack 1,true positive
business,trace,5948,user5948,malicious,attack 1,false positive
business,metric,964,user964,regular,no attack,false positive
business,log,964,user964,regular,no attack,false positive
business,trace,964,user964,regular,no attack,false positive
business,metric,554,user554,malicious,attack 1,false positive
business,log,554,user554,malicious,attack 1,true positive
business,trace,554,user554,malicious,attack 1,false positive
business,metric,8732,user8732,regular,no attack,false positive
business,log,8732,user8732,regular,no attack,false positive
business,trace,8732,user8732,regular,no attack,false positive
infrastructure,metric,8747,user8747,malicious,attack 1,false positive
infrastructure,log,8747,user8747,malicious,attack 1,true positive
infrastructure,trace,8747,user8747,malicious,attack 1,false positive
infrastructure,metric,8365,user8365,malicious,attack 1,false positive
infrastructure,log,8365,user8365,malicious,attack 1,true positive
infrastructure,trace,8365,user8365,malicious,attack 1,false positive
business,metric,3740,user3740,regular,no attack,false positive
business,log,3740,user3740,regular,no attack,false positive
business,trace,3740,user3740,regular,no attack,false positive
infrastructure,metric,7898,user7898,regular,no attack,false positive
infrastructure,log,7898,user7898,regular,no attack,false positive
infrastructure,trace,7898,user7898,regular,no attack,false positive
business,metric,8931,user8931,malicious,attack 2,false positive
business,log,8931,user8931,malicious,attack 2,false positive
business,trace,8931,user8931,malicious,attack 2,true positive
business,metric,2786,user2786,regular,no attack,false positive
business,log,2786,user2786,regular,no attack,false positive
business,trace,2786,user2786,regular,no attack,false positive
business,metric,7897,user7897,regular,no attack,false positive
business,log,7897,user7897,regular,no attack,false positive
business,trace,7897,user7897,regular,no attack,false positive
business,metric,9264,user9264,regular,no attack,false positive
business,log,9264,user9264,regular,no attack,false positive
business,trace,9264,user9264,regular,no attack,false positive
infrastructure,metric,6446,user6446,malicious,attack 2,false positive
infrastructure,log,6446,user6446,malicious,attack 2,false positive
infrastructure,trace,6446,user6446,malicious,attack 2,true positive
business,metric,1088,user1088,malicious,attack 1,false positive
business,log,1088,user1088,malicious,attack 1,true positive
business,trace,1088,user1088,malicious,attack 1,false positive
business,metric,7403,user7403,malicious,attack 2,false positive
business,log,7403,user7403,malicious,attack 2,false positive
business,trace,7403,user7403,malicious,attack 2,true positive
business,metric,4722,user4722,malicious,attack 2,false positive
business,log,4722,user4722,malicious,attack 2,false positive
business,trace,4722,user4722,malicious,attack 2,true positive
business,metric,9114,user9114,malicious,attack 1,false positive
business,log,9114,user9114,malicious,attack 1,true positive
business,trace,9114,user9114,malicious,attack 1,false positive
infrastructure,metric,2737,user2737,malicious,attack 2,false positive
infrastructure,log,2737,user2737,malicious,attack 2,false positive
infrastructure,trace,2737,user2737,malicious,attack 2,true positive
infrastructure,metric,9558,user9558,malicious,attack 1,false positive
infrastructure,log,9558,user9558,malicious,attack 1,true positive
infrastructure,trace,9558,user9558,malicious,attack 1,false positive
infrastructure,metric,489,user489,malicious,attack 2,false positive
infrastructure,log,489,user489,malicious,attack 2,false positive
infrastructure,trace,489,user489,malicious,attack 2,true positive
business,metric,5838,user5838,regular,no attack,false positive
business,log,5838,user5838,regular,no attack,false positive
business,trace,5838,user5838,regular,no attack,false positive
business,metric,8355,user8355,malicious,attack 1,false positive
business,log,8355,user8355,malicious,attack 1,true positive
business,trace,8355,user8355,malicious,attack 1,false positive
infrastructure,metric,4782,user4782,malicious,attack 1,false positive
infrastructure,log,4782,user4782,malicious,attack 1,true positive
infrastructure,trace,4782,user4782,malicious,attack 1,false positive
business,metric,3109,user3109,regular,no attack,false positive
business,log,3109,user3109,regular,no attack,false positive
business,trace,3109,user3109,regular,no attack,false positive
infrastructure,metric,459,user459,regular,no attack,false positive
infrastructure,log,459,user459,regular,no attack,false positive
infrastructure,trace,459,user459,regular,no attack,false positive
business,metric,8779,user8779,malicious,attack 2,false positive
business,log,8779,user8779,malicious,attack 2,false positive
business,trace,8779,user8779,malicious,attack 2,true positive
business,metric,4310,user4310,malicious,attack 2,false positive
business,log,4310,user4310,malicious,attack 2,false positive
business,trace,4310,user4310,malicious,attack 2,true positive
business,metric,5077,user5077,malicious,attack 2,false positive
business,log,5077,user5077,malicious,attack 2,false positive
business,trace,5077,user5077,malicious,attack 2,true positive
business,metric,2670,user2670,malicious,attack 2,false positive
business,log,2670,user2670,malicious,attack 2,false positive
business,trace,2670,user2670,malicious,attack 2,true positive
business,metric,2719,user2719,regular,no attack,false positive
business,log,2719,user2719,regular,no attack,false positive
business,trace,2719,user2719,regular,no attack,false positive
infrastructure,metric,2828,user2828,malicious,attack 2,false positive
infrastructure,log,2828,user2828,malicious,attack 2,false positive
infrastructure,trace,2828,user2828,malicious,attack 2,true positive
infrastructure,metric,6906,user6906,malicious,attack 1,false positive
infrastructure,log,6906,user6906,malicious,attack 1,true positive
infrastructure,trace,6906,user6906,malicious,attack 1,false positive
infrastructure,metric,3225,user3225,regular,no attack,false positive
infrastructure,log,3225,user3225,regular,no attack,false positive
infrastructure,trace,3225,user3225,regular,no attack,false positive
business,metric,1260,user1260,regular,no attack,false positive
business,log,1260,user1260,regular,no attack,false positive
business,trace,1260,user1260,regular,no attack,false positive
infrastructure,metric,2382,user2382,malicious,attack 2,false positive
infrastructure,log,2382,user2382,malicious,attack 2,false positive
infrastructure,trace,2382,user2382,malicious,attack 2,true positive
infrastructure,metric,9394,user9394,malicious,attack 2,false positive
infrastructure,log,9394,user9394,malicious,attack 2,false positive
infrastructure,trace,9394,user9394,malicious,attack 2,true positive
infrastructure,metric,755,user755,malicious,attack 1,false positive
infrastructure,log,755,user755,malicious,attack 1,true positive
infrastructure,trace,755,user755,malicious,attack 1,false positive
business,metric,220,user220,regular,no attack,false positive
business,log,220,user220,regular,no attack,false positive
business,trace,220,user220,regular,no attack,false positive
business,metric,2076,user2076,malicious,attack 1,false positive
business,log,2076,user2076,malicious,attack 1,true positive
business,trace,2076,user2076,malicious,attack 1,false positive
infrastructure,metric,5745,user5745,malicious,attack 2,false positive
infrastructure,log,5745,user5745,malicious,attack 2,false positive
infrastructure,trace,5745,user5745,malicious,attack 2,true positive
infrastructure,metric,330,user330,malicious,attack 2,false positive
infrastructure,log,330,user330,malicious,attack 2,false positive
infrastructure,trace,330,user330,malicious,attack 2,true positive
business,metric,7455,user7455,malicious,attack 2,false positive
business,log,7455,user7455,malicious,attack 2,false positive
business,trace,7455,user7455,malicious,attack 2,true positive
infrastructure,metric,5904,user5904,malicious,attack 1,false positive
infrastructure,log,5904,user5904,malicious,attack 1,true positive
infrastructure,trace,5904,user5904,malicious,attack 1,false positive
business,metric,527,user527,malicious,attack 2,false positive
business,log,527,user527,malicious,attack 2,false positive
business,trace,527,user527,malicious,attack 2,true positive
infrastructure,metric,5638,user5638,regular,no attack,false positive
infrastructure,log,5638,user5638,regular,no attack,false positive
infrastructure,trace,5638,user5638,regular,no attack,false positive
business,metric,7092,user7092,malicious,attack 2,false positive
business,log,7092,user7092,malicious,attack 2,false positive
business,trace,7092,user7092,malicious,attack 2,true positive
infrastructure,metric,4062,user4062,malicious,attack 1,false positive
infrastructure,log,4062,user4062,malicious,attack 1,true positive
infrastructure,trace,4062,user4062,malicious,attack 1,false positive
business,metric,3773,user3773,malicious,attack 1,false positive
business,log,3773,user3773,malicious,attack 1,true positive
business,trace,3773,user3773,malicious,attack 1,false positive
infrastructure,metric,1412,user1412,regular,no attack,false positive
infrastructure,log,1412,user1412,regular,no attack,false positive
infrastructure,trace,1412,user1412,regular,no attack,false positive
business,metric,4528,user4528,malicious,attack 2,false positive
business,log,4528,user4528,malicious,attack 2,false positive
business,trace,4528,user4528,malicious,attack 2,true positive
infrastructure,metric,943,user943,malicious,attack 1,false positive
infrastructure,log,943,user943,malicious,attack 1,true positive
infrastructure,trace,943,user943,malicious,attack 1,false positive
business,metric,6068,user6068,malicious,attack 1,false positive
business,log,6068,user6068,malicious,attack 1,true positive
business,trace,6068,user6068,malicious,attack 1,false positive
infrastructure,metric,7695,user7695,malicious,attack 1,false positive
infrastructure,log,7695,user7695,malicious,attack 1,true positive
infrastructure,trace,7695,user7695,malicious,attack 1,false positive
infrastructure,metric,5846,user5846,regular,no attack,false positive
infrastructure,log,5846,user5846,regular,no attack,false positive
infrastructure,trace,5846,user5846,regular,no attack,false positive
business,metric,8488,user8488,malicious,attack 1,false positive
business,log,8488,user8488,malicious,attack 1,true positive
business,trace,8488,user8488,malicious,attack 1,false positive
business,metric,5251,user5251,malicious,attack 2,false positive
business,log,5251,user5251,malicious,attack 2,false positive
business,trace,5251,user5251,malicious,attack 2,true positive
business,metric,4053,user4053,malicious,attack 1,false positive
business,log,4053,user4053,malicious,attack 1,true positive
business,trace,4053,user4053,malicious,attack 1,false positive
infrastructure,metric,8748,user8748,regular,no attack,false positive
infrastructure,log,8748,user8748,regular,no attack,false positive
infrastructure,trace,8748,user8748,regular,no attack,false positive
business,metric,4426,user4426,malicious,attack 2,false positive
business,log,4426,user4426,malicious,attack 2,false positive
business,trace,4426,user4426,malicious,attack 2,true positive
business,metric,8853,user8853,regular,no attack,false positive
business,log,8853,user8853,regular,no attack,false positive
business,trace,8853,user8853,regular,no attack,false positive
infrastructure,metric,7796,user7796,malicious,attack 1,false positive
infrastructure,log,7796,user7796,malicious,attack 1,true positive
infrastructure,trace,7796,user7796,malicious,attack 1,false positive
infrastructure,metric,1372,user1372,regular,no attack,false positive
infrastructure,log,1372,user1372,regular,no attack,false positive
infrastructure,trace,1372,user1372,regular,no attack,false positive
business,metric,1521,user1521,malicious,attack 2,false positive
business,log,1521,user1521,malicious,attack 2,false positive
business,trace,1521,user1521,malicious,attack 2,true positive
infrastructure,metric,9065,user9065,malicious,attack 2,false positive
infrastructure,log,9065,user9065,malicious,attack 2,false positive
infrastructure,trace,9065,user9065,malicious,attack 2,true positive
business,metric,3982,user3982,malicious,attack 1,false positive
business,log,3982,user3982,malicious,attack 1,true positive
business,trace,3982,user3982,malicious,attack 1,false positive
business,metric,2558,user2558,malicious,attack 1,false positive
business,log,2558,user2558,malicious,attack 1,true positive
business,trace,2558,user2558,malicious,attack 1,false positive
infrastructure,metric,9917,user9917,regular,no attack,false positive
infrastructure,log,9917,user9917,regular,no attack,false positive
infrastructure,trace,9917,user9917,regular,no attack,false positive
business,metric,7951,user7951,malicious,attack 2,false positive
business,log,7951,user7951,malicious,attack 2,false positive
business,trace,7951,user7951,malicious,attack 2,true positive
infrastructure,metric,5964,user5964,malicious,attack 2,false positive
infrastructure,log,5964,user5964,malicious,attack 2,false positive
infrastructure,trace,5964,user5964,malicious,attack 2,true positive
business,metric,696,user696,malicious,attack 1,false positive
business,log,696,user696,malicious,attack 1,true positive
business,trace,696,user696,malicious,attack 1,false positive
business,metric,5886,user5886,malicious,attack 1,false positive
business,log,5886,user5886,malicious,attack 1,true positive
business,trace,5886,user5886,malicious,attack 1,false positive
infrastructure,metric,9626,user9626,malicious,attack 1,false positive
infrastructure,log,9626,user9626,malicious,attack 1,true positive
infrastructure,trace,9626,user9626,malicious,attack 1,false positive
infrastructure,metric,4265,user4265,malicious,attack 2,false positive
infrastructure,log,4265,user4265,malicious,attack 2,false positive
infrastructure,trace,4265,user4265,malicious,attack 2,true positive
business,metric,813,user813,malicious,attack 1,false positive
business,log,813,user813,malicious,attack 1,true positive
business,trace,813,user813,malicious,attack 1,false positive
business,metric,2064,user2064,regular,no attack,false positive
business,log,2064,user2064,regular,no attack,false positive
business,trace,2064,user2064,regular,no attack,false positive
infrastructure,metric,3093,user3093,malicious,attack 2,false positive
infrastructure,log,3093,user3093,malicious,attack 2,false positive
infrastructure,trace,3093,user3093,malicious,attack 2,true positive
business,metric,6555,user6555,malicious,attack 1,false positive
business,log,6555,user6555,malicious,attack 1,true positive
business,trace,6555,user6555,malicious,attack 1,false positive
infrastructure,metric,5753,user5753,malicious,attack 1,false positive
infrastructure,log,5753,user5753,malicious,attack 1,true positive
infrastructure,trace,5753,user5753,malicious,attack 1,false positive
business,metric,6719,user6719,regular,no attack,false positive
business,log,6719,user6719,regular,no attack,false positive
business,trace,6719,user6719,regular,no attack,false positive
business,metric,9223,user9223,malicious,attack 1,false positive
business,log,9223,user9223,malicious,attack 1,true positive
business,trace,9223,user9223,malicious,attack 1,false positive
business,metric,2239,user2239,malicious,attack 2,false positive
business,log,2239,user2239,malicious,attack 2,false positive
business,trace,2239,user2239,malicious,attack 2,true positive
infrastructure,metric,3193,user3193,malicious,attack 2,false positive
infrastructure,log,3193,user3193,malicious,attack 2,false positive
infrastructure,trace,3193,user3193,malicious,attack 2,true positive
infrastructure,metric,1220,user1220,malicious,attack 1,false positive
infrastructure,log,1220,user1220,malicious,attack 1,true positive
infrastructure,trace,1220,user1220,malicious,attack 1,false positive
business,metric,9357,user9357,regular,no attack,false positive
business,log,9357,user9357,regular,no attack,false positive
business,trace,9357,user9357,regular,no attack,false positive
business,metric,6188,user6188,malicious,attack 1,false positive
business,log,6188,user6188,malicious,attack 1,true positive
business,trace,6188,user6188,malicious,attack 1,false positive
infrastructure,metric,1362,user1362,malicious,attack 2,false positive
infrastructure,log,1362,user1362,malicious,attack 2,false positive
infrastructure,trace,1362,user1362,malicious,attack 2,true positive
business,metric,800,user800,regular,no attack,false positive
business,log,800,user800,regular,no attack,false positive
business,trace,800,user800,regular,no attack,false positive
business,metric,2546,user2546,malicious,attack 2,false positive
business,log,2546,user2546,malicious,attack 2,false positive
business,trace,2546,user2546,malicious,attack 2,true positive
infrastructure,metric,1724,user1724,regular,no attack,false positive
infrastructure,log,1724,user1724,regular,no attack,false positive
infrastructure,trace,1724,user1724,regular,no attack,false positive
infrastructure,metric,5472,user5472,malicious,attack 1,false positive
infrastructure,log,5472,user5472,malicious,attack 1,true positive
infrastructure,trace,5472,user5472,malicious,attack 1,false positive
infrastructure,metric,542,user542,malicious,attack 1,false positive
infrastructure,log,542,user542,malicious,attack 1,true positive
infrastructure,trace,542,user542,malicious,attack 1,false positive
business,metric,524,user524,malicious,attack 1,false positive
business,log,524,user524,malicious,attack 1,true positive
business,trace,524,user524,malicious,attack 1,false positive
business,metric,2558,user2558,malicious,attack 1,false positive
business,log,2558,user2558,malicious,attack 1,true positive
business,trace,2558,user2558,malicious,attack 1,false positive
infrastructure,metric,3587,user3587,malicious,attack 1,false positive
infrastructure,log,3587,user3587,malicious,attack 1,true positive
infrastructure,trace,3587,user3587,malicious,attack 1,false positive
infrastructure,metric,611,user611,malicious,attack 2,false positive
infrastructure,log,611,user611,malicious,attack 2,false positive
infrastructure,trace,611,user611,malicious,attack 2,true positive
business,metric,5018,user5018,regular,no attack,false positive
business,log,5018,user5018,regular,no attack,false positive
business,trace,5018,user5018,regular,no attack,false positive
business,metric,9069,user9069,malicious,attack 1,false positive
business,log,9069,user9069,malicious,attack 1,true positive
business,trace,9069,user9069,malicious,attack 1,false positive
infrastructure,metric,1235,user1235,malicious,attack 1,false positive
infrastructure,log,1235,user1235,malicious,attack 1,true positive
infrastructure,trace,1235,user1235,malicious,attack 1,false positive
business,metric,1472,user1472,malicious,attack 2,false positive
business,log,1472,user1472,malicious,attack 2,false positive
business,trace,1472,user1472,malicious,attack 2,true positive
infrastructure,metric,9407,user9407,malicious,attack 2,false positive
infrastructure,log,9407,user9407,malicious,attack 2,false positive
infrastructure,trace,9407,user9407,malicious,attack 2,true positive
infrastructure,metric,8708,user8708,malicious,attack 1,false positive
infrastructure,log,8708,user8708,malicious,attack 1,true positive
infrastructure,trace,8708,user8708,malicious,attack 1,false positive
business,metric,76,user76,malicious,attack 1,false positive
business,log,76,user76,malicious,attack 1,true positive
business,trace,76,user76,malicious,attack 1,false positive
business,metric,4280,user4280,malicious,attack 2,false positive
business,log,4280,user4280,malicious,attack 2,false positive
business,trace,4280,user4280,malicious,attack 2,true positive
infrastructure,metric,8930,user8930,malicious,attack 1,false positive
infrastructure,log,8930,user8930,malicious,attack 1,true positive
infrastructure,trace,8930,user8930,malicious,attack 1,false positive
business,metric,9640,user9640,malicious,attack 2,false positive
business,log,9640,user9640,malicious,attack 2,false positive
business,trace,9640,user9640,malicious,attack 2,true positive
business,metric,4934,user4934,regular,no attack,false positive
business,log,4934,user4934,regular,no attack,false positive
business,trace,4934,user4934,regular,no attack,false positive
business,metric,4126,user4126,regular,no attack,false positive
business,log,4126,user4126,regular,no attack,false positive
business,trace,4126,user4126,regular,no attack,false positive
infrastructure,metric,3167,user3167,malicious,attack 1,false positive
infrastructure,log,3167,user3167,malicious,attack 1,true positive
infrastructure,trace,3167,user3167,malicious,attack 1,false positive
business,metric,5512,user5512,malicious,attack 2,false positive
business,log,5512,user5512,malicious,attack 2,false positive
business,trace,5512,user5512,malicious,attack 2,true positive
business,metric,1015,user1015,malicious,attack 1,false positive
business,log,1015,user1015,malicious,attack 1,true positive
business,trace,1015,user1015,malicious,attack 1,false positive
infrastructure,metric,9666,user9666,regular,no attack,false positive
infrastructure,log,9666,user9666,regular,no attack,false positive
infrastructure,trace,9666,user9666,regular,no attack,false positive
infrastructure,metric,2183,user2183,malicious,attack 2,false positive
infrastructure,log,2183,user2183,malicious,attack 2,false positive
infrastructure,trace,2183,user2183,malicious,attack 2,true positive
business,metric,4917,user4917,regular,no attack,false positive
business,log,4917,user4917,regular,no attack,false positive
business,trace,4917,user4917,regular,no attack,false positive
business,metric,208,user208,regular,no attack,false positive
business,log,208,user208,regular,no attack,false positive
business,trace,208,user208,regular,no attack,false positive
business,metric,1992,user1992,regular,no attack,false positive
business,log,1992,user1992,regular,no attack,false positive
business,trace,1992,user1992,regular,no attack,false positive
infrastructure,metric,3348,user3348,regular,no attack,false positive
infrastructure,log,3348,user3348,regular,no attack,false positive
infrastructure,trace,3348,user3348,regular,no attack,false positive
business,metric,4751,user4751,regular,no attack,false positive
business,log,4751,user4751,regular,no attack,false positive
business,trace,4751,user4751,regular,no attack,false positive
infrastructure,metric,8249,user8249,malicious,attack 2,false positive
infrastructure,log,8249,user8249,malicious,attack 2,false positive
infrastructure,trace,8249,user8249,malicious,attack 2,true positive
infrastructure,metric,3402,user3402,regular,no attack,false positive
infrastructure,log,3402,user3402,regular,no attack,false positive
infrastructure,trace,3402,user3402,regular,no attack,false positive
business,metric,2285,user2285,malicious,attack 2,false positive
business,log,2285,user2285,malicious,attack 2,false positive
business,trace,2285,user2285,malicious,attack 2,true positive
infrastructure,metric,4167,user4167,malicious,attack 1,false positive
infrastructure,log,4167,user4167,malicious,attack 1,true positive
infrastructure,trace,4167,user4167,malicious,attack 1,false positive
business,metric,8465,user8465,regular,no attack,false positive
business,log,8465,user8465,regular,no attack,false positive
business,trace,8465,user8465,regular,no attack,false positive
business,metric,455,user455,malicious,attack 2,false positive
business,log,455,user455,malicious,attack 2,false positive
business,trace,455,user455,malicious,attack 2,true positive
business,metric,4291,user4291,regular,no attack,false positive
business,log,4291,user4291,regular,no attack,false positive
business,trace,4291,user4291,regular,no attack,false positive
infrastructure,metric,3616,user3616,malicious,attack 1,false positive
infrastructure,log,3616,user3616,malicious,attack 1,true positive
infrastructure,trace,3616,user3616,malicious,attack 1,false positive
business,metric,396,user396,malicious,attack 2,false positive
business,log,396,user396,malicious,attack 2,false positive
business,trace,396,user396,malicious,attack 2,true positive
infrastructure,metric,6924,user6924,regular,no attack,false positive
infrastructure,log,6924,user6924,regular,no attack,false positive
infrastructure,trace,6924,user6924,regular,no attack,false positive
business,metric,3144,user3144,regular,no attack,false positive
business,log,3144,user3144,regular,no attack,false positive
business,trace,3144,user3144,regular,no attack,false positive
business,metric,908,user908,malicious,attack 2,false positive
business,log,908,user908,malicious,attack 2,false positive
business,trace,908,user908,malicious,attack 2,true positive
infrastructure,metric,628,user628,regular,no attack,false positive
infrastructure,log,628,user628,regular,no attack,false positive
infrastructure,trace,628,user628,regular,no attack,false positive
business,metric,4162,user4162,malicious,attack 1,false positive
business,log,4162,user4162,malicious,attack 1,true positive
business,trace,4162,user4162,malicious,attack 1,false positive
infrastructure,metric,9724,user9724,malicious,attack 1,false positive
infrastructure,log,9724,user9724,malicious,attack 1,true positive
infrastructure,trace,9724,user9724,malicious,attack 1,false positive
infrastructure,metric,7257,user7257,regular,no attack,false positive
infrastructure,log,7257,user7257,regular,no attack,false positive
infrastructure,trace,7257,user7257,regular,no attack,false positive
business,metric,5837,user5837,malicious,attack 2,false positive
business,log,5837,user5837,malicious,attack 2,false positive
business,trace,5837,user5837,malicious,attack 2,true positive
infrastructure,metric,5777,user5777,regular,no attack,false positive
infrastructure,log,5777,user5777,regular,no attack,false positive
infrastructure,trace,5777,user5777,regular,no attack,false positive
business,metric,8486,user8486,regular,no attack,false positive
business,log,8486,user8486,regular,no attack,false positive
business,trace,8486,user8486,regular,no attack,false positive
infrastructure,metric,8393,user8393,malicious,attack 2,false positive
infrastructure,log,8393,user8393,malicious,attack 2,false positive
infrastructure,trace,8393,user8393,malicious,attack 2,true positive
business,metric,8737,user8737,malicious,attack 2,false positive
business,log,8737,user8737,malicious,attack 2,false positive
business,trace,8737,user8737,malicious,attack 2,true positive
infrastructure,metric,2563,user2563,malicious,attack 1,false positive
infrastructure,log,2563,user2563,malicious,attack 1,true positive
infrastructure,trace,2563,user2563,malicious,attack 1,false positive
infrastructure,metric,4856,user4856,malicious,attack 2,false positive
infrastructure,log,4856,user4856,malicious,attack 2,false positive
infrastructure,trace,4856,user4856,malicious,attack 2,true positive
business,metric,5569,user5569,malicious,attack 1,false positive
business,log,5569,user5569,malicious,attack 1,true positive
business,trace,5569,user5569,malicious,attack 1,false positive
infrastructure,metric,236,user236,regular,no attack,false positive
infrastructure,log,236,user236,regular,no attack,false positive
infrastructure,trace,236,user236,regular,no attack,false positive
infrastructure,metric,8366,user8366,regular,no attack,false positive
infrastructure,log,8366,user8366,regular,no attack,false positive
infrastructure,trace,8366,user8366,regular,no attack,false positive
infrastructure,metric,197,user197,malicious,attack 2,false positive
infrastructure,log,197,user197,malicious,attack 2,false positive
infrastructure,trace,197,user197,malicious,attack 2,true positive
business,metric,3788,user3788,malicious,attack 1,false positive
business,log,3788,user3788,malicious,attack 1,true positive
business,trace,3788,user3788,malicious,attack 1,false positive
business,metric,5924,user5924,regular,no attack,false positive
business,log,5924,user5924,regular,no attack,false positive
business,trace,5924,user5924,regular,no attack,false positive
business,metric,7689,user7689,malicious,attack 1,false positive
business,log,7689,user7689,malicious,attack 1,true positive
business,trace,7689,user7689,malicious,attack 1,false positive
infrastructure,metric,6590,user6590,malicious,attack 1,false positive
infrastructure,log,6590,user6590,malicious,attack 1,true positive
infrastructure,trace,6590,user6590,malicious,attack 1,false positive
infrastructure,metric,9590,user9590,regular,no attack,false positive
infrastructure,log,9590,user9590,regular,no attack,false positive
infrastructure,trace,9590,user9590,regular,no attack,false positive
business,metric,4159,user4159,malicious,attack 1,false positive
business,log,4159,user4159,malicious,attack 1,true positive
business,trace,4159,user4159,malicious,attack 1,false positive
business,metric,6889,user6889,regular,no attack,false positive
business,log,6889,user6889,regular,no attack,false positive
business,trace,6889,user6889,regular,no attack,false positive
business,metric,2289,user2289,malicious,attack 2,false positive
business,log,2289,user2289,malicious,attack 2,false positive
business,trace,2289,user2289,malicious,attack 2,true positive
business,metric,9062,user9062,malicious,attack 2,false positive
business,log,9062,user9062,malicious,attack 2,false positive
business,trace,9062,user9062,malicious,attack 2,true positive
business,metric,9916,user9916,malicious,attack 2,false positive
business,log,9916,user9916,malicious,attack 2,false positive
business,trace,9916,user9916,malicious,attack 2,true positive
business,metric,4309,user4309,regular,no attack,false positive
business,log,4309,user4309,regular,no attack,false positive
business,trace,4309,user4309,regular,no attack,false positive
business,metric,3040,user3040,malicious,attack 1,false positive
business,log,3040,user3040,malicious,attack 1,true positive
business,trace,3040,user3040,malicious,attack 1,false positive
business,metric,7912,user7912,regular,no attack,false positive
business,log,7912,user7912,regular,no attack,false positive
business,trace,7912,user7912,regular,no attack,false positive
infrastructure,metric,9227,user9227,malicious,attack 2,false positive
infrastructure,log,9227,user9227,malicious,attack 2,false positive
infrastructure,trace,9227,user9227,malicious,attack 2,true positive
infrastructure,metric,8853,user8853,regular,no attack,false positive
infrastructure,log,8853,user8853,regular,no attack,false positive
infrastructure,trace,8853,user8853,regular,no attack,false positive
infrastructure,metric,6818,user6818,regular,no attack,false positive
infrastructure,log,6818,user6818,regular,no attack,false positive
infrastructure,trace,6818,user6818,regular,no attack,false positive
infrastructure,metric,6574,user6574,malicious,attack 1,false positive
infrastructure,log,6574,user6574,malicious,attack 1,true positive
infrastructure,trace,6574,user6574,malicious,attack 1,false positive
business,metric,1418,user1418,malicious,attack 2,false positive
business,log,1418,user1418,malicious,attack 2,false positive
business,trace,1418,user1418,malicious,attack 2,true positive
business,metric,3179,user3179,malicious,attack 2,false positive
business,log,3179,user3179,malicious,attack 2,false positive
business,trace,3179,user3179,malicious,attack 2,true positive
business,metric,5315,user5315,malicious,attack 2,false positive
business,log,5315,user5315,malicious,attack 2,false positive
business,trace,5315,user5315,malicious,attack 2,true positive
business,metric,8708,user8708,malicious,attack 1,false positive
business,log,8708,user8708,malicious,attack 1,true positive
business,trace,8708,user8708,malicious,attack 1,false positive
infrastructure,metric,4298,user4298,malicious,attack 1,false positive
infrastructure,log,4298,user4298,malicious,attack 1,true positive
infrastructure,trace,4298,user4298,malicious,attack 1,false positive
infrastructure,metric,1250,user1250,malicious,attack 1,false positive
infrastructure,log,1250,user1250,malicious,attack 1,true positive
infrastructure,trace,1250,user1250,malicious,attack 1,false positive
business,metric,2779,user2779,regular,no attack,false positive
business,log,2779,user2779,regular,no attack,false positive
business,trace,2779,user2779,regular,no attack,false positive
business,metric,2640,user2640,malicious,attack 2,false positive
business,log,2640,user2640,malicious,attack 2,false positive
business,trace,2640,user2640,malicious,attack 2,true positive
business,metric,9812,user9812,malicious,attack 1,false positive
business,log,9812,user9812,malicious,attack 1,true positive
business,trace,9812,user9812,malicious,attack 1,false positive
infrastructure,metric,988,user988,malicious,attack 1,false positive
infrastructure,log,988,user988,malicious,attack 1,true positive
infrastructure,trace,988,user988,malicious,attack 1,false positive
business,metric,3074,user3074,regular,no attack,false positive
business,log,3074,user3074,regular,no attack,false positive
business,trace,3074,user3074,regular,no attack,false positive
business,metric,7639,user7639,malicious,attack 2,false positive
business,log,7639,user7639,malicious,attack 2,false positive
business,trace,7639,user7639,malicious,attack 2,true positive
business,metric,4641,user4641,regular,no attack,false positive
business,log,4641,user4641,regular,no attack,false positive
business,trace,4641,user4641,regular,no attack,false positive
infrastructure,metric,1944,user1944,malicious,attack 1,false positive
infrastructure,log,1944,user1944,malicious,attack 1,true positive
infrastructure,trace,1944,user1944,malicious,attack 1,false positive
business,metric,429,user429,regular,no attack,false positive
business,log,429,user429,regular,no attack,false positive
business,trace,429,user429,regular,no attack,false positive
infrastructure,metric,9719,user9719,regular,no attack,false positive
infrastructure,log,9719,user9719,regular,no attack,false positive
infrastructure,trace,9719,user9719,regular,no attack,false positive
infrastructure,metric,1217,user1217,malicious,attack 1,false positive
infrastructure,log,1217,user1217,malicious,attack 1,true positive
infrastructure,trace,1217,user1217,malicious,attack 1,false positive
business,metric,1691,user1691,malicious,attack 1,false positive
business,log,1691,user1691,malicious,attack 1,true positive
business,trace,1691,user1691,malicious,attack 1,false positive
business,metric,1482,user1482,malicious,attack 2,false positive
business,log,1482,user1482,malicious,attack 2,false positive
business,trace,1482,user1482,malicious,attack 2,true positive
infrastructure,metric,9597,user9597,malicious,attack 2,false positive
infrastructure,log,9597,user9597,malicious,attack 2,false positive
infrastructure,trace,9597,user9597,malicious,attack 2,true positive
business,metric,196,user196,malicious,attack 2,false positive
business,log,196,user196,malicious,attack 2,false positive
business,trace,196,user196,malicious,attack 2,true positive
business,metric,6135,user6135,malicious,attack 1,false positive
business,log,6135,user6135,malicious,attack 1,true positive
business,trace,6135,user6135,malicious,attack 1,false positive
business,metric,5020,user5020,malicious,attack 2,false positive
business,log,5020,user5020,malicious,attack 2,false positive
business,trace,5020,user5020,malicious,attack 2,true positive
business,metric,9846,user9846,malicious,attack 2,false positive
business,log,9846,user9846,malicious,attack 2,false positive
business,trace,9846,user9846,malicious,attack 2,true positive
infrastructure,metric,4073,user4073,regular,no attack,false positive
infrastructure,log,4073,user4073,regular,no attack,false positive
infrastructure,trace,4073,user4073,regular,no attack,false positive
business,metric,3335,user3335,malicious,attack 2,false positive
business,log,3335,user3335,malicious,attack 2,false positive
business,trace,3335,user3335,malicious,attack 2,true positive
business,metric,4976,user4976,regular,no attack,false positive
business,log,4976,user4976,regular,no attack,false positive
business,trace,4976,user4976,regular,no attack,false positive
business,metric,6678,user6678,regular,no attack,false positive
business,log,6678,user6678,regular,no attack,false positive
business,trace,6678,user6678,regular,no attack,false positive
business,metric,7958,user7958,malicious,attack 2,false positive
business,log,7958,user7958,malicious,attack 2,false positive
business,trace,7958,user7958,malicious,attack 2,true positive
infrastructure,metric,4630,user4630,malicious,attack 2,false positive
infrastructure,log,4630,user4630,malicious,attack 2,false positive
infrastructure,trace,4630,user4630,malicious,attack 2,true positive
infrastructure,metric,7294,user7294,regular,no attack,false positive
infrastructure,log,7294,user7294,regular,no attack,false positive
infrastructure,trace,7294,user7294,regular,no attack,false positive
business,metric,7819,user7819,malicious,attack 2,false positive
business,log,7819,user7819,malicious,attack 2,false positive
business,trace,7819,user7819,malicious,attack 2,true positive
infrastructure,metric,9330,user9330,malicious,attack 2,false positive
infrastructure,log,9330,user9330,malicious,attack 2,false positive
infrastructure,trace,9330,user9330,malicious,attack 2,true positive
infrastructure,metric,6809,user6809,malicious,attack 2,false positive
infrastructure,log,6809,user6809,malicious,attack 2,false positive
infrastructure,trace,6809,user6809,malicious,attack 2,true positive
business,metric,2574,user2574,malicious,attack 1,false positive
business,log,2574,user2574,malicious,attack 1,true positive
business,trace,2574,user2574,malicious,attack 1,false positive
business,metric,1869,user1869,malicious,attack 2,false positive
business,log,1869,user1869,malicious,attack 2,false positive
business,trace,1869,user1869,malicious,attack 2,true positive
business,metric,5140,user5140,malicious,attack 1,false positive
business,log,5140,user5140,malicious,attack 1,true positive
business,trace,5140,user5140,malicious,attack 1,false positive
infrastructure,metric,4395,user4395,regular,no attack,false positive
infrastructure,log,4395,user4395,regular,no attack,false positive
infrastructure,trace,4395,user4395,regular,no attack,false positive
infrastructure,metric,1939,user1939,malicious,attack 2,false positive
infrastructure,log,1939,user1939,malicious,attack 2,false positive
infrastructure,trace,1939,user1939,malicious,attack 2,true positive
infrastructure,metric,6266,user6266,malicious,attack 1,false positive
infrastructure,log,6266,user6266,malicious,attack 1,true positive
infrastructure,trace,6266,user6266,malicious,attack 1,false positive
infrastructure,metric,2393,user2393,malicious,attack 1,false positive
infrastructure,log,2393,user2393,malicious,attack 1,true positive
infrastructure,trace,2393,user2393,malicious,attack 1,false positive
business,metric,7713,user7713,regular,no attack,false positive
business,log,7713,user7713,regular,no attack,false positive
business,trace,7713,user7713,regular,no attack,false positive
infrastructure,metric,8389,user8389,malicious,attack 2,false positive
infrastructure,log,8389,user8389,malicious,attack 2,false positive
infrastructure,trace,8389,user8389,malicious,attack 2,true positive
business,metric,5426,user5426,malicious,attack 2,false positive
business,log,5426,user5426,malicious,attack 2,false positive
business,trace,5426,user5426,malicious,attack 2,true positive
infrastructure,metric,3759,user3759,regular,no attack,false positive
infrastructure,log,3759,user3759,regular,no attack,false positive
infrastructure,trace,3759,user3759,regular,no attack,false positive
business,metric,4310,user4310,malicious,attack 1,false positive
business,log,4310,user4310,malicious,attack 1,true positive
business,trace,4310,user4310,malicious,attack 1,false positive
infrastructure,metric,1960,user1960,malicious,attack 1,false positive
infrastructure,log,1960,user1960,malicious,attack 1,true positive
infrastructure,trace,1960,user1960,malicious,attack 1,false positive
infrastructure,metric,3958,user3958,malicious,attack 1,false positive
infrastructure,log,3958,user3958,malicious,attack 1,true positive
infrastructure,trace,3958,user3958,malicious,attack 1,false positive
business,metric,4168,user4168,regular,no attack,false positive
business,log,4168,user4168,regular,no attack,false positive
business,trace,4168,user4168,regular,no attack,false positive
business,metric,5312,user5312,malicious,attack 1,false positive
business,log,5312,user5312,malicious,attack 1,true positive
business,trace,5312,user5312,malicious,attack 1,false positive
infrastructure,metric,1597,user1597,malicious,attack 2,false positive
infrastructure,log,1597,user1597,malicious,attack 2,false positive
infrastructure,trace,1597,user1597,malicious,attack 2,true positive
business,metric,2039,user2039,malicious,attack 1,false positive
business,log,2039,user2039,malicious,attack 1,true positive
business,trace,2039,user2039,malicious,attack 1,false positive
business,metric,5031,user5031,regular,no attack,false positive
business,log,5031,user5031,regular,no attack,false positive
business,trace,5031,user5031,regular,no attack,false positive
business,metric,4598,user4598,regular,no attack,false positive
business,log,4598,user4598,regular,no attack,false positive
business,trace,4598,user4598,regular,no attack,false positive
business,metric,7402,user7402,malicious,attack 1,false positive
business,log,7402,user7402,malicious,attack 1,true positive
business,trace,7402,user7402,malicious,attack 1,false positive
business,metric,6717,user6717,malicious,attack 1,false positive
business,log,6717,user6717,malicious,attack 1,true positive
business,trace,6717,user6717,malicious,attack 1,false positive
business,metric,363,user363,regular,no attack,false positive
business,log,363,user363,regular,no attack,false positive
business,trace,363,user363,regular,no attack,false positive
infrastructure,metric,4043,user4043,malicious,attack 2,false positive
infrastructure,log,4043,user4043,malicious,attack 2,false positive
infrastructure,trace,4043,user4043,malicious,attack 2,true positive
business,metric,8890,user8890,regular,no attack,false positive
business,log,8890,user8890,regular,no attack,false positive
business,trace,8890,user8890,regular,no attack,false positive
infrastructure,metric,1442,user1442,malicious,attack 1,false positive
infrastructure,log,1442,user1442,malicious,attack 1,true positive
infrastructure,trace,1442,user1442,malicious,attack 1,false positive
business,metric,3569,user3569,malicious,attack 1,false positive
business,log,3569,user3569,malicious,attack 1,true positive
business,trace,3569,user3569,malicious,attack 1,false positive
infrastructure,metric,4173,user4173,malicious,attack 2,false positive
infrastructure,log,4173,user4173,malicious,attack 2,false positive
infrastructure,trace,4173,user4173,malicious,attack 2,true positive
infrastructure,metric,7548,user7548,malicious,attack 1,false positive
infrastructure,log,7548,user7548,malicious,attack 1,true positive
infrastructure,trace,7548,user7548,malicious,attack 1,false positive
business,metric,4651,user4651,malicious,attack 1,false positive
business,log,4651,user4651,malicious,attack 1,true positive
business,trace,4651,user4651,malicious,attack 1,false positive
infrastructure,metric,517,user517,malicious,attack 2,false positive
infrastructure,log,517,user517,malicious,attack 2,false positive
infrastructure,trace,517,user517,malicious,attack 2,true positive
business,metric,58,user58,malicious,attack 2,false positive
business,log,58,user58,malicious,attack 2,false positive
business,trace,58,user58,malicious,attack 2,true positive
business,metric,4940,user4940,regular,no attack,false positive
business,log,4940,user4940,regular,no attack,false positive
business,trace,4940,user4940,regular,no attack,false positive
infrastructure,metric,1756,user1756,malicious,attack 2,false positive
infrastructure,log,1756,user1756,malicious,attack 2,false positive
infrastructure,trace,1756,user1756,malicious,attack 2,true positive
infrastructure,metric,3683,user3683,malicious,attack 1,false positive
infrastructure,log,3683,user3683,malicious,attack 1,true positive
infrastructure,trace,3683,user3683,malicious,attack 1,false positive
infrastructure,metric,3706,user3706,malicious,attack 1,false positive
infrastructure,log,3706,user3706,malicious,attack 1,true positive
infrastructure,trace,3706,user3706,malicious,attack 1,false positive
infrastructure,metric,2610,user2610,malicious,attack 2,false positive
infrastructure,log,2610,user2610,malicious,attack 2,false positive
infrastructure,trace,2610,user2610,malicious,attack 2,true positive
infrastructure,metric,5896,user5896,regular,no attack,false positive
infrastructure,log,5896,user5896,regular,no attack,false positive
infrastructure,trace,5896,user5896,regular,no attack,false positive
business,metric,2697,user2697,regular,no attack,false positive
business,log,2697,user2697,regular,no attack,false positive
business,trace,2697,user2697,regular,no attack,false positive
business,metric,5902,user5902,regular,no attack,false positive
business,log,5902,user5902,regular,no attack,false positive
business,trace,5902,user5902,regular,no attack,false positive
infrastructure,metric,2628,user2628,malicious,attack 1,false positive
infrastructure,log,2628,user2628,malicious,attack 1,true positive
infrastructure,trace,2628,user2628,malicious,attack 1,false positive
infrastructure,metric,7371,user7371,malicious,attack 2,false positive
infrastructure,log,7371,user7371,malicious,attack 2,false positive
infrastructure,trace,7371,user7371,malicious,attack 2,true positive
infrastructure,metric,5461,user5461,malicious,attack 2,false positive
infrastructure,log,5461,user5461,malicious,attack 2,false positive
infrastructure,trace,5461,user5461,malicious,attack 2,true positive
infrastructure,metric,3983,user3983,malicious,attack 1,false positive
infrastructure,log,3983,user3983,malicious,attack 1,true positive
infrastructure,trace,3983,user3983,malicious,attack 1,false positive
business,metric,5201,user5201,regular,no attack,false positive
business,log,5201,user5201,regular,no attack,false positive
business,trace,5201,user5201,regular,no attack,false positive
business,metric,9099,user9099,malicious,attack 1,false positive
business,log,9099,user9099,malicious,attack 1,true positive
business,trace,9099,user9099,malicious,attack 1,false positive
infrastructure,metric,2858,user2858,regular,no attack,false positive
infrastructure,log,2858,user2858,regular,no attack,false positive
infrastructure,trace,2858,user2858,regular,no attack,false positive
infrastructure,metric,3455,user3455,malicious,attack 2,false positive
infrastructure,log,3455,user3455,malicious,attack 2,false positive
infrastructure,trace,3455,user3455,malicious,attack 2,true positive
business,metric,5510,user5510,regular,no attack,false positive
business,log,5510,user5510,regular,no attack,false positive
business,trace,5510,user5510,regular,no attack,false positive
infrastructure,metric,3830,user3830,regular,no attack,false positive
infrastructure,log,3830,user3830,regular,no attack,false positive
infrastructure,trace,3830,user3830,regular,no attack,false positive
business,metric,3522,user3522,malicious,attack 1,false positive
business,log,3522,user3522,malicious,attack 1,true positive
business,trace,3522,user3522,malicious,attack 1,false positive
business,metric,2178,user2178,malicious,attack 2,false positive
business,log,2178,user2178,malicious,attack 2,false positive
business,trace,2178,user2178,malicious,attack 2,true positive
infrastructure,metric,8575,user8575,regular,no attack,false positive
infrastructure,log,8575,user8575,regular,no attack,false positive
infrastructure,trace,8575,user8575,regular,no attack,false positive
business,metric,4579,user4579,malicious,attack 2,false positive
business,log,4579,user4579,malicious,attack 2,false positive
business,trace,4579,user4579,malicious,attack 2,true positive
infrastructure,metric,8029,user8029,regular,no attack,false positive
infrastructure,log,8029,user8029,regular,no attack,false positive
infrastructure,trace,8029,user8029,regular,no attack,false positive
infrastructure,metric,2802,user2802,malicious,attack 1,false positive
infrastructure,log,2802,user2802,malicious,attack 1,true positive
infrastructure,trace,2802,user2802,malicious,attack 1,false positive
infrastructure,metric,1954,user1954,malicious,attack 2,false positive
infrastructure,log,1954,user1954,malicious,attack 2,false positive
infrastructure,trace,1954,user1954,malicious,attack 2,true positive
business,metric,9745,user9745,malicious,attack 1,false positive
business,log,9745,user9745,malicious,attack 1,true positive
business,trace,9745,user9745,malicious,attack 1,false positive
infrastructure,metric,6220,user6220,malicious,attack 2,false positive
infrastructure,log,6220,user6220,malicious,attack 2,false positive
infrastructure,trace,6220,user6220,malicious,attack 2,true positive
infrastructure,metric,1543,user1543,malicious,attack 1,false positive
infrastructure,log,1543,user1543,malicious,attack 1,true positive
infrastructure,trace,1543,user1543,malicious,attack 1,false positive
business,metric,575,user575,malicious,attack 1,false positive
business,log,575,user575,malicious,attack 1,true positive
business,trace,575,user575,malicious,attack 1,false positive
business,metric,5726,user5726,regular,no attack,false positive
business,log,5726,user5726,regular,no attack,false positive
business,trace,5726,user5726,regular,no attack,false positive
business,metric,5696,user5696,regular,no attack,false positive
business,log,5696,user5696,regular,no attack,false positive
business,trace,5696,user5696,regular,no attack,false positive
infrastructure,metric,6754,user6754,malicious,attack 1,false positive
infrastructure,log,6754,user6754,malicious,attack 1,true positive
infrastructure,trace,6754,user6754,malicious,attack 1,false positive
infrastructure,metric,9015,user9015,malicious,attack 2,false positive
infrastructure,log,9015,user9015,malicious,attack 2,false positive
infrastructure,trace,9015,user9015,malicious,attack 2,true positive
business,metric,7355,user7355,regular,no attack,false positive
business,log,7355,user7355,regular,no attack,false positive
business,trace,7355,user7355,regular,no attack,false positive
business,metric,247,user247,malicious,attack 1,false positive
business,log,247,user247,malicious,attack 1,true positive
business,trace,247,user247,malicious,attack 1,false positive
infrastructure,metric,6039,user6039,malicious,attack 1,false positive
infrastructure,log,6039,user6039,malicious,attack 1,true positive
infrastructure,trace,6039,user6039,malicious,attack 1,false positive
infrastructure,metric,5705,user5705,malicious,attack 1,false positive
infrastructure,log,5705,user5705,malicious,attack 1,true positive
infrastructure,trace,5705,user5705,malicious,attack 1,false positive
infrastructure,metric,3035,user3035,malicious,attack 1,false positive
infrastructure,log,3035,user3035,malicious,attack 1,true positive
infrastructure,trace,3035,user3035,malicious,attack 1,false positive
business,metric,9983,user9983,malicious,attack 2,false positive
business,log,9983,user9983,malicious,attack 2,false positive
business,trace,9983,user9983,malicious,attack 2,true positive
business,metric,2486,user2486,regular,no attack,false positive
business,log,2486,user2486,regular,no attack,false positive
business,trace,2486,user2486,regular,no attack,false positive
infrastructure,metric,8429,user8429,malicious,attack 1,false positive
infrastructure,log,8429,user8429,malicious,attack 1,true positive
infrastructure,trace,8429,user8429,malicious,attack 1,false positive
business,metric,3583,user3583,malicious,attack 2,false positive
business,log,3583,user3583,malicious,attack 2,false positive
business,trace,3583,user3583,malicious,attack 2,true positive
infrastructure,metric,1639,user1639,malicious,attack 1,false positive
infrastructure,log,1639,user1639,malicious,attack 1,true positive
infrastructure,trace,1639,user1639,malicious,attack 1,false positive
infrastructure,metric,355,user355,malicious,attack 2,false positive
infrastructure,log,355,user355,malicious,attack 2,false positive
infrastructure,trace,355,user355,malicious,attack 2,true positive
business,metric,8591,user8591,malicious,attack 2,false positive
business,log,8591,user8591,malicious,attack 2,false positive
business,trace,8591,user8591,malicious,attack 2,true positive
infrastructure,metric,4700,user4700,regular,no attack,false positive
infrastructure,log,4700,user4700,regular,no attack,false positive
infrastructure,trace,4700,user4700,regular,no attack,false positive
infrastructure,metric,7053,user7053,regular,no attack,false positive
infrastructure,log,7053,user7053,regular,no attack,false positive
infrastructure,trace,7053,user7053,regular,no attack,false positive
business,metric,6179,user6179,regular,no attack,false positive
business,log,6179,user6179,regular,no attack,false positive
business,trace,6179,user6179,regular,no attack,false positive
business,metric,9027,user9027,malicious,attack 2,false positive
business,log,9027,user9027,malicious,attack 2,false positive
business,trace,9027,user9027,malicious,attack 2,true positive
business,metric,9752,user9752,malicious,attack 1,false positive
business,log,9752,user9752,malicious,attack 1,true positive
business,trace,9752,user9752,malicious,attack 1,false positive
infrastructure,metric,3949,user3949,malicious,attack 1,false positive
infrastructure,log,3949,user3949,malicious,attack 1,true positive
infrastructure,trace,3949,user3949,malicious,attack 1,false positive
business,metric,2562,user2562,malicious,attack 1,false positive
business,log,2562,user2562,malicious,attack 1,true positive
business,trace,2562,user2562,malicious,attack 1,false positive
infrastructure,metric,5576,user5576,malicious,attack 2,false positive
infrastructure,log,5576,user5576,malicious,attack 2,false positive
infrastructure,trace,5576,user5576,malicious,attack 2,true positive
infrastructure,metric,7612,user7612,malicious,attack 2,false positive
infrastructure,log,7612,user7612,malicious,attack 2,false positive
infrastructure,trace,7612,user7612,malicious,attack 2,true positive
infrastructure,metric,7080,user7080,malicious,attack 2,false positive
infrastructure,log,7080,user7080,malicious,attack 2,false positive
infrastructure,trace,7080,user7080,malicious,attack 2,true positive
business,metric,5188,user5188,regular,no attack,false positive
business,log,5188,user5188,regular,no attack,false positive
business,trace,5188,user5188,regular,no attack,false positive
infrastructure,metric,5680,user5680,malicious,attack 2,false positive
infrastructure,log,5680,user5680,malicious,attack 2,false positive
infrastructure,trace,5680,user5680,malicious,attack 2,true positive
infrastructure,metric,8210,user8210,malicious,attack 2,false positive
infrastructure,log,8210,user8210,malicious,attack 2,false positive
infrastructure,trace,8210,user8210,malicious,attack 2,true positive
infrastructure,metric,3408,user3408,regular,no attack,false positive
infrastructure,log,3408,user3408,regular,no attack,false positive
infrastructure,trace,3408,user3408,regular,no attack,false positive
infrastructure,metric,5355,user5355,malicious,attack 1,false positive
infrastructure,log,5355,user5355,malicious,attack 1,true positive
infrastructure,trace,5355,user5355,malicious,attack 1,false positive
infrastructure,metric,2899,user2899,malicious,attack 1,false positive
infrastructure,log,2899,user2899,malicious,attack 1,true positive
infrastructure,trace,2899,user2899,malicious,attack 1,false positive
business,metric,1822,user1822,regular,no attack,false positive
business,log,1822,user1822,regular,no attack,false positive
business,trace,1822,user1822,regular,no attack,false positive
business,metric,8992,user8992,malicious,attack 2,false positive
business,log,8992,user8992,malicious,attack 2,false positive
business,trace,8992,user8992,malicious,attack 2,true positive
business,metric,604,user604,malicious,attack 2,false positive
business,log,604,user604,malicious,attack 2,false positive
business,trace,604,user604,malicious,attack 2,true positive
infrastructure,metric,1872,user1872,malicious,attack 2,false positive
infrastructure,log,1872,user1872,malicious,attack 2,false positive
infrastructure,trace,1872,user1872,malicious,attack 2,true positive
business,metric,4903,user4903,malicious,attack 2,false positive
business,log,4903,user4903,malicious,attack 2,false positive
business,trace,4903,user4903,malicious,attack 2,true positive
infrastructure,metric,6552,user6552,malicious,attack 1,false positive
infrastructure,log,6552,user6552,malicious,attack 1,true positive
infrastructure,trace,6552,user6552,malicious,attack 1,false positive
infrastructure,metric,3180,user3180,malicious,attack 2,false positive
infrastructure,log,3180,user3180,malicious,attack 2,false positive
infrastructure,trace,3180,user3180,malicious,attack 2,true positive
infrastructure,metric,6983,user6983,malicious,attack 1,false positive
infrastructure,log,6983,user6983,malicious,attack 1,true positive
infrastructure,trace,6983,user6983,malicious,attack 1,false positive
business,metric,8597,user8597,malicious,attack 1,false positive
business,log,8597,user8597,malicious,attack 1,true positive
business,trace,8597,user8597,malicious,attack 1,false positive
business,metric,2406,user2406,malicious,attack 2,false positive
business,log,2406,user2406,malicious,attack 2,false positive
business,trace,2406,user2406,malicious,attack 2,true positive
business,metric,5602,user5602,malicious,attack 1,false positive
business,log,5602,user5602,malicious,attack 1,true positive
business,trace,5602,user5602,malicious,attack 1,false positive
infrastructure,metric,916,user916,malicious,attack 2,false positive
infrastructure,log,916,user916,malicious,attack 2,false positive
infrastructure,trace,916,user916,malicious,attack 2,true positive
infrastructure,metric,8362,user8362,malicious,attack 1,false positive
infrastructure,log,8362,user8362,malicious,attack 1,true positive
infrastructure,trace,8362,user8362,malicious,attack 1,false positive
infrastructure,metric,6976,user6976,malicious,attack 2,false positive
infrastructure,log,6976,user6976,malicious,attack 2,false positive
infrastructure,trace,6976,user6976,malicious,attack 2,true positive
business,metric,7396,user7396,regular,no attack,false positive
business,log,7396,user7396,regular,no attack,false positive
business,trace,7396,user7396,regular,no attack,false positive
business,metric,9237,user9237,malicious,attack 2,false positive
business,log,9237,user9237,malicious,attack 2,false positive
business,trace,9237,user9237,malicious,attack 2,true positive
infrastructure,metric,3902,user3902,malicious,attack 2,false positive
infrastructure,log,3902,user3902,malicious,attack 2,false positive
infrastructure,trace,3902,user3902,malicious,attack 2,true positive
business,metric,362,user362,malicious,attack 2,false positive
business,log,362,user362,malicious,attack 2,false positive
business,trace,362,user362,malicious,attack 2,true positive
infrastructure,metric,1065,user1065,malicious,attack 1,false positive
infrastructure,log,1065,user1065,malicious,attack 1,true positive
infrastructure,trace,1065,user1065,malicious,attack 1,false positive
business,metric,1442,user1442,malicious,attack 1,false positive
business,log,1442,user1442,malicious,attack 1,true positive
business,trace,1442,user1442,malicious,attack 1,false positive
infrastructure,metric,7093,user7093,regular,no attack,false positive
infrastructure,log,7093,user7093,regular,no attack,false positive
infrastructure,trace,7093,user7093,regular,no attack,false positive
business,metric,8229,user8229,malicious,attack 2,false positive
business,log,8229,user8229,malicious,attack 2,false positive
business,trace,8229,user8229,malicious,attack 2,true positive
business,metric,8720,user8720,malicious,attack 2,false positive
business,log,8720,user8720,malicious,attack 2,false positive
business,trace,8720,user8720,malicious,attack 2,true positive
infrastructure,metric,9336,user9336,regular,no attack,false positive
infrastructure,log,9336,user9336,regular,no attack,false positive
infrastructure,trace,9336,user9336,regular,no attack,false positive
business,metric,5043,user5043,malicious,attack 2,false positive
business,log,5043,user5043,malicious,attack 2,false positive
business,trace,5043,user5043,malicious,attack 2,true positive
infrastructure,metric,9122,user9122,regular,no attack,false positive
infrastructure,log,9122,user9122,regular,no attack,false positive
infrastructure,trace,9122,user9122,regular,no attack,false positive
business,metric,3362,user3362,malicious,attack 2,false positive
business,log,3362,user3362,malicious,attack 2,false positive
business,trace,3362,user3362,malicious,attack 2,true positive
infrastructure,metric,7430,user7430,malicious,attack 2,false positive
infrastructure,log,7430,user7430,malicious,attack 2,false positive
infrastructure,trace,7430,user7430,malicious,attack 2,true positive
business,metric,6019,user6019,malicious,attack 2,false positive
business,log,6019,user6019,malicious,attack 2,false positive
business,trace,6019,user6019,malicious,attack 2,true positive
infrastructure,metric,7393,user7393,malicious,attack 1,false positive
infrastructure,log,7393,user7393,malicious,attack 1,true positive
infrastructure,trace,7393,user7393,malicious,attack 1,false positive
business,metric,9702,user9702,regular,no attack,false positive
business,log,9702,user9702,regular,no attack,false positive
business,trace,9702,user9702,regular,no attack,false positive
infrastructure,metric,3885,user3885,malicious,attack 1,false positive
infrastructure,log,3885,user3885,malicious,attack 1,true positive
infrastructure,trace,3885,user3885,malicious,attack 1,false positive
business,metric,8663,user8663,regular,no attack,false positive
business,log,8663,user8663,regular,no attack,false positive
business,trace,8663,user8663,regular,no attack,false positive
business,metric,5372,user5372,regular,no attack,false positive
business,log,5372,user5372,regular,no attack,false positive
business,trace,5372,user5372,regular,no attack,false positive
infrastructure,metric,982,user982,malicious,attack 2,false positive
infrastructure,log,982,user982,malicious,attack 2,false positive
infrastructure,trace,982,user982,malicious,attack 2,true positive
business,metric,4976,user4976,regular,no attack,false positive
business,log,4976,user4976,regular,no attack,false positive
business,trace,4976,user4976,regular,no attack,false positive
business,metric,9492,user9492,regular,no attack,false positive
business,log,9492,user9492,regular,no attack,false positive
business,trace,9492,user9492,regular,no attack,false positive
infrastructure,metric,2897,user2897,malicious,attack 2,false positive
infrastructure,log,2897,user2897,malicious,attack 2,false positive
infrastructure,trace,2897,user2897,malicious,attack 2,true positive
business,metric,9459,user9459,regular,no attack,false positive
business,log,9459,user9459,regular,no attack,false positive
business,trace,9459,user9459,regular,no attack,false positive
infrastructure,metric,4687,user4687,malicious,attack 1,false positive
infrastructure,log,4687,user4687,malicious,attack 1,true positive
infrastructure,trace,4687,user4687,malicious,attack 1,false positive
business,metric,1496,user1496,malicious,attack 2,false positive
business,log,1496,user1496,malicious,attack 2,false positive
business,trace,1496,user1496,malicious,attack 2,true positive
infrastructure,metric,407,user407,regular,no attack,false positive
infrastructure,log,407,user407,regular,no attack,false positive
infrastructure,trace,407,user407,regular,no attack,false positive
infrastructure,metric,449,user449,malicious,attack 2,false positive
infrastructure,log,449,user449,malicious,attack 2,false positive
infrastructure,trace,449,user449,malicious,attack 2,true positive
infrastructure,metric,4566,user4566,malicious,attack 2,false positive
infrastructure,log,4566,user4566,malicious,attack 2,false positive
infrastructure,trace,4566,user4566,malicious,attack 2,true positive
business,metric,8173,user8173,malicious,attack 1,false positive
business,log,8173,user8173,malicious,attack 1,true positive
business,trace,8173,user8173,malicious,attack 1,false positive
infrastructure,metric,2562,user2562,malicious,attack 1,false positive
infrastructure,log,2562,user2562,malicious,attack 1,true positive
infrastructure,trace,2562,user2562,malicious,attack 1,false positive
business,metric,5349,user5349,malicious,attack 2,false positive
business,log,5349,user5349,malicious,attack 2,false positive
business,trace,5349,user5349,malicious,attack 2,true positive
business,metric,5416,user5416,malicious,attack 2,false positive
business,log,5416,user5416,malicious,attack 2,false positive
business,trace,5416,user5416,malicious,attack 2,true positive
infrastructure,metric,3524,user3524,malicious,attack 1,false positive
infrastructure,log,3524,user3524,malicious,attack 1,true positive
infrastructure,trace,3524,user3524,malicious,attack 1,false positive
infrastructure,metric,1072,user1072,malicious,attack 1,false positive
infrastructure,log,1072,user1072,malicious,attack 1,true positive
infrastructure,trace,1072,user1072,malicious,attack 1,false positive
infrastructure,metric,8851,user8851,malicious,attack 2,false positive
infrastructure,log,8851,user8851,malicious,attack 2,false positive
infrastructure,trace,8851,user8851,malicious,attack 2,true positive
business,metric,1200,user1200,malicious,attack 2,false positive
business,log,1200,user1200,malicious,attack 2,false positive
business,trace,1200,user1200,malicious,attack 2,true positive
business,metric,1789,user1789,malicious,attack 1,false positive
business,log,1789,user1789,malicious,attack 1,true positive
business,trace,1789,user1789,malicious,attack 1,false positive
infrastructure,metric,539,user539,malicious,attack 2,false positive
infrastructure,log,539,user539,malicious,attack 2,false positive
infrastructure,trace,539,user539,malicious,attack 2,true positive
business,metric,4386,user4386,malicious,attack 2,false positive
business,log,4386,user4386,malicious,attack 2,false positive
business,trace,4386,user4386,malicious,attack 2,true positive
infrastructure,metric,9961,user9961,malicious,attack 2,false positive
infrastructure,log,9961,user9961,malicious,attack 2,false positive
infrastructure,trace,9961,user9961,malicious,attack 2,true positive
infrastructure,metric,1658,user1658,malicious,attack 2,false positive
infrastructure,log,1658,user1658,malicious,attack 2,false positive
infrastructure,trace,1658,user1658,malicious,attack 2,true positive
infrastructure,metric,7649,user7649,malicious,attack 2,false positive
infrastructure,log,7649,user7649,malicious,attack 2,false positive
infrastructure,trace,7649,user7649,malicious,attack 2,true positive
infrastructure,metric,115,user115,malicious,attack 1,false positive
infrastructure,log,115,user115,malicious,attack 1,true positive
infrastructure,trace,115,user115,malicious,attack 1,false positive
infrastructure,metric,3448,user3448,regular,no attack,false positive
infrastructure,log,3448,user3448,regular,no attack,false positive
infrastructure,trace,3448,user3448,regular,no attack,false positive
infrastructure,metric,2160,user2160,regular,no attack,false positive
infrastructure,log,2160,user2160,regular,no attack,false positive
infrastructure,trace,2160,user2160,regular,no attack,false positive
business,metric,3371,user3371,malicious,attack 1,false positive
business,log,3371,user3371,malicious,attack 1,true positive
business,trace,3371,user3371,malicious,attack 1,false positive
business,metric,8388,user8388,malicious,attack 1,false positive
business,log,8388,user8388,malicious,attack 1,true positive
business,trace,8388,user8388,malicious,attack 1,false positive
infrastructure,metric,3230,user3230,regular,no attack,false positive
infrastructure,log,3230,user3230,regular,no attack,false positive
infrastructure,trace,3230,user3230,regular,no attack,false positive
business,metric,2301,user2301,malicious,attack 2,false positive
business,log,2301,user2301,malicious,attack 2,false positive
business,trace,2301,user2301,malicious,attack 2,true positive
business,metric,7610,user7610,malicious,attack 1,false positive
business,log,7610,user7610,malicious,attack 1,true positive
business,trace,7610,user7610,malicious,attack 1,false positive
business,metric,6081,user6081,malicious,attack 2,false positive
business,log,6081,user6081,malicious,attack 2,false positive
business,trace,6081,user6081,malicious,attack 2,true positive
business,metric,5633,user5633,malicious,attack 2,false positive
business,log,5633,user5633,malicious,attack 2,false positive
business,trace,5633,user5633,malicious,attack 2,true positive
infrastructure,metric,6886,user6886,malicious,attack 1,false positive
infrastructure,log,6886,user6886,malicious,attack 1,true positive
infrastructure,trace,6886,user6886,malicious,attack 1,false positive
business,metric,6124,user6124,regular,no attack,false positive
business,log,6124,user6124,regular,no attack,false positive
business,trace,6124,user6124,regular,no attack,false positive
infrastructure,metric,8115,user8115,malicious,attack 1,false positive
infrastructure,log,8115,user8115,malicious,attack 1,true positive
infrastructure,trace,8115,user8115,malicious,attack 1,false positive
infrastructure,metric,6488,user6488,regular,no attack,false positive
infrastructure,log,6488,user6488,regular,no attack,false positive
infrastructure,trace,6488,user6488,regular,no attack,false positive
business,metric,921,user921,malicious,attack 1,false positive
business,log,921,user921,malicious,attack 1,true positive
business,trace,921,user921,malicious,attack 1,false positive
infrastructure,metric,571,user571,malicious,attack 1,false positive
infrastructure,log,571,user571,malicious,attack 1,true positive
infrastructure,trace,571,user571,malicious,attack 1,false positive
infrastructure,metric,519,user519,regular,no attack,false positive
infrastructure,log,519,user519,regular,no attack,false positive
infrastructure,trace,519,user519,regular,no attack,false positive
infrastructure,metric,5245,user5245,regular,no attack,false positive
infrastructure,log,5245,user5245,regular,no attack,false positive
infrastructure,trace,5245,user5245,regular,no attack,false positive
infrastructure,metric,2084,user2084,malicious,attack 2,false positive
infrastructure,log,2084,user2084,malicious,attack 2,false positive
infrastructure,trace,2084,user2084,malicious,attack 2,true positive
infrastructure,metric,9089,user9089,regular,no attack,false positive
infrastructure,log,9089,user9089,regular,no attack,false positive
infrastructure,trace,9089,user9089,regular,no attack,false positive
business,metric,5152,user5152,malicious,attack 2,false positive
business,log,5152,user5152,malicious,attack 2,false positive
business,trace,5152,user5152,malicious,attack 2,true positive
business,metric,9792,user9792,regular,no attack,false positive
business,log,9792,user9792,regular,no attack,false positive
business,trace,9792,user9792,regular,no attack,false positive
infrastructure,metric,9515,user9515,malicious,attack 2,false positive
infrastructure,log,9515,user9515,malicious,attack 2,false positive
infrastructure,trace,9515,user9515,malicious,attack 2,true positive
business,metric,7952,user7952,malicious,attack 2,false positive
business,log,7952,user7952,malicious,attack 2,false positive
business,trace,7952,user7952,malicious,attack 2,true positive
business,metric,9752,user9752,malicious,attack 2,false positive
business,log,9752,user9752,malicious,attack 2,false positive
business,trace,9752,user9752,malicious,attack 2,true positive
business,metric,4962,user4962,malicious,attack 1,false positive
business,log,4962,user4962,malicious,attack 1,true positive
business,trace,4962,user4962,malicious,attack 1,false positive
business,metric,271,user271,malicious,attack 1,false positive
business,log,271,user271,malicious,attack 1,true positive
business,trace,271,user271,malicious,attack 1,false positive
infrastructure,metric,4069,user4069,malicious,attack 1,false positive
infrastructure,log,4069,user4069,malicious,attack 1,true positive
infrastructure,trace,4069,user4069,malicious,attack 1,false positive
business,metric,9923,user9923,malicious,attack 1,false positive
business,log,9923,user9923,malicious,attack 1,true positive
business,trace,9923,user9923,malicious,attack 1,false positive
business,metric,2981,user2981,malicious,attack 1,false positive
business,log,2981,user2981,malicious,attack 1,true positive
business,trace,2981,user2981,malicious,attack 1,false positive
business,metric,6596,user6596,malicious,attack 2,false positive
business,log,6596,user6596,malicious,attack 2,false positive
business,trace,6596,user6596,malicious,attack 2,true positive
business,metric,6538,user6538,malicious,attack 2,false positive
business,log,6538,user6538,malicious,attack 2,false positive
business,trace,6538,user6538,malicious,attack 2,true positive
infrastructure,metric,7958,user7958,malicious,attack 2,false positive
infrastructure,log,7958,user7958,malicious,attack 2,false positive
infrastructure,trace,7958,user7958,malicious,attack 2,true positive
business,metric,6266,user6266,malicious,attack 1,false positive
business,log,6266,user6266,malicious,attack 1,true positive
business,trace,6266,user6266,malicious,attack 1,false positive
infrastructure,metric,682,user682,malicious,attack 1,false positive
infrastructure,log,682,user682,malicious,attack 1,true positive
infrastructure,trace,682,user682,malicious,attack 1,false positive
infrastructure,metric,6061,user6061,regular,no attack,false positive
infrastructure,log,6061,user6061,regular,no attack,false positive
infrastructure,trace,6061,user6061,regular,no attack,false positive
business,metric,6297,user6297,malicious,attack 2,false positive
business,log,6297,user6297,malicious,attack 2,false positive
business,trace,6297,user6297,malicious,attack 2,true positive
business,metric,6609,user6609,malicious,attack 2,false positive
business,log,6609,user6609,malicious,attack 2,false positive
business,trace,6609,user6609,malicious,attack 2,true positive
infrastructure,metric,9083,user9083,malicious,attack 1,false positive
infrastructure,log,9083,user9083,malicious,attack 1,true positive
infrastructure,trace,9083,user9083,malicious,attack 1,false positive
infrastructure,metric,1439,user1439,malicious,attack 1,false positive
infrastructure,log,1439,user1439,malicious,attack 1,true positive
infrastructure,trace,1439,user1439,malicious,attack 1,false positive
business,metric,1832,user1832,malicious,attack 1,false positive
business,log,1832,user1832,malicious,attack 1,true positive
business,trace,1832,user1832,malicious,attack 1,false positive
infrastructure,metric,3454,user3454,regular,no attack,false positive
infrastructure,log,3454,user3454,regular,no attack,false positive
infrastructure,trace,3454,user3454,regular,no attack,false positive
infrastructure,metric,3157,user3157,malicious,attack 1,false positive
infrastructure,log,3157,user3157,malicious,attack 1,true positive
infrastructure,trace,3157,user3157,malicious,attack 1,false positive
business,metric,4503,user4503,malicious,attack 1,false positive
business,log,4503,user4503,malicious,attack 1,true positive
business,trace,4503,user4503,malicious,attack 1,false positive
business,metric,4203,user4203,regular,no attack,false positive
business,log,4203,user4203,regular,no attack,false positive
business,trace,4203,user4203,regular,no attack,false positive
infrastructure,metric,1474,user1474,malicious,attack 1,false positive
infrastructure,log,1474,user1474,malicious,attack 1,true positive
infrastructure,trace,1474,user1474,malicious,attack 1,false positive
infrastructure,metric,2409,user2409,regular,no attack,false positive
infrastructure,log,2409,user2409,regular,no attack,false positive
infrastructure,trace,2409,user2409,regular,no attack,false positive
infrastructure,metric,5543,user5543,regular,no attack,false positive
infrastructure,log,5543,user5543,regular,no attack,false positive
infrastructure,trace,5543,user5543,regular,no attack,false positive
business,metric,6854,user6854,malicious,attack 1,false positive
business,log,6854,user6854,malicious,attack 1,true positive
business,trace,6854,user6854,malicious,attack 1,false positive
infrastructure,metric,2093,user2093,malicious,attack 2,false positive
infrastructure,log,2093,user2093,malicious,attack 2,false positive
infrastructure,trace,2093,user2093,malicious,attack 2,true positive
infrastructure,metric,7735,user7735,malicious,attack 1,false positive
infrastructure,log,7735,user7735,malicious,attack 1,true positive
infrastructure,trace,7735,user7735,malicious,attack 1,false positive
business,metric,6460,user6460,regular,no attack,false positive
business,log,6460,user6460,regular,no attack,false positive
business,trace,6460,user6460,regular,no attack,false positive
infrastructure,metric,1666,user1666,regular,no attack,false positive
infrastructure,log,1666,user1666,regular,no attack,false positive
infrastructure,trace,1666,user1666,regular,no attack,false positive
business,metric,4071,user4071,malicious,attack 1,false positive
business,log,4071,user4071,malicious,attack 1,true positive
business,trace,4071,user4071,malicious,attack 1,false positive
business,metric,1665,user1665,malicious,attack 2,false positive
business,log,1665,user1665,malicious,attack 2,false positive
business,trace,1665,user1665,malicious,attack 2,true positive
infrastructure,metric,8282,user8282,regular,no attack,false positive
infrastructure,log,8282,user8282,regular,no attack,false positive
infrastructure,trace,8282,user8282,regular,no attack,false positive
business,metric,471,user471,malicious,attack 2,false positive
business,log,471,user471,malicious,attack 2,false positive
business,trace,471,user471,malicious,attack 2,true positive
infrastructure,metric,9120,user9120,regular,no attack,false positive
infrastructure,log,9120,user9120,regular,no attack,false positive
infrastructure,trace,9120,user9120,regular,no attack,false positive
business,metric,7525,user7525,malicious,attack 1,false positive
business,log,7525,user7525,malicious,attack 1,true positive
business,trace,7525,user7525,malicious,attack 1,false positive
business,metric,4301,user4301,malicious,attack 2,false positive
business,log,4301,user4301,malicious,attack 2,false positive
business,trace,4301,user4301,malicious,attack 2,true positive
infrastructure,metric,3401,user3401,malicious,attack 1,false positive
infrastructure,log,3401,user3401,malicious,attack 1,true positive
infrastructure,trace,3401,user3401,malicious,attack 1,false positive
business,metric,4630,user4630,malicious,attack 2,false positive
business,log,4630,user4630,malicious,attack 2,false positive
business,trace,4630,user4630,malicious,attack 2,true positive
business,metric,4631,user4631,malicious,attack 2,false positive
business,log,4631,user4631,malicious,attack 2,false positive
business,trace,4631,user4631,malicious,attack 2,true positive
business,metric,2379,user2379,regular,no attack,false positive
business,log,2379,user2379,regular,no attack,false positive
business,trace,2379,user2379,regular,no attack,false positive
infrastructure,metric,1216,user1216,malicious,attack 1,false positive
infrastructure,log,1216,user1216,malicious,attack 1,true positive
infrastructure,trace,1216,user1216,malicious,attack 1,false positive
business,metric,3392,user3392,regular,no attack,false positive
business,log,3392,user3392,regular,no attack,false positive
business,trace,3392,user3392,regular,no attack,false positive
infrastructure,metric,2841,user2841,regular,no attack,false positive
infrastructure,log,2841,user2841,regular,no attack,false positive
infrastructure,trace,2841,user2841,regular,no attack,false positive
infrastructure,metric,2655,user2655,regular,no attack,false positive
infrastructure,log,2655,user2655,regular,no attack,false positive
infrastructure,trace,2655,user2655,regular,no attack,false positive
business,metric,7813,user7813,regular,no attack,false positive
business,log,7813,user7813,regular,no attack,false positive
business,trace,7813,user7813,regular,no attack,false positive
business,metric,8489,user8489,malicious,attack 2,false positive
business,log,8489,user8489,malicious,attack 2,false positive
business,trace,8489,user8489,malicious,attack 2,true positive
infrastructure,metric,8285,user8285,malicious,attack 2,false positive
infrastructure,log,8285,user8285,malicious,attack 2,false positive
infrastructure,trace,8285,user8285,malicious,attack 2,true positive
infrastructure,metric,1072,user1072,malicious,attack 1,false positive
infrastructure,log,1072,user1072,malicious,attack 1,true positive
infrastructure,trace,1072,user1072,malicious,attack 1,false positive
business,metric,8918,user8918,regular,no attack,false positive
business,log,8918,user8918,regular,no attack,false positive
business,trace,8918,user8918,regular,no attack,false positive
business,metric,5323,user5323,malicious,attack 1,false positive
business,log,5323,user5323,malicious,attack 1,true positive
business,trace,5323,user5323,malicious,attack 1,false positive
business,metric,6287,user6287,malicious,attack 2,false positive
business,log,6287,user6287,malicious,attack 2,false positive
business,trace,6287,user6287,malicious,attack 2,true positive
infrastructure,metric,8839,user8839,malicious,attack 1,false positive
infrastructure,log,8839,user8839,malicious,attack 1,true positive
infrastructure,trace,8839,user8839,malicious,attack 1,false positive
infrastructure,metric,163,user163,regular,no attack,false positive
infrastructure,log,163,user163,regular,no attack,false positive
infrastructure,trace,163,user163,regular,no attack,false positive
business,metric,9546,user9546,regular,no attack,false positive
business,log,9546,user9546,regular,no attack,false positive
business,trace,9546,user9546,regular,no attack,false positive
infrastructure,metric,5309,user5309,malicious,attack 1,false positive
infrastructure,log,5309,user5309,malicious,attack 1,true positive
infrastructure,trace,5309,user5309,malicious,attack 1,false positive
business,metric,8341,user8341,malicious,attack 1,false positive
business,log,8341,user8341,malicious,attack 1,true positive
business,trace,8341,user8341,malicious,attack 1,false positive
infrastructure,metric,6071,user6071,regular,no attack,false positive
infrastructure,log,6071,user6071,regular,no attack,false positive
infrastructure,trace,6071,user6071,regular,no attack,false positive
business,metric,3,user3,malicious,attack 2,false positive
business,log,3,user3,malicious,attack 2,false positive
business,trace,3,user3,malicious,attack 2,true positive
business,metric,6922,user6922,regular,no attack,false positive
business,log,6922,user6922,regular,no attack,false positive
business,trace,6922,user6922,regular,no attack,false positive
infrastructure,metric,2659,user2659,malicious,attack 2,false positive
infrastructure,log,2659,user2659,malicious,attack 2,false positive
infrastructure,trace,2659,user2659,malicious,attack 2,true positive
business,metric,1876,user1876,malicious,attack 1,false positive
business,log,1876,user1876,malicious,attack 1,true positive
business,trace,1876,user1876,malicious,attack 1,false positive
infrastructure,metric,4877,user4877,regular,no attack,false positive
infrastructure,log,4877,user4877,regular,no attack,false positive
infrastructure,trace,4877,user4877,regular,no attack,false positive
infrastructure,metric,9753,user9753,malicious,attack 1,false positive
infrastructure,log,9753,user9753,malicious,attack 1,true positive
infrastructure,trace,9753,user9753,malicious,attack 1,false positive
infrastructure,metric,6652,user6652,malicious,attack 2,false positive
infrastructure,log,6652,user6652,malicious,attack 2,false positive
infrastructure,trace,6652,user6652,malicious,attack 2,true positive
infrastructure,metric,6317,user6317,malicious,attack 2,false positive
infrastructure,log,6317,user6317,malicious,attack 2,false positive
infrastructure,trace,6317,user6317,malicious,attack 2,true positive
business,metric,8439,user8439,regular,no attack,false positive
business,log,8439,user8439,regular,no attack,false positive
business,trace,8439,user8439,regular,no attack,false positive
infrastructure,metric,7456,user7456,malicious,attack 2,false positive
infrastructure,log,7456,user7456,malicious,attack 2,false positive
infrastructure,trace,7456,user7456,malicious,attack 2,true positive
infrastructure,metric,935,user935,regular,no attack,false positive
infrastructure,log,935,user935,regular,no attack,false positive
infrastructure,trace,935,user935,regular,no attack,false positive
business,metric,9090,user9090,malicious,attack 1,false positive
business,log,9090,user9090,malicious,attack 1,true positive
business,trace,9090,user9090,malicious,attack 1,false positive
infrastructure,metric,9994,user9994,malicious,attack 2,false positive
infrastructure,log,9994,user9994,malicious,attack 2,false positive
infrastructure,trace,9994,user9994,malicious,attack 2,true positive
infrastructure,metric,1568,user1568,malicious,attack 2,false positive
infrastructure,log,1568,user1568,malicious,attack 2,false positive
infrastructure,trace,1568,user1568,malicious,attack 2,true positive
business,metric,8843,user8843,malicious,attack 2,false positive
business,log,8843,user8843,malicious,attack 2,false positive
business,trace,8843,user8843,malicious,attack 2,true positive
infrastructure,metric,714,user714,malicious,attack 2,false positive
infrastructure,log,714,user714,malicious,attack 2,false positive
infrastructure,trace,714,user714,malicious,attack 2,true positive
infrastructure,metric,2800,user2800,regular,no attack,false positive
infrastructure,log,2800,user2800,regular,no attack,false positive
infrastructure,trace,2800,user2800,regular,no attack,false positive
infrastructure,metric,1689,user1689,malicious,attack 1,false positive
infrastructure,log,1689,user1689,malicious,attack 1,true positive
infrastructure,trace,1689,user1689,malicious,attack 1,false positive
infrastructure,metric,5711,user5711,regular,no attack,false positive
infrastructure,log,5711,user5711,regular,no attack,false positive
infrastructure,trace,5711,user5711,regular,no attack,false positive
business,metric,3134,user3134,malicious,attack 1,false positive
business,log,3134,user3134,malicious,attack 1,true positive
business,trace,3134,user3134,malicious,attack 1,false positive
business,metric,5729,user5729,malicious,attack 2,false positive
business,log,5729,user5729,malicious,attack 2,false positive
business,trace,5729,user5729,malicious,attack 2,true positive
business,metric,1232,user1232,regular,no attack,false positive
business,log,1232,user1232,regular,no attack,false positive
business,trace,1232,user1232,regular,no attack,false positive
infrastructure,metric,826,user826,malicious,attack 2,false positive
infrastructure,log,826,user826,malicious,attack 2,false positive
infrastructure,trace,826,user826,malicious,attack 2,true positive
business,metric,1451,user1451,malicious,attack 2,false positive
business,log,1451,user1451,malicious,attack 2,false positive
business,trace,1451,user1451,malicious,attack 2,true positive
infrastructure,metric,4534,user4534,malicious,attack 2,false positive
infrastructure,log,4534,user4534,malicious,attack 2,false positive
infrastructure,trace,4534,user4534,malicious,attack 2,true positive
infrastructure,metric,4152,user4152,malicious,attack 1,false positive
infrastructure,log,4152,user4152,malicious,attack 1,true positive
infrastructure,trace,4152,user4152,malicious,attack 1,false positive
business,metric,4734,user4734,regular,no attack,false positive
business,log,4734,user4734,regular,no attack,false positive
business,trace,4734,user4734,regular,no attack,false positive
business,metric,2963,user2963,malicious,attack 2,false positive
business,log,2963,user2963,malicious,attack 2,false positive
business,trace,2963,user2963,malicious,attack 2,true positive
infrastructure,metric,4362,user4362,malicious,attack 2,false positive
infrastructure,log,4362,user4362,malicious,attack 2,false positive
infrastructure,trace,4362,user4362,malicious,attack 2,true positive
infrastructure,metric,221,user221,regular,no attack,false positive
infrastructure,log,221,user221,regular,no attack,false positive
infrastructure,trace,221,user221,regular,no attack,false positive
infrastructure,metric,7526,user7526,malicious,attack 2,false positive
infrastructure,log,7526,user7526,malicious,attack 2,false positive
infrastructure,trace,7526,user7526,malicious,attack 2,true positive
infrastructure,metric,1400,user1400,malicious,attack 1,false positive
infrastructure,log,1400,user1400,malicious,attack 1,true positive
infrastructure,trace,1400,user1400,malicious,attack 1,false positive
infrastructure,metric,4476,user4476,regular,no attack,false positive
infrastructure,log,4476,user4476,regular,no attack,false positive
infrastructure,trace,4476,user4476,regular,no attack,false positive
infrastructure,metric,6079,user6079,malicious,attack 1,false positive
infrastructure,log,6079,user6079,malicious,attack 1,true positive
infrastructure,trace,6079,user6079,malicious,attack 1,false positive
infrastructure,metric,8024,user8024,malicious,attack 2,false positive
infrastructure,log,8024,user8024,malicious,attack 2,false positive
infrastructure,trace,8024,user8024,malicious,attack 2,true positive
business,metric,9838,user9838,malicious,attack 2,false positive
business,log,9838,user9838,malicious,attack 2,false positive
business,trace,9838,user9838,malicious,attack 2,true positive
infrastructure,metric,7266,user7266,malicious,attack 2,false positive
infrastructure,log,7266,user7266,malicious,attack 2,false positive
infrastructure,trace,7266,user7266,malicious,attack 2,true positive
business,metric,5314,user5314,malicious,attack 2,false positive
business,log,5314,user5314,malicious,attack 2,false positive
business,trace,5314,user5314,malicious,attack 2,true positive
business,metric,4147,user4147,malicious,attack 1,false positive
business,log,4147,user4147,malicious,attack 1,true positive
business,trace,4147,user4147,malicious,attack 1,false positive
business,metric,2253,user2253,malicious,attack 1,false positive
business,log,2253,user2253,malicious,attack 1,true positive
business,trace,2253,user2253,malicious,attack 1,false positive
business,metric,7076,user7076,regular,no attack,false positive
business,log,7076,user7076,regular,no attack,false positive
business,trace,7076,user7076,regular,no attack,false positive
infrastructure,metric,4524,user4524,malicious,attack 2,false positive
infrastructure,log,4524,user4524,malicious,attack 2,false positive
infrastructure,trace,4524,user4524,malicious,attack 2,true positive
business,metric,6857,user6857,regular,no attack,false positive
business,log,6857,user6857,regular,no attack,false positive
business,trace,6857,user6857,regular,no attack,false positive
business,metric,7525,user7525,malicious,attack 2,false positive
business,log,7525,user7525,malicious,attack 2,false positive
business,trace,7525,user7525,malicious,attack 2,true positive
business,metric,6561,user6561,malicious,attack 2,false positive
business,log,6561,user6561,malicious,attack 2,false positive
business,trace,6561,user6561,malicious,attack 2,true positive
business,metric,3043,user3043,malicious,attack 1,false positive
business,log,3043,user3043,malicious,attack 1,true positive
business,trace,3043,user3043,malicious,attack 1,false positive
business,metric,7326,user7326,regular,no attack,false positive
business,log,7326,user7326,regular,no attack,false positive
business,trace,7326,user7326,regular,no attack,false positive
business,metric,424,user424,regular,no attack,false positive
business,log,424,user424,regular,no attack,false positive
business,trace,424,user424,regular,no attack,false positive
infrastructure,metric,5177,user5177,malicious,attack 2,false positive
infrastructure,log,5177,user5177,malicious,attack 2,false positive
infrastructure,trace,5177,user5177,malicious,attack 2,true positive
infrastructure,metric,3801,user3801,malicious,attack 2,false positive
infrastructure,log,3801,user3801,malicious,attack 2,false positive
infrastructure,trace,3801,user3801,malicious,attack 2,true positive
business,metric,80,user80,malicious,attack 1,false positive
business,log,80,user80,malicious,attack 1,true positive
business,trace,80,user80,malicious,attack 1,false positive
infrastructure,metric,310,user310,malicious,attack 1,false positive
infrastructure,log,310,user310,malicious,attack 1,true positive
infrastructure,trace,310,user310,malicious,attack 1,false positive
business,metric,4328,user4328,malicious,attack 1,false positive
business,log,4328,user4328,malicious,attack 1,true positive
business,trace,4328,user4328,malicious,attack 1,false positive
business,metric,2589,user2589,malicious,attack 2,false positive
business,log,2589,user2589,malicious,attack 2,false positive
business,trace,2589,user2589,malicious,attack 2,true positive
business,metric,7089,user7089,regular,no attack,false positive
business,log,7089,user7089,regular,no attack,false positive
business,trace,7089,user7089,regular,no attack,false positive
business,metric,5348,user5348,malicious,attack 1,false positive
business,log,5348,user5348,malicious,attack 1,true positive
business,trace,5348,user5348,malicious,attack 1,false positive
business,metric,5468,user5468,malicious,attack 1,false positive
business,log,5468,user5468,malicious,attack 1,true positive
business,trace,5468,user5468,malicious,attack 1,false positive
business,metric,7651,user7651,malicious,attack 1,false positive
business,log,7651,user7651,malicious,attack 1,true positive
business,trace,7651,user7651,malicious,attack 1,false positive
business,metric,4775,user4775,regular,no attack,false positive
business,log,4775,user4775,regular,no attack,false positive
business,trace,4775,user4775,regular,no attack,false positive
infrastructure,metric,6315,user6315,malicious,attack 1,false positive
infrastructure,log,6315,user6315,malicious,attack 1,true positive
infrastructure,trace,6315,user6315,malicious,attack 1,false positive
infrastructure,metric,9427,user9427,regular,no attack,false positive
infrastructure,log,9427,user9427,regular,no attack,false positive
infrastructure,trace,9427,user9427,regular,no attack,false positive
infrastructure,metric,3459,user3459,malicious,attack 2,false positive
infrastructure,log,3459,user3459,malicious,attack 2,false positive
infrastructure,trace,3459,user3459,malicious,attack 2,true positive
business,metric,100,user100,malicious,attack 2,false positive
business,log,100,user100,malicious,attack 2,false positive
business,trace,100,user100,malicious,attack 2,true positive
business,metric,1738,user1738,malicious,attack 2,false positive
business,log,1738,user1738,malicious,attack 2,false positive
business,trace,1738,user1738,malicious,attack 2,true positive
infrastructure,metric,2756,user2756,regular,no attack,false positive
infrastructure,log,2756,user2756,regular,no attack,false positive
infrastructure,trace,2756,user2756,regular,no attack,false positive
business,metric,6598,user6598,malicious,attack 2,false positive
business,log,6598,user6598,malicious,attack 2,false positive
business,trace,6598,user6598,malicious,attack 2,true positive
business,metric,933,user933,malicious,attack 2,false positive
business,log,933,user933,malicious,attack 2,false positive
business,trace,933,user933,malicious,attack 2,true positive
infrastructure,metric,9017,user9017,malicious,attack 1,false positive
infrastructure,log,9017,user9017,malicious,attack 1,true positive
infrastructure,trace,9017,user9017,malicious,attack 1,false positive
business,metric,6579,user6579,malicious,attack 1,false positive
business,log,6579,user6579,malicious,attack 1,true positive
business,trace,6579,user6579,malicious,attack 1,false positive
infrastructure,metric,1663,user1663,malicious,attack 2,false positive
infrastructure,log,1663,user1663,malicious,attack 2,false positive
infrastructure,trace,1663,user1663,malicious,attack 2,true positive
infrastructure,metric,4202,user4202,regular,no attack,false positive
infrastructure,log,4202,user4202,regular,no attack,false positive
infrastructure,trace,4202,user4202,regular,no attack,false positive
infrastructure,metric,6456,user6456,malicious,attack 1,false positive
infrastructure,log,6456,user6456,malicious,attack 1,true positive
infrastructure,trace,6456,user6456,malicious,attack 1,false positive
business,metric,5908,user5908,malicious,attack 2,false positive
business,log,5908,user5908,malicious,attack 2,false positive
business,trace,5908,user5908,malicious,attack 2,true positive
infrastructure,metric,7091,user7091,malicious,attack 2,false positive
infrastructure,log,7091,user7091,malicious,attack 2,false positive
infrastructure,trace,7091,user7091,malicious,attack 2,true positive
business,metric,730,user730,malicious,attack 1,false positive
business,log,730,user730,malicious,attack 1,true positive
business,trace,730,user730,malicious,attack 1,false positive
infrastructure,metric,7112,user7112,malicious,attack 1,false positive
infrastructure,log,7112,user7112,malicious,attack 1,true positive
infrastructure,trace,7112,user7112,malicious,attack 1,false positive
infrastructure,metric,542,user542,malicious,attack 1,false positive
infrastructure,log,542,user542,malicious,attack 1,true positive
infrastructure,trace,542,user542,malicious,attack 1,false positive
business,metric,4992,user4992,malicious,attack 1,false positive
business,log,4992,user4992,malicious,attack 1,true positive
business,trace,4992,user4992,malicious,attack 1,false positive
business,metric,8809,user8809,malicious,attack 1,false positive
business,log,8809,user8809,malicious,attack 1,true positive
business,trace,8809,user8809,malicious,attack 1,false positive
infrastructure,metric,8595,user8595,malicious,attack 2,false positive
infrastructure,log,8595,user8595,malicious,attack 2,false positive
infrastructure,trace,8595,user8595,malicious,attack 2,true positive
infrastructure,metric,9030,user9030,regular,no attack,false positive
infrastructure,log,9030,user9030,regular,no attack,false positive
infrastructure,trace,9030,user9030,regular,no attack,false positive
business,metric,6469,user6469,malicious,attack 2,false positive
business,log,6469,user6469,malicious,attack 2,false positive
business,trace,6469,user6469,malicious,attack 2,true positive
business,metric,6879,user6879,regular,no attack,false positive
business,log,6879,user6879,regular,no attack,false positive
business,trace,6879,user6879,regular,no attack,false positive
business,metric,5111,user5111,regular,no attack,false positive
business,log,5111,user5111,regular,no attack,false positive
business,trace,5111,user5111,regular,no attack,false positive
business,metric,3731,user3731,regular,no attack,false positive
business,log,3731,user3731,regular,no attack,false positive
business,trace,3731,user3731,regular,no attack,false positive
infrastructure,metric,6667,user6667,regular,no attack,false positive
infrastructure,log,6667,user6667,regular,no attack,false positive
infrastructure,trace,6667,user6667,regular,no attack,false positive
business,metric,9477,user9477,regular,no attack,false positive
business,log,9477,user9477,regular,no attack,false positive
business,trace,9477,user9477,regular,no attack,false positive
infrastructure,metric,3948,user3948,malicious,attack 2,false positive
infrastructure,log,3948,user3948,malicious,attack 2,false positive
infrastructure,trace,3948,user3948,malicious,attack 2,true positive
business,metric,7016,user7016,malicious,attack 2,false positive
business,log,7016,user7016,malicious,attack 2,false positive
business,trace,7016,user7016,malicious,attack 2,true positive
business,metric,8868,user8868,regular,no attack,false positive
business,log,8868,user8868,regular,no attack,false positive
business,trace,8868,user8868,regular,no attack,false positive
business,metric,6917,user6917,malicious,attack 1,false positive
business,log,6917,user6917,malicious,attack 1,true positive
business,trace,6917,user6917,malicious,attack 1,false positive
business,metric,9108,user9108,regular,no attack,false positive
business,log,9108,user9108,regular,no attack,false positive
business,trace,9108,user9108,regular,no attack,false positive
infrastructure,metric,2235,user2235,malicious,attack 1,false positive
infrastructure,log,2235,user2235,malicious,attack 1,true positive
infrastructure,trace,2235,user2235,malicious,attack 1,false positive
business,metric,2075,user2075,malicious,attack 1,false positive
business,log,2075,user2075,malicious,attack 1,true positive
business,trace,2075,user2075,malicious,attack 1,false positive
infrastructure,metric,9581,user9581,malicious,attack 2,false positive
infrastructure,log,9581,user9581,malicious,attack 2,false positive
infrastructure,trace,9581,user9581,malicious,attack 2,true positive
business,metric,1654,user1654,regular,no attack,false positive
business,log,1654,user1654,regular,no attack,false positive
business,trace,1654,user1654,regular,no attack,false positive
business,metric,3944,user3944,regular,no attack,false positive
business,log,3944,user3944,regular,no attack,false positive
business,trace,3944,user3944,regular,no attack,false positive
business,metric,3068,user3068,malicious,attack 2,false positive
business,log,3068,user3068,malicious,attack 2,false positive
business,trace,3068,user3068,malicious,attack 2,true positive
business,metric,5463,user5463,regular,no attack,false positive
business,log,5463,user5463,regular,no attack,false positive
business,trace,5463,user5463,regular,no attack,false positive
infrastructure,metric,1548,user1548,malicious,attack 1,false positive
infrastructure,log,1548,user1548,malicious,attack 1,true positive
infrastructure,trace,1548,user1548,malicious,attack 1,false positive
business,metric,6506,user6506,regular,no attack,false positive
business,log,6506,user6506,regular,no attack,false positive
business,trace,6506,user6506,regular,no attack,false positive
infrastructure,metric,1083,user1083,malicious,attack 2,false positive
infrastructure,log,1083,user1083,malicious,attack 2,false positive
infrastructure,trace,1083,user1083,malicious,attack 2,true positive
infrastructure,metric,5180,user5180,malicious,attack 2,false positive
infrastructure,log,5180,user5180,malicious,attack 2,false positive
infrastructure,trace,5180,user5180,malicious,attack 2,true positive
business,metric,6878,user6878,malicious,attack 2,false positive
business,log,6878,user6878,malicious,attack 2,false positive
business,trace,6878,user6878,malicious,attack 2,true positive
infrastructure,metric,8277,user8277,malicious,attack 1,false positive
infrastructure,log,8277,user8277,malicious,attack 1,true positive
infrastructure,trace,8277,user8277,malicious,attack 1,false positive
business,metric,1357,user1357,malicious,attack 2,false positive
business,log,1357,user1357,malicious,attack 2,false positive
business,trace,1357,user1357,malicious,attack 2,true positive
infrastructure,metric,5219,user5219,regular,no attack,false positive
infrastructure,log,5219,user5219,regular,no attack,false positive
infrastructure,trace,5219,user5219,regular,no attack,false positive
business,metric,1012,user1012,malicious,attack 1,false positive
business,log,1012,user1012,malicious,attack 1,true positive
business,trace,1012,user1012,malicious,attack 1,false positive
infrastructure,metric,3018,user3018,regular,no attack,false positive
infrastructure,log,3018,user3018,regular,no attack,false positive
infrastructure,trace,3018,user3018,regular,no attack,false positive
infrastructure,metric,8879,user8879,malicious,attack 2,false positive
infrastructure,log,8879,user8879,malicious,attack 2,false positive
infrastructure,trace,8879,user8879,malicious,attack 2,true positive
infrastructure,metric,6350,user6350,regular,no attack,false positive
infrastructure,log,6350,user6350,regular,no attack,false positive
infrastructure,trace,6350,user6350,regular,no attack,false positive
business,metric,1750,user1750,malicious,attack 1,false positive
business,log,1750,user1750,malicious,attack 1,true positive
business,trace,1750,user1750,malicious,attack 1,false positive
infrastructure,metric,2277,user2277,malicious,attack 1,false positive
infrastructure,log,2277,user2277,malicious,attack 1,true positive
infrastructure,trace,2277,user2277,malicious,attack 1,false positive
business,metric,9767,user9767,malicious,attack 1,false positive
business,log,9767,user9767,malicious,attack 1,true positive
business,trace,9767,user9767,malicious,attack 1,false positive
infrastructure,metric,6999,user6999,malicious,attack 1,false positive
infrastructure,log,6999,user6999,malicious,attack 1,true positive
infrastructure,trace,6999,user6999,malicious,attack 1,false positive
infrastructure,metric,6969,user6969,regular,no attack,false positive
infrastructure,log,6969,user6969,regular,no attack,false positive
infrastructure,trace,6969,user6969,regular,no attack,false positive
business,metric,3719,user3719,regular,no attack,false positive
business,log,3719,user3719,regular,no attack,false positive
business,trace,3719,user3719,regular,no attack,false positive
infrastructure,metric,5003,user5003,malicious,attack 2,false positive
infrastructure,log,5003,user5003,malicious,attack 2,false positive
infrastructure,trace,5003,user5003,malicious,attack 2,true positive
business,metric,6509,user6509,malicious,attack 2,false positive
business,log,6509,user6509,malicious,attack 2,false positive
business,trace,6509,user6509,malicious,attack 2,true positive
infrastructure,metric,4539,user4539,malicious,attack 1,false positive
infrastructure,log,4539,user4539,malicious,attack 1,true positive
infrastructure,trace,4539,user4539,malicious,attack 1,false positive
business,metric,6074,user6074,regular,no attack,false positive
business,log,6074,user6074,regular,no attack,false positive
business,trace,6074,user6074,regular,no attack,false positive
infrastructure,metric,7193,user7193,malicious,attack 2,false positive
infrastructure,log,7193,user7193,malicious,attack 2,false positive
infrastructure,trace,7193,user7193,malicious,attack 2,true positive
business,metric,2811,user2811,malicious,attack 1,false positive
business,log,2811,user2811,malicious,attack 1,true positive
business,trace,2811,user2811,malicious,attack 1,false positive
business,metric,2813,user2813,regular,no attack,false positive
business,log,2813,user2813,regular,no attack,false positive
business,trace,2813,user2813,regular,no attack,false positive
business,metric,2645,user2645,regular,no attack,false positive
business,log,2645,user2645,regular,no attack,false positive
business,trace,2645,user2645,regular,no attack,false positive
infrastructure,metric,3698,user3698,regular,no attack,false positive
infrastructure,log,3698,user3698,regular,no attack,false positive
infrastructure,trace,3698,user3698,regular,no attack,false positive
business,metric,4403,user4403,malicious,attack 1,false positive
business,log,4403,user4403,malicious,attack 1,true positive
business,trace,4403,user4403,malicious,attack 1,false positive
business,metric,4385,user4385,regular,no attack,false positive
business,log,4385,user4385,regular,no attack,false positive
business,trace,4385,user4385,regular,no attack,false positive
infrastructure,metric,4329,user4329,malicious,attack 2,false positive
infrastructure,log,4329,user4329,malicious,attack 2,false positive
infrastructure,trace,4329,user4329,malicious,attack 2,true positive
infrastructure,metric,7261,user7261,malicious,attack 2,false positive
infrastructure,log,7261,user7261,malicious,attack 2,false positive
infrastructure,trace,7261,user7261,malicious,attack 2,true positive
business,metric,1590,user1590,malicious,attack 1,false positive
business,log,1590,user1590,malicious,attack 1,true positive
business,trace,1590,user1590,malicious,attack 1,false positive
business,metric,4662,user4662,malicious,attack 2,false positive
business,log,4662,user4662,malicious,attack 2,false positive
business,trace,4662,user4662,malicious,attack 2,true positive
infrastructure,metric,236,user236,regular,no attack,false positive
infrastructure,log,236,user236,regular,no attack,false positive
infrastructure,trace,236,user236,regular,no attack,false positive
business,metric,6319,user6319,malicious,attack 2,false positive
business,log,6319,user6319,malicious,attack 2,false positive
business,trace,6319,user6319,malicious,attack 2,true positive
business,metric,3804,user3804,malicious,attack 2,false positive
business,log,3804,user3804,malicious,attack 2,false positive
business,trace,3804,user3804,malicious,attack 2,true positive
infrastructure,metric,5256,user5256,regular,no attack,false positive
infrastructure,log,5256,user5256,regular,no attack,false positive
infrastructure,trace,5256,user5256,regular,no attack,false positive
infrastructure,metric,343,user343,malicious,attack 1,false positive
infrastructure,log,343,user343,malicious,attack 1,true positive
infrastructure,trace,343,user343,malicious,attack 1,false positive
business,metric,5554,user5554,malicious,attack 2,false positive
business,log,5554,user5554,malicious,attack 2,false positive
business,trace,5554,user5554,malicious,attack 2,true positive
infrastructure,metric,5241,user5241,regular,no attack,false positive
infrastructure,log,5241,user5241,regular,no attack,false positive
infrastructure,trace,5241,user5241,regular,no attack,false positive
business,metric,6157,user6157,malicious,attack 1,false positive
business,log,6157,user6157,malicious,attack 1,true positive
business,trace,6157,user6157,malicious,attack 1,false positive
infrastructure,metric,5419,user5419,malicious,attack 2,false positive
infrastructure,log,5419,user5419,malicious,attack 2,false positive
infrastructure,trace,5419,user5419,malicious,attack 2,true positive
business,metric,6589,user6589,malicious,attack 2,false positive
business,log,6589,user6589,malicious,attack 2,false positive
business,trace,6589,user6589,malicious,attack 2,true positive
business,metric,7985,user7985,malicious,attack 2,false positive
business,log,7985,user7985,malicious,attack 2,false positive
business,trace,7985,user7985,malicious,attack 2,true positive
business,metric,4918,user4918,regular,no attack,false positive
business,log,4918,user4918,regular,no attack,false positive
business,trace,4918,user4918,regular,no attack,false positive
business,metric,4052,user4052,regular,no attack,false positive
business,log,4052,user4052,regular,no attack,false positive
business,trace,4052,user4052,regular,no attack,false positive
business,metric,2106,user2106,regular,no attack,false positive
business,log,2106,user2106,regular,no attack,false positive
business,trace,2106,user2106,regular,no attack,false positive
infrastructure,metric,4034,user4034,regular,no attack,false positive
infrastructure,log,4034,user4034,regular,no attack,false positive
infrastructure,trace,4034,user4034,regular,no attack,false positive
business,metric,5872,user5872,regular,no attack,false positive
business,log,5872,user5872,regular,no attack,false positive
business,trace,5872,user5872,regular,no attack,false positive
business,metric,7595,user7595,regular,no attack,false positive
business,log,7595,user7595,regular,no attack,false positive
business,trace,7595,user7595,regular,no attack,false positive
infrastructure,metric,6929,user6929,regular,no attack,false positive
infrastructure,log,6929,user6929,regular,no attack,false positive
infrastructure,trace,6929,user6929,regular,no attack,false positive
business,metric,1299,user1299,malicious,attack 1,false positive
business,log,1299,user1299,malicious,attack 1,true positive
business,trace,1299,user1299,malicious,attack 1,false positive
infrastructure,metric,6355,user6355,regular,no attack,false positive
infrastructure,log,6355,user6355,regular,no attack,false positive
infrastructure,trace,6355,user6355,regular,no attack,false positive
business,metric,5752,user5752,malicious,attack 1,false positive
business,log,5752,user5752,malicious,attack 1,true positive
business,trace,5752,user5752,malicious,attack 1,false positive
business,metric,763,user763,malicious,attack 2,false positive
business,log,763,user763,malicious,attack 2,false positive
business,trace,763,user763,malicious,attack 2,true positive
business,metric,8520,user8520,regular,no attack,false positive
business,log,8520,user8520,regular,no attack,false positive
business,trace,8520,user8520,regular,no attack,false positive
business,metric,9910,user9910,malicious,attack 2,false positive
business,log,9910,user9910,malicious,attack 2,false positive
business,trace,9910,user9910,malicious,attack 2,true positive
infrastructure,metric,9820,user9820,malicious,attack 2,false positive
infrastructure,log,9820,user9820,malicious,attack 2,false positive
infrastructure,trace,9820,user9820,malicious,attack 2,true positive
business,metric,8084,user8084,regular,no attack,false positive
business,log,8084,user8084,regular,no attack,false positive
business,trace,8084,user8084,regular,no attack,false positive
infrastructure,metric,961,user961,malicious,attack 2,false positive
infrastructure,log,961,user961,malicious,attack 2,false positive
infrastructure,trace,961,user961,malicious,attack 2,true positive
infrastructure,metric,1154,user1154,malicious,attack 1,false positive
infrastructure,log,1154,user1154,malicious,attack 1,true positive
infrastructure,trace,1154,user1154,malicious,attack 1,false positive
infrastructure,metric,5984,user5984,malicious,attack 1,false positive
infrastructure,log,5984,user5984,malicious,attack 1,true positive
infrastructure,trace,5984,user5984,malicious,attack 1,false positive
infrastructure,metric,4913,user4913,malicious,attack 1,false positive
infrastructure,log,4913,user4913,malicious,attack 1,true positive
infrastructure,trace,4913,user4913,malicious,attack 1,false positive
business,metric,451,user451,malicious,attack 1,false positive
business,log,451,user451,malicious,attack 1,true positive
business,trace,451,user451,malicious,attack 1,false positive
business,metric,1766,user1766,regular,no attack,false positive
business,log,1766,user1766,regular,no attack,false positive
business,trace,1766,user1766,regular,no attack,false positive
infrastructure,metric,4246,user4246,malicious,attack 2,false positive
infrastructure,log,4246,user4246,malicious,attack 2,false positive
infrastructure,trace,4246,user4246,malicious,attack 2,true positive
infrastructure,metric,4556,user4556,malicious,attack 1,false positive
infrastructure,log,4556,user4556,malicious,attack 1,true positive
infrastructure,trace,4556,user4556,malicious,attack 1,false positive
infrastructure,metric,2988,user2988,malicious,attack 1,false positive
infrastructure,log,2988,user2988,malicious,attack 1,true positive
infrastructure,trace,2988,user2988,malicious,attack 1,false positive
infrastructure,metric,2739,user2739,regular,no attack,false positive
infrastructure,log,2739,user2739,regular,no attack,false positive
infrastructure,trace,2739,user2739,regular,no attack,false positive
infrastructure,metric,9133,user9133,malicious,attack 1,false positive
infrastructure,log,9133,user9133,malicious,attack 1,true positive
infrastructure,trace,9133,user9133,malicious,attack 1,false positive
business,metric,9670,user9670,malicious,attack 2,false positive
business,log,9670,user9670,malicious,attack 2,false positive
business,trace,9670,user9670,malicious,attack 2,true positive
infrastructure,metric,2737,user2737,malicious,attack 1,false positive
infrastructure,log,2737,user2737,malicious,attack 1,true positive
infrastructure,trace,2737,user2737,malicious,attack 1,false positive
business,metric,6079,user6079,malicious,attack 1,false positive
business,log,6079,user6079,malicious,attack 1,true positive
business,trace,6079,user6079,malicious,attack 1,false positive
infrastructure,metric,5996,user5996,malicious,attack 2,false positive
infrastructure,log,5996,user5996,malicious,attack 2,false positive
infrastructure,trace,5996,user5996,malicious,attack 2,true positive
infrastructure,metric,9597,user9597,malicious,attack 1,false positive
infrastructure,log,9597,user9597,malicious,attack 1,true positive
infrastructure,trace,9597,user9597,malicious,attack 1,false positive
infrastructure,metric,697,user697,malicious,attack 1,false positive
infrastructure,log,697,user697,malicious,attack 1,true positive
infrastructure,trace,697,user697,malicious,attack 1,false positive
infrastructure,metric,6646,user6646,malicious,attack 2,false positive
infrastructure,log,6646,user6646,malicious,attack 2,false positive
infrastructure,trace,6646,user6646,malicious,attack 2,true positive
business,metric,280,user280,regular,no attack,false positive
business,log,280,user280,regular,no attack,false positive
business,trace,280,user280,regular,no attack,false positive
business,metric,7399,user7399,regular,no attack,false positive
business,log,7399,user7399,regular,no attack,false positive
business,trace,7399,user7399,regular,no attack,false positive
infrastructure,metric,9316,user9316,regular,no attack,false positive
infrastructure,log,9316,user9316,regular,no attack,false positive
infrastructure,trace,9316,user9316,regular,no attack,false positive
business,metric,9198,user9198,regular,no attack,false positive
business,log,9198,user9198,regular,no attack,false positive
business,trace,9198,user9198,regular,no attack,false positive
business,metric,5997,user5997,malicious,attack 1,false positive
business,log,5997,user5997,malicious,attack 1,true positive
business,trace,5997,user5997,malicious,attack 1,false positive
business,metric,6410,user6410,malicious,attack 2,false positive
business,log,6410,user6410,malicious,attack 2,false positive
business,trace,6410,user6410,malicious,attack 2,true positive
business,metric,3416,user3416,malicious,attack 1,false positive
business,log,3416,user3416,malicious,attack 1,true positive
business,trace,3416,user3416,malicious,attack 1,false positive
business,metric,8824,user8824,malicious,attack 2,false positive
business,log,8824,user8824,malicious,attack 2,false positive
business,trace,8824,user8824,malicious,attack 2,true positive
infrastructure,metric,6529,user6529,regular,no attack,false positive
infrastructure,log,6529,user6529,regular,no attack,false positive
infrastructure,trace,6529,user6529,regular,no attack,false positive
business,metric,1847,user1847,regular,no attack,false positive
business,log,1847,user1847,regular,no attack,false positive
business,trace,1847,user1847,regular,no attack,false positive
infrastructure,metric,3149,user3149,regular,no attack,false positive
infrastructure,log,3149,user3149,regular,no attack,false positive
infrastructure,trace,3149,user3149,regular,no attack,false positive
infrastructure,metric,3551,user3551,regular,no attack,false positive
infrastructure,log,3551,user3551,regular,no attack,false positive
infrastructure,trace,3551,user3551,regular,no attack,false positive
business,metric,6697,user6697,malicious,attack 1,false positive
business,log,6697,user6697,malicious,attack 1,true positive
business,trace,6697,user6697,malicious,attack 1,false positive
business,metric,1999,user1999,malicious,attack 2,false positive
business,log,1999,user1999,malicious,attack 2,false positive
business,trace,1999,user1999,malicious,attack 2,true positive
business,metric,9925,user9925,malicious,attack 1,false positive
business,log,9925,user9925,malicious,attack 1,true positive
business,trace,9925,user9925,malicious,attack 1,false positive
infrastructure,metric,6015,user6015,regular,no attack,false positive
infrastructure,log,6015,user6015,regular,no attack,false positive
infrastructure,trace,6015,user6015,regular,no attack,false positive
infrastructure,metric,4449,user4449,malicious,attack 1,false positive
infrastructure,log,4449,user4449,malicious,attack 1,true positive
infrastructure,trace,4449,user4449,malicious,attack 1,false positive
infrastructure,metric,2307,user2307,malicious,attack 1,false positive
infrastructure,log,2307,user2307,malicious,attack 1,true positive
infrastructure,trace,2307,user2307,malicious,attack 1,false positive
infrastructure,metric,6528,user6528,regular,no attack,false positive
infrastructure,log,6528,user6528,regular,no attack,false positive
infrastructure,trace,6528,user6528,regular,no attack,false positive
business,metric,9677,user9677,regular,no attack,false positive
business,log,9677,user9677,regular,no attack,false positive
business,trace,9677,user9677,regular,no attack,false positive
business,metric,6832,user6832,malicious,attack 1,false positive
business,log,6832,user6832,malicious,attack 1,true positive
business,trace,6832,user6832,malicious,attack 1,false positive
infrastructure,metric,6188,user6188,malicious,attack 1,false positive
infrastructure,log,6188,user6188,malicious,attack 1,true positive
infrastructure,trace,6188,user6188,malicious,attack 1,false positive
infrastructure,metric,4670,user4670,malicious,attack 2,false positive
infrastructure,log,4670,user4670,malicious,attack 2,false positive
infrastructure,trace,4670,user4670,malicious,attack 2,true positive
infrastructure,metric,1061,user1061,malicious,attack 2,false positive
infrastructure,log,1061,user1061,malicious,attack 2,false positive
infrastructure,trace,1061,user1061,malicious,attack 2,true positive
business,metric,2755,user2755,malicious,attack 2,false positive
business,log,2755,user2755,malicious,attack 2,false positive
business,trace,2755,user2755,malicious,attack 2,true positive
business,metric,9557,user9557,malicious,attack 2,false positive
business,log,9557,user9557,malicious,attack 2,false positive
business,trace,9557,user9557,malicious,attack 2,true positive
business,metric,212,user212,malicious,attack 2,false positive
business,log,212,user212,malicious,attack 2,false positive
business,trace,212,user212,malicious,attack 2,true positive
infrastructure,metric,1281,user1281,malicious,attack 2,false positive
infrastructure,log,1281,user1281,malicious,attack 2,false positive
infrastructure,trace,1281,user1281,malicious,attack 2,true positive
infrastructure,metric,3330,user3330,regular,no attack,false positive
infrastructure,log,3330,user3330,regular,no attack,false positive
infrastructure,trace,3330,user3330,regular,no attack,false positive
business,metric,6037,user6037,regular,no attack,false positive
business,log,6037,user6037,regular,no attack,false positive
business,trace,6037,user6037,regular,no attack,false positive
business,metric,6740,user6740,malicious,attack 1,false positive
business,log,6740,user6740,malicious,attack 1,true positive
business,trace,6740,user6740,malicious,attack 1,false positive
business,metric,2331,user2331,regular,no attack,false positive
business,log,2331,user2331,regular,no attack,false positive
business,trace,2331,user2331,regular,no attack,false positive
infrastructure,metric,4668,user4668,malicious,attack 2,false positive
infrastructure,log,4668,user4668,malicious,attack 2,false positive
infrastructure,trace,4668,user4668,malicious,attack 2,true positive
infrastructure,metric,327,user327,malicious,attack 1,false positive
infrastructure,log,327,user327,malicious,attack 1,true positive
infrastructure,trace,327,user327,malicious,attack 1,false positive
business,metric,183,user183,malicious,attack 1,false positive
business,log,183,user183,malicious,attack 1,true positive
business,trace,183,user183,malicious,attack 1,false positive
business,metric,7188,user7188,malicious,attack 1,false positive
business,log,7188,user7188,malicious,attack 1,true positive
business,trace,7188,user7188,malicious,attack 1,false positive
business,metric,6058,user6058,malicious,attack 2,false positive
business,log,6058,user6058,malicious,attack 2,false positive
business,trace,6058,user6058,malicious,attack 2,true positive
infrastructure,metric,4206,user4206,malicious,attack 2,false positive
infrastructure,log,4206,user4206,malicious,attack 2,false positive
infrastructure,trace,4206,user4206,malicious,attack 2,true positive
infrastructure,metric,7252,user7252,malicious,attack 1,false positive
infrastructure,log,7252,user7252,malicious,attack 1,true positive
infrastructure,trace,7252,user7252,malicious,attack 1,false positive
infrastructure,metric,4534,user4534,malicious,attack 2,false positive
infrastructure,log,4534,user4534,malicious,attack 2,false positive
infrastructure,trace,4534,user4534,malicious,attack 2,true positive
infrastructure,metric,701,user701,malicious,attack 1,false positive
infrastructure,log,701,user701,malicious,attack 1,true positive
infrastructure,trace,701,user701,malicious,attack 1,false positive
business,metric,5700,user5700,malicious,attack 2,false positive
business,log,5700,user5700,malicious,attack 2,false positive
business,trace,5700,user5700,malicious,attack 2,true positive
infrastructure,metric,7894,user7894,malicious,attack 1,false positive
infrastructure,log,7894,user7894,malicious,attack 1,true positive
infrastructure,trace,7894,user7894,malicious,attack 1,false positive
business,metric,7747,user7747,malicious,attack 1,false positive
business,log,7747,user7747,malicious,attack 1,true positive
business,trace,7747,user7747,malicious,attack 1,false positive
infrastructure,metric,2466,user2466,malicious,attack 2,false positive
infrastructure,log,2466,user2466,malicious,attack 2,false positive
infrastructure,trace,2466,user2466,malicious,attack 2,true positive
infrastructure,metric,4536,user4536,regular,no attack,false positive
infrastructure,log,4536,user4536,regular,no attack,false positive
infrastructure,trace,4536,user4536,regular,no attack,false positive
business,metric,7066,user7066,malicious,attack 2,false positive
business,log,7066,user7066,malicious,attack 2,false positive
business,trace,7066,user7066,malicious,attack 2,true positive
business,metric,7922,user7922,malicious,attack 1,false positive
business,log,7922,user7922,malicious,attack 1,true positive
business,trace,7922,user7922,malicious,attack 1,false positive
infrastructure,metric,8350,user8350,regular,no attack,false positive
infrastructure,log,8350,user8350,regular,no attack,false positive
infrastructure,trace,8350,user8350,regular,no attack,false positive
infrastructure,metric,8437,user8437,malicious,attack 2,false positive
infrastructure,log,8437,user8437,malicious,attack 2,false positive
infrastructure,trace,8437,user8437,malicious,attack 2,true positive
business,metric,8950,user8950,malicious,attack 1,false positive
business,log,8950,user8950,malicious,attack 1,true positive
business,trace,8950,user8950,malicious,attack 1,false positive
infrastructure,metric,8456,user8456,malicious,attack 2,false positive
infrastructure,log,8456,user8456,malicious,attack 2,false positive
infrastructure,trace,8456,user8456,malicious,attack 2,true positive
infrastructure,metric,1578,user1578,malicious,attack 1,false positive
infrastructure,log,1578,user1578,malicious,attack 1,true positive
infrastructure,trace,1578,user1578,malicious,attack 1,false positive
infrastructure,metric,2482,user2482,regular,no attack,false positive
infrastructure,log,2482,user2482,regular,no attack,false positive
infrastructure,trace,2482,user2482,regular,no attack,false positive
infrastructure,metric,2262,user2262,malicious,attack 1,false positive
infrastructure,log,2262,user2262,malicious,attack 1,true positive
infrastructure,trace,2262,user2262,malicious,attack 1,false positive
infrastructure,metric,4242,user4242,malicious,attack 2,false positive
infrastructure,log,4242,user4242,malicious,attack 2,false positive
infrastructure,trace,4242,user4242,malicious,attack 2,true positive
business,metric,1067,user1067,regular,no attack,false positive
business,log,1067,user1067,regular,no attack,false positive
business,trace,1067,user1067,regular,no attack,false positive
business,metric,7718,user7718,malicious,attack 1,false positive
business,log,7718,user7718,malicious,attack 1,true positive
business,trace,7718,user7718,malicious,attack 1,false positive
business,metric,2822,user2822,malicious,attack 2,false positive
business,log,2822,user2822,malicious,attack 2,false positive
business,trace,2822,user2822,malicious,attack 2,true positive
business,metric,6013,user6013,malicious,attack 1,false positive
business,log,6013,user6013,malicious,attack 1,true positive
business,trace,6013,user6013,malicious,attack 1,false positive
infrastructure,metric,393,user393,regular,no attack,false positive
infrastructure,log,393,user393,regular,no attack,false positive
infrastructure,trace,393,user393,regular,no attack,false positive
business,metric,5408,user5408,malicious,attack 1,false positive
business,log,5408,user5408,malicious,attack 1,true positive
business,trace,5408,user5408,malicious,attack 1,false positive
business,metric,4845,user4845,regular,no attack,false positive
business,log,4845,user4845,regular,no attack,false positive
business,trace,4845,user4845,regular,no attack,false positive
business,metric,2932,user2932,malicious,attack 2,false positive
business,log,2932,user2932,malicious,attack 2,false positive
business,trace,2932,user2932,malicious,attack 2,true positive
business,metric,2768,user2768,malicious,attack 2,false positive
business,log,2768,user2768,malicious,attack 2,false positive
business,trace,2768,user2768,malicious,attack 2,true positive
business,metric,2741,user2741,regular,no attack,false positive
business,log,2741,user2741,regular,no attack,false positive
business,trace,2741,user2741,regular,no attack,false positive
infrastructure,metric,1141,user1141,regular,no attack,false positive
infrastructure,log,1141,user1141,regular,no attack,false positive
infrastructure,trace,1141,user1141,regular,no attack,false positive
business,metric,716,user716,malicious,attack 1,false positive
business,log,716,user716,malicious,attack 1,true positive
business,trace,716,user716,malicious,attack 1,false positive
infrastructure,metric,1722,user1722,malicious,attack 1,false positive
infrastructure,log,1722,user1722,malicious,attack 1,true positive
infrastructure,trace,1722,user1722,malicious,attack 1,false positive
infrastructure,metric,1135,user1135,malicious,attack 2,false positive
infrastructure,log,1135,user1135,malicious,attack 2,false positive
infrastructure,trace,1135,user1135,malicious,attack 2,true positive
business,metric,6600,user6600,malicious,attack 1,false positive
business,log,6600,user6600,malicious,attack 1,true positive
business,trace,6600,user6600,malicious,attack 1,false positive
business,metric,6053,user6053,regular,no attack,false positive
business,log,6053,user6053,regular,no attack,false positive
business,trace,6053,user6053,regular,no attack,false positive
business,metric,1873,user1873,malicious,attack 1,false positive
business,log,1873,user1873,malicious,attack 1,true positive
business,trace,1873,user1873,malicious,attack 1,false positive
infrastructure,metric,8382,user8382,malicious,attack 1,false positive
infrastructure,log,8382,user8382,malicious,attack 1,true positive
infrastructure,trace,8382,user8382,malicious,attack 1,false positive
infrastructure,metric,41,user41,regular,no attack,false positive
infrastructure,log,41,user41,regular,no attack,false positive
infrastructure,trace,41,user41,regular,no attack,false positive
business,metric,3529,user3529,malicious,attack 1,false positive
business,log,3529,user3529,malicious,attack 1,true positive
business,trace,3529,user3529,malicious,attack 1,false positive
infrastructure,metric,4417,user4417,malicious,attack 1,false positive
infrastructure,log,4417,user4417,malicious,attack 1,true positive
infrastructure,trace,4417,user4417,malicious,attack 1,false positive
business,metric,5826,user5826,regular,no attack,false positive
business,log,5826,user5826,regular,no attack,false positive
business,trace,5826,user5826,regular,no attack,false positive
business,metric,6939,user6939,malicious,attack 2,false positive
business,log,6939,user6939,malicious,attack 2,false positive
business,trace,6939,user6939,malicious,attack 2,true positive
infrastructure,metric,9395,user9395,malicious,attack 1,false positive
infrastructure,log,9395,user9395,malicious,attack 1,true positive
infrastructure,trace,9395,user9395,malicious,attack 1,false positive
business,metric,4087,user4087,malicious,attack 2,false positive
business,log,4087,user4087,malicious,attack 2,false positive
business,trace,4087,user4087,malicious,attack 2,true positive
business,metric,8124,user8124,malicious,attack 1,false positive
business,log,8124,user8124,malicious,attack 1,true positive
business,trace,8124,user8124,malicious,attack 1,false positive
business,metric,8933,user8933,malicious,attack 1,false positive
business,log,8933,user8933,malicious,attack 1,true positive
business,trace,8933,user8933,malicious,attack 1,false positive
infrastructure,metric,4584,user4584,malicious,attack 1,false positive
infrastructure,log,4584,user4584,malicious,attack 1,true positive
infrastructure,trace,4584,user4584,malicious,attack 1,false positive
business,metric,2180,user2180,malicious,attack 1,false positive
business,log,2180,user2180,malicious,attack 1,true positive
business,trace,2180,user2180,malicious,attack 1,false positive
business,metric,2593,user2593,regular,no attack,false positive
business,log,2593,user2593,regular,no attack,false positive
business,trace,2593,user2593,regular,no attack,false positive
infrastructure,metric,8556,user8556,regular,no attack,false positive
infrastructure,log,8556,user8556,regular,no attack,false positive
infrastructure,trace,8556,user8556,regular,no attack,false positive
business,metric,5732,user5732,malicious,attack 1,false positive
business,log,5732,user5732,malicious,attack 1,true positive
business,trace,5732,user5732,malicious,attack 1,false positive
infrastructure,metric,7787,user7787,regular,no attack,false positive
infrastructure,log,7787,user7787,regular,no attack,false positive
infrastructure,trace,7787,user7787,regular,no attack,false positive
business,metric,5633,user5633,malicious,attack 2,false positive
business,log,5633,user5633,malicious,attack 2,false positive
business,trace,5633,user5633,malicious,attack 2,true positive
infrastructure,metric,1017,user1017,malicious,attack 1,false positive
infrastructure,log,1017,user1017,malicious,attack 1,true positive
infrastructure,trace,1017,user1017,malicious,attack 1,false positive
infrastructure,metric,9288,user9288,malicious,attack 1,false positive
infrastructure,log,9288,user9288,malicious,attack 1,true positive
infrastructure,trace,9288,user9288,malicious,attack 1,false positive
business,metric,3826,user3826,malicious,attack 1,false positive
business,log,3826,user3826,malicious,attack 1,true positive
business,trace,3826,user3826,malicious,attack 1,false positive
business,metric,9809,user9809,malicious,attack 2,false positive
business,log,9809,user9809,malicious,attack 2,false positive
business,trace,9809,user9809,malicious,attack 2,true positive
business,metric,8928,user8928,malicious,attack 1,false positive
business,log,8928,user8928,malicious,attack 1,true positive
business,trace,8928,user8928,malicious,attack 1,false positive
infrastructure,metric,4056,user4056,malicious,attack 1,false positive
infrastructure,log,4056,user4056,malicious,attack 1,true positive
infrastructure,trace,4056,user4056,malicious,attack 1,false positive
business,metric,3205,user3205,malicious,attack 2,false positive
business,log,3205,user3205,malicious,attack 2,false positive
business,trace,3205,user3205,malicious,attack 2,true positive
infrastructure,metric,5677,user5677,malicious,attack 2,false positive
infrastructure,log,5677,user5677,malicious,attack 2,false positive
infrastructure,trace,5677,user5677,malicious,attack 2,true positive
business,metric,8879,user8879,malicious,attack 1,false positive
business,log,8879,user8879,malicious,attack 1,true positive
business,trace,8879,user8879,malicious,attack 1,false positive
business,metric,795,user795,regular,no attack,false positive
business,log,795,user795,regular,no attack,false positive
business,trace,795,user795,regular,no attack,false positive
infrastructure,metric,1349,user1349,regular,no attack,false positive
infrastructure,log,1349,user1349,regular,no attack,false positive
infrastructure,trace,1349,user1349,regular,no attack,false positive
business,metric,8640,user8640,malicious,attack 2,false positive
business,log,8640,user8640,malicious,attack 2,false positive
business,trace,8640,user8640,malicious,attack 2,true positive
infrastructure,metric,9118,user9118,malicious,attack 1,false positive
infrastructure,log,9118,user9118,malicious,attack 1,true positive
infrastructure,trace,9118,user9118,malicious,attack 1,false positive
infrastructure,metric,553,user553,malicious,attack 1,false positive
infrastructure,log,553,user553,malicious,attack 1,true positive
infrastructure,trace,553,user553,malicious,attack 1,false positive
business,metric,210,user210,regular,no attack,false positive
business,log,210,user210,regular,no attack,false positive
business,trace,210,user210,regular,no attack,false positive
infrastructure,metric,469,user469,malicious,attack 1,false positive
infrastructure,log,469,user469,malicious,attack 1,true positive
infrastructure,trace,469,user469,malicious,attack 1,false positive
infrastructure,metric,5756,user5756,malicious,attack 1,false positive
infrastructure,log,5756,user5756,malicious,attack 1,true positive
infrastructure,trace,5756,user5756,malicious,attack 1,false positive
business,metric,4224,user4224,malicious,attack 1,false positive
business,log,4224,user4224,malicious,attack 1,true positive
business,trace,4224,user4224,malicious,attack 1,false positive
infrastructure,metric,5966,user5966,regular,no attack,false positive
infrastructure,log,5966,user5966,regular,no attack,false positive
infrastructure,trace,5966,user5966,regular,no attack,false positive
business,metric,9358,user9358,malicious,attack 2,false positive
business,log,9358,user9358,malicious,attack 2,false positive
business,trace,9358,user9358,malicious,attack 2,true positive
business,metric,4372,user4372,malicious,attack 1,false positive
business,log,4372,user4372,malicious,attack 1,true positive
business,trace,4372,user4372,malicious,attack 1,false positive
business,metric,2183,user2183,malicious,attack 2,false positive
business,log,2183,user2183,malicious,attack 2,false positive
business,trace,2183,user2183,malicious,attack 2,true positive
business,metric,6055,user6055,regular,no attack,false positive
business,log,6055,user6055,regular,no attack,false positive
business,trace,6055,user6055,regular,no attack,false positive
business,metric,2495,user2495,malicious,attack 1,false positive
business,log,2495,user2495,malicious,attack 1,true positive
business,trace,2495,user2495,malicious,attack 1,false positive
infrastructure,metric,5819,user5819,malicious,attack 1,false positive
infrastructure,log,5819,user5819,malicious,attack 1,true positive
infrastructure,trace,5819,user5819,malicious,attack 1,false positive
infrastructure,metric,9348,user9348,regular,no attack,false positive
infrastructure,log,9348,user9348,regular,no attack,false positive
infrastructure,trace,9348,user9348,regular,no attack,false positive
infrastructure,metric,7843,user7843,malicious,attack 1,false positive
infrastructure,log,7843,user7843,malicious,attack 1,true positive
infrastructure,trace,7843,user7843,malicious,attack 1,false positive
infrastructure,metric,1175,user1175,malicious,attack 2,false positive
infrastructure,log,1175,user1175,malicious,attack 2,false positive
infrastructure,trace,1175,user1175,malicious,attack 2,true positive
infrastructure,metric,4474,user4474,malicious,attack 2,false positive
infrastructure,log,4474,user4474,malicious,attack 2,false positive
infrastructure,trace,4474,user4474,malicious,attack 2,true positive
infrastructure,metric,5545,user5545,malicious,attack 2,false positive
infrastructure,log,5545,user5545,malicious,attack 2,false positive
infrastructure,trace,5545,user5545,malicious,attack 2,true positive
infrastructure,metric,2176,user2176,malicious,attack 1,false positive
infrastructure,log,2176,user2176,malicious,attack 1,true positive
infrastructure,trace,2176,user2176,malicious,attack 1,false positive
infrastructure,metric,6505,user6505,malicious,attack 1,false positive
infrastructure,log,6505,user6505,malicious,attack 1,true positive
infrastructure,trace,6505,user6505,malicious,attack 1,false positive
business,metric,4085,user4085,malicious,attack 2,false positive
business,log,4085,user4085,malicious,attack 2,false positive
business,trace,4085,user4085,malicious,attack 2,true positive
infrastructure,metric,9203,user9203,regular,no attack,false positive
infrastructure,log,9203,user9203,regular,no attack,false positive
infrastructure,trace,9203,user9203,regular,no attack,false positive
business,metric,930,user930,regular,no attack,false positive
business,log,930,user930,regular,no attack,false positive
business,trace,930,user930,regular,no attack,false positive
business,metric,6935,user6935,regular,no attack,false positive
business,log,6935,user6935,regular,no attack,false positive
business,trace,6935,user6935,regular,no attack,false positive
infrastructure,metric,2850,user2850,regular,no attack,false positive
infrastructure,log,2850,user2850,regular,no attack,false positive
infrastructure,trace,2850,user2850,regular,no attack,false positive
business,metric,1262,user1262,regular,no attack,false positive
business,log,1262,user1262,regular,no attack,false positive
business,trace,1262,user1262,regular,no attack,false positive
infrastructure,metric,5698,user5698,malicious,attack 1,false positive
infrastructure,log,5698,user5698,malicious,attack 1,true positive
infrastructure,trace,5698,user5698,malicious,attack 1,false positive
infrastructure,metric,4479,user4479,regular,no attack,false positive
infrastructure,log,4479,user4479,regular,no attack,false positive
infrastructure,trace,4479,user4479,regular,no attack,false positive
business,metric,2359,user2359,malicious,attack 1,false positive
business,log,2359,user2359,malicious,attack 1,true positive
business,trace,2359,user2359,malicious,attack 1,false positive
business,metric,8260,user8260,malicious,attack 2,false positive
business,log,8260,user8260,malicious,attack 2,false positive
business,trace,8260,user8260,malicious,attack 2,true positive
infrastructure,metric,3090,user3090,malicious,attack 1,false positive
infrastructure,log,3090,user3090,malicious,attack 1,true positive
infrastructure,trace,3090,user3090,malicious,attack 1,false positive
infrastructure,metric,2633,user2633,malicious,attack 1,false positive
infrastructure,log,2633,user2633,malicious,attack 1,true positive
infrastructure,trace,2633,user2633,malicious,attack 1,false positive
business,metric,5844,user5844,malicious,attack 2,false positive
business,log,5844,user5844,malicious,attack 2,false positive
business,trace,5844,user5844,malicious,attack 2,true positive
business,metric,5673,user5673,malicious,attack 2,false positive
business,log,5673,user5673,malicious,attack 2,false positive
business,trace,5673,user5673,malicious,attack 2,true positive
business,metric,7208,user7208,malicious,attack 2,false positive
business,log,7208,user7208,malicious,attack 2,false positive
business,trace,7208,user7208,malicious,attack 2,true positive
business,metric,9670,user9670,malicious,attack 1,false positive
business,log,9670,user9670,malicious,attack 1,true positive
business,trace,9670,user9670,malicious,attack 1,false positive
infrastructure,metric,6836,user6836,malicious,attack 2,false positive
infrastructure,log,6836,user6836,malicious,attack 2,false positive
infrastructure,trace,6836,user6836,malicious,attack 2,true positive
business,metric,5077,user5077,malicious,attack 2,false positive
business,log,5077,user5077,malicious,attack 2,false positive
business,trace,5077,user5077,malicious,attack 2,true positive
business,metric,412,user412,regular,no attack,false positive
business,log,412,user412,regular,no attack,false positive
business,trace,412,user412,regular,no attack,false positive
business,metric,2215,user2215,malicious,attack 1,false positive
business,log,2215,user2215,malicious,attack 1,true positive
business,trace,2215,user2215,malicious,attack 1,false positive
business,metric,3303,user3303,regular,no attack,false positive
business,log,3303,user3303,regular,no attack,false positive
business,trace,3303,user3303,regular,no attack,false positive
infrastructure,metric,1645,user1645,regular,no attack,false positive
infrastructure,log,1645,user1645,regular,no attack,false positive
infrastructure,trace,1645,user1645,regular,no attack,false positive
infrastructure,metric,2318,user2318,malicious,attack 1,false positive
infrastructure,log,2318,user2318,malicious,attack 1,true positive
infrastructure,trace,2318,user2318,malicious,attack 1,false positive
business,metric,5874,user5874,regular,no attack,false positive
business,log,5874,user5874,regular,no attack,false positive
business,trace,5874,user5874,regular,no attack,false positive
infrastructure,metric,607,user607,malicious,attack 1,false positive
infrastructure,log,607,user607,malicious,attack 1,true positive
infrastructure,trace,607,user607,malicious,attack 1,false positive
infrastructure,metric,5339,user5339,malicious,attack 2,false positive
infrastructure,log,5339,user5339,malicious,attack 2,false positive
infrastructure,trace,5339,user5339,malicious,attack 2,true positive
infrastructure,metric,447,user447,malicious,attack 2,false positive
infrastructure,log,447,user447,malicious,attack 2,false positive
infrastructure,trace,447,user447,malicious,attack 2,true positive
infrastructure,metric,8678,user8678,malicious,attack 1,false positive
infrastructure,log,8678,user8678,malicious,attack 1,true positive
infrastructure,trace,8678,user8678,malicious,attack 1,false positive
business,metric,967,user967,malicious,attack 1,false positive
business,log,967,user967,malicious,attack 1,true positive
business,trace,967,user967,malicious,attack 1,false positive
business,metric,1742,user1742,regular,no attack,false positive
business,log,1742,user1742,regular,no attack,false positive
business,trace,1742,user1742,regular,no attack,false positive
business,metric,9306,user9306,malicious,attack 2,false positive
business,log,9306,user9306,malicious,attack 2,false positive
business,trace,9306,user9306,malicious,attack 2,true positive
infrastructure,metric,2972,user2972,malicious,attack 1,false positive
infrastructure,log,2972,user2972,malicious,attack 1,true positive
infrastructure,trace,2972,user2972,malicious,attack 1,false positive
business,metric,8568,user8568,regular,no attack,false positive
business,log,8568,user8568,regular,no attack,false positive
business,trace,8568,user8568,regular,no attack,false positive
business,metric,6091,user6091,regular,no attack,false positive
business,log,6091,user6091,regular,no attack,false positive
business,trace,6091,user6091,regular,no attack,false positive
business,metric,7469,user7469,regular,no attack,false positive
business,log,7469,user7469,regular,no attack,false positive
business,trace,7469,user7469,regular,no attack,false positive
infrastructure,metric,3240,user3240,malicious,attack 2,false positive
infrastructure,log,3240,user3240,malicious,attack 2,false positive
infrastructure,trace,3240,user3240,malicious,attack 2,true positive
infrastructure,metric,8640,user8640,malicious,attack 1,false positive
infrastructure,log,8640,user8640,malicious,attack 1,true positive
infrastructure,trace,8640,user8640,malicious,attack 1,false positive
infrastructure,metric,8646,user8646,regular,no attack,false positive
infrastructure,log,8646,user8646,regular,no attack,false positive
infrastructure,trace,8646,user8646,regular,no attack,false positive
infrastructure,metric,2927,user2927,malicious,attack 1,false positive
infrastructure,log,2927,user2927,malicious,attack 1,true positive
infrastructure,trace,2927,user2927,malicious,attack 1,false positive
infrastructure,metric,6761,user6761,regular,no attack,false positive
infrastructure,log,6761,user6761,regular,no attack,false positive
infrastructure,trace,6761,user6761,regular,no attack,false positive
infrastructure,metric,6870,user6870,malicious,attack 2,false positive
infrastructure,log,6870,user6870,malicious,attack 2,false positive
infrastructure,trace,6870,user6870,malicious,attack 2,true positive
infrastructure,metric,9966,user9966,malicious,attack 2,false positive
infrastructure,log,9966,user9966,malicious,attack 2,false positive
infrastructure,trace,9966,user9966,malicious,attack 2,true positive
business,metric,7892,user7892,malicious,attack 1,false positive
business,log,7892,user7892,malicious,attack 1,true positive
business,trace,7892,user7892,malicious,attack 1,false positive
business,metric,5242,user5242,malicious,attack 2,false positive
business,log,5242,user5242,malicious,attack 2,false positive
business,trace,5242,user5242,malicious,attack 2,true positive
business,metric,3845,user3845,malicious,attack 1,false positive
business,log,3845,user3845,malicious,attack 1,true positive
business,trace,3845,user3845,malicious,attack 1,false positive
business,metric,4003,user4003,malicious,attack 1,false positive
business,log,4003,user4003,malicious,attack 1,true positive
business,trace,4003,user4003,malicious,attack 1,false positive
business,metric,2241,user2241,malicious,attack 2,false positive
business,log,2241,user2241,malicious,attack 2,false positive
business,trace,2241,user2241,malicious,attack 2,true positive
infrastructure,metric,727,user727,malicious,attack 2,false positive
infrastructure,log,727,user727,malicious,attack 2,false positive
infrastructure,trace,727,user727,malicious,attack 2,true positive
business,metric,9687,user9687,malicious,attack 1,false positive
business,log,9687,user9687,malicious,attack 1,true positive
business,trace,9687,user9687,malicious,attack 1,false positive
business,metric,4563,user4563,malicious,attack 1,false positive
business,log,4563,user4563,malicious,attack 1,true positive
business,trace,4563,user4563,malicious,attack 1,false positive
infrastructure,metric,9439,user9439,malicious,attack 2,false positive
infrastructure,log,9439,user9439,malicious,attack 2,false positive
infrastructure,trace,9439,user9439,malicious,attack 2,true positive
infrastructure,metric,1198,user1198,malicious,attack 1,false positive
infrastructure,log,1198,user1198,malicious,attack 1,true positive
infrastructure,trace,1198,user1198,malicious,attack 1,false positive
business,metric,7939,user7939,malicious,attack 1,false positive
business,log,7939,user7939,malicious,attack 1,true positive
business,trace,7939,user7939,malicious,attack 1,false positive
business,metric,7386,user7386,malicious,attack 1,false positive
business,log,7386,user7386,malicious,attack 1,true positive
business,trace,7386,user7386,malicious,attack 1,false positive
business,metric,2510,user2510,regular,no attack,false positive
business,log,2510,user2510,regular,no attack,false positive
business,trace,2510,user2510,regular,no attack,false positive
business,metric,441,user441,regular,no attack,false positive
business,log,441,user441,regular,no attack,false positive
business,trace,441,user441,regular,no attack,false positive
business,metric,8546,user8546,malicious,attack 1,false positive
business,log,8546,user8546,malicious,attack 1,true positive
business,trace,8546,user8546,malicious,attack 1,false positive
infrastructure,metric,7596,user7596,malicious,attack 2,false positive
infrastructure,log,7596,user7596,malicious,attack 2,false positive
infrastructure,trace,7596,user7596,malicious,attack 2,true positive
infrastructure,metric,3943,user3943,malicious,attack 2,false positive
infrastructure,log,3943,user3943,malicious,attack 2,false positive
infrastructure,trace,3943,user3943,malicious,attack 2,true positive
business,metric,3204,user3204,malicious,attack 2,false positive
business,log,3204,user3204,malicious,attack 2,false positive
business,trace,3204,user3204,malicious,attack 2,true positive
business,metric,5850,user5850,malicious,attack 2,false positive
business,log,5850,user5850,malicious,attack 2,false positive
business,trace,5850,user5850,malicious,attack 2,true positive
infrastructure,metric,1272,user1272,malicious,attack 2,false positive
infrastructure,log,1272,user1272,malicious,attack 2,false positive
infrastructure,trace,1272,user1272,malicious,attack 2,true positive
infrastructure,metric,629,user629,malicious,attack 1,false positive
infrastructure,log,629,user629,malicious,attack 1,true positive
infrastructure,trace,629,user629,malicious,attack 1,false positive
infrastructure,metric,4303,user4303,regular,no attack,false positive
infrastructure,log,4303,user4303,regular,no attack,false positive
infrastructure,trace,4303,user4303,regular,no attack,false positive
business,metric,2680,user2680,regular,no attack,false positive
business,log,2680,user2680,regular,no attack,false positive
business,trace,2680,user2680,regular,no attack,false positive
infrastructure,metric,6002,user6002,malicious,attack 2,false positive
infrastructure,log,6002,user6002,malicious,attack 2,false positive
infrastructure,trace,6002,user6002,malicious,attack 2,true positive
business,metric,7454,user7454,malicious,attack 1,false positive
business,log,7454,user7454,malicious,attack 1,true positive
business,trace,7454,user7454,malicious,attack 1,false positive
infrastructure,metric,3917,user3917,malicious,attack 2,false positive
infrastructure,log,3917,user3917,malicious,attack 2,false positive
infrastructure,trace,3917,user3917,malicious,attack 2,true positive
infrastructure,metric,5795,user5795,regular,no attack,false positive
infrastructure,log,5795,user5795,regular,no attack,false positive
infrastructure,trace,5795,user5795,regular,no attack,false positive
infrastructure,metric,3246,user3246,regular,no attack,false positive
infrastructure,log,3246,user3246,regular,no attack,false positive
infrastructure,trace,3246,user3246,regular,no attack,false positive
business,metric,6113,user6113,malicious,attack 1,false positive
business,log,6113,user6113,malicious,attack 1,true positive
business,trace,6113,user6113,malicious,attack 1,false positive
business,metric,6209,user6209,malicious,attack 1,false positive
business,log,6209,user6209,malicious,attack 1,true positive
business,trace,6209,user6209,malicious,attack 1,false positive
infrastructure,metric,6497,user6497,malicious,attack 2,false positive
infrastructure,log,6497,user6497,malicious,attack 2,false positive
infrastructure,trace,6497,user6497,malicious,attack 2,true positive
business,metric,6059,user6059,malicious,attack 2,false positive
business,log,6059,user6059,malicious,attack 2,false positive
business,trace,6059,user6059,malicious,attack 2,true positive
infrastructure,metric,2853,user2853,malicious,attack 2,false positive
infrastructure,log,2853,user2853,malicious,attack 2,false positive
infrastructure,trace,2853,user2853,malicious,attack 2,true positive
business,metric,1562,user1562,malicious,attack 2,false positive
business,log,1562,user1562,malicious,attack 2,false positive
business,trace,1562,user1562,malicious,attack 2,true positive
business,metric,3117,user3117,malicious,attack 2,false positive
business,log,3117,user3117,malicious,attack 2,false positive
business,trace,3117,user3117,malicious,attack 2,true positive
infrastructure,metric,7683,user7683,malicious,attack 1,false positive
infrastructure,log,7683,user7683,malicious,attack 1,true positive
infrastructure,trace,7683,user7683,malicious,attack 1,false positive
infrastructure,metric,1371,user1371,malicious,attack 2,false positive
infrastructure,log,1371,user1371,malicious,attack 2,false positive
infrastructure,trace,1371,user1371,malicious,attack 2,true positive
infrastructure,metric,850,user850,malicious,attack 2,false positive
infrastructure,log,850,user850,malicious,attack 2,false positive
infrastructure,trace,850,user850,malicious,attack 2,true positive
business,metric,8427,user8427,regular,no attack,false positive
business,log,8427,user8427,regular,no attack,false positive
business,trace,8427,user8427,regular,no attack,false positive
infrastructure,metric,4373,user4373,malicious,attack 1,false positive
infrastructure,log,4373,user4373,malicious,attack 1,true positive
infrastructure,trace,4373,user4373,malicious,attack 1,false positive
infrastructure,metric,6420,user6420,malicious,attack 1,false positive
infrastructure,log,6420,user6420,malicious,attack 1,true positive
infrastructure,trace,6420,user6420,malicious,attack 1,false positive
infrastructure,metric,3034,user3034,regular,no attack,false positive
infrastructure,log,3034,user3034,regular,no attack,false positive
infrastructure,trace,3034,user3034,regular,no attack,false positive
infrastructure,metric,7386,user7386,malicious,attack 2,false positive
infrastructure,log,7386,user7386,malicious,attack 2,false positive
infrastructure,trace,7386,user7386,malicious,attack 2,true positive
business,metric,8105,user8105,malicious,attack 1,false positive
business,log,8105,user8105,malicious,attack 1,true positive
business,trace,8105,user8105,malicious,attack 1,false positive
infrastructure,metric,7036,user7036,malicious,attack 1,false positive
infrastructure,log,7036,user7036,malicious,attack 1,true positive
infrastructure,trace,7036,user7036,malicious,attack 1,false positive
infrastructure,metric,1742,user1742,regular,no attack,false positive
infrastructure,log,1742,user1742,regular,no attack,false positive
infrastructure,trace,1742,user1742,regular,no attack,false positive
business,metric,4439,user4439,malicious,attack 1,false positive
business,log,4439,user4439,malicious,attack 1,true positive
business,trace,4439,user4439,malicious,attack 1,false positive
business,metric,8474,user8474,regular,no attack,false positive
business,log,8474,user8474,regular,no attack,false positive
business,trace,8474,user8474,regular,no attack,false positive
infrastructure,metric,468,user468,malicious,attack 1,false positive
infrastructure,log,468,user468,malicious,attack 1,true positive
infrastructure,trace,468,user468,malicious,attack 1,false positive
infrastructure,metric,9570,user9570,malicious,attack 2,false positive
infrastructure,log,9570,user9570,malicious,attack 2,false positive
infrastructure,trace,9570,user9570,malicious,attack 2,true positive
infrastructure,metric,1338,user1338,malicious,attack 1,false positive
infrastructure,log,1338,user1338,malicious,attack 1,true positive
infrastructure,trace,1338,user1338,malicious,attack 1,false positive
infrastructure,metric,3933,user3933,regular,no attack,false positive
infrastructure,log,3933,user3933,regular,no attack,false positive
infrastructure,trace,3933,user3933,regular,no attack,false positive
business,metric,7530,user7530,malicious,attack 1,false positive
business,log,7530,user7530,malicious,attack 1,true positive
business,trace,7530,user7530,malicious,attack 1,false positive
infrastructure,metric,3177,user3177,malicious,attack 1,false positive
infrastructure,log,3177,user3177,malicious,attack 1,true positive
infrastructure,trace,3177,user3177,malicious,attack 1,false positive
business,metric,7563,user7563,regular,no attack,false positive
business,log,7563,user7563,regular,no attack,false positive
business,trace,7563,user7563,regular,no attack,false positive
business,metric,8680,user8680,malicious,attack 2,false positive
business,log,8680,user8680,malicious,attack 2,false positive
business,trace,8680,user8680,malicious,attack 2,true positive
infrastructure,metric,3200,user3200,regular,no attack,false positive
infrastructure,log,3200,user3200,regular,no attack,false positive
infrastructure,trace,3200,user3200,regular,no attack,false positive
business,metric,8249,user8249,malicious,attack 1,false positive
business,log,8249,user8249,malicious,attack 1,true positive
business,trace,8249,user8249,malicious,attack 1,false positive
business,metric,9731,user9731,malicious,attack 2,false positive
business,log,9731,user9731,malicious,attack 2,false positive
business,trace,9731,user9731,malicious,attack 2,true positive
infrastructure,metric,3350,user3350,malicious,attack 1,false positive
infrastructure,log,3350,user3350,malicious,attack 1,true positive
infrastructure,trace,3350,user3350,malicious,attack 1,false positive
infrastructure,metric,671,user671,regular,no attack,false positive
infrastructure,log,671,user671,regular,no attack,false positive
infrastructure,trace,671,user671,regular,no attack,false positive
business,metric,869,user869,regular,no attack,false positive
business,log,869,user869,regular,no attack,false positive
business,trace,869,user869,regular,no attack,false positive
business,metric,8679,user8679,malicious,attack 2,false positive
business,log,8679,user8679,malicious,attack 2,false positive
business,trace,8679,user8679,malicious,attack 2,true positive
infrastructure,metric,9425,user9425,regular,no attack,false positive
infrastructure,log,9425,user9425,regular,no attack,false positive
infrastructure,trace,9425,user9425,regular,no attack,false positive
infrastructure,metric,578,user578,regular,no attack,false positive
infrastructure,log,578,user578,regular,no attack,false positive
infrastructure,trace,578,user578,regular,no attack,false positive
business,metric,9095,user9095,malicious,attack 1,false positive
business,log,9095,user9095,malicious,attack 1,true positive
business,trace,9095,user9095,malicious,attack 1,false positive
infrastructure,metric,1355,user1355,malicious,attack 2,false positive
infrastructure,log,1355,user1355,malicious,attack 2,false positive
infrastructure,trace,1355,user1355,malicious,attack 2,true positive
business,metric,3396,user3396,malicious,attack 2,false positive
business,log,3396,user3396,malicious,attack 2,false positive
business,trace,3396,user3396,malicious,attack 2,true positive
infrastructure,metric,707,user707,malicious,attack 1,false positive
infrastructure,log,707,user707,malicious,attack 1,true positive
infrastructure,trace,707,user707,malicious,attack 1,false positive
business,metric,2487,user2487,malicious,attack 1,false positive
business,log,2487,user2487,malicious,attack 1,true positive
business,trace,2487,user2487,malicious,attack 1,false positive
infrastructure,metric,6918,user6918,malicious,attack 1,false positive
infrastructure,log,6918,user6918,malicious,attack 1,true positive
infrastructure,trace,6918,user6918,malicious,attack 1,false positive
infrastructure,metric,6808,user6808,malicious,attack 2,false positive
infrastructure,log,6808,user6808,malicious,attack 2,false positive
infrastructure,trace,6808,user6808,malicious,attack 2,true positive
infrastructure,metric,6994,user6994,malicious,attack 1,false positive
infrastructure,log,6994,user6994,malicious,attack 1,true positive
infrastructure,trace,6994,user6994,malicious,attack 1,false positive
infrastructure,metric,9652,user9652,regular,no attack,false positive
infrastructure,log,9652,user9652,regular,no attack,false positive
infrastructure,trace,9652,user9652,regular,no attack,false positive
business,metric,4828,user4828,regular,no attack,false positive
business,log,4828,user4828,regular,no attack,false positive
business,trace,4828,user4828,regular,no attack,false positive
business,metric,660,user660,malicious,attack 2,false positive
business,log,660,user660,malicious,attack 2,false positive
business,trace,660,user660,malicious,attack 2,true positive
business,metric,4513,user4513,malicious,attack 2,false positive
business,log,4513,user4513,malicious,attack 2,false positive
business,trace,4513,user4513,malicious,attack 2,true positive
business,metric,5321,user5321,malicious,attack 2,false positive
business,log,5321,user5321,malicious,attack 2,false positive
business,trace,5321,user5321,malicious,attack 2,true positive
infrastructure,metric,6499,user6499,regular,no attack,false positive
infrastructure,log,6499,user6499,regular,no attack,false positive
infrastructure,trace,6499,user6499,regular,no attack,false positive
business,metric,7152,user7152,regular,no attack,false positive
business,log,7152,user7152,regular,no attack,false positive
business,trace,7152,user7152,regular,no attack,false positive
infrastructure,metric,5015,user5015,malicious,attack 2,false positive
infrastructure,log,5015,user5015,malicious,attack 2,false positive
infrastructure,trace,5015,user5015,malicious,attack 2,true positive
business,metric,4235,user4235,malicious,attack 2,false positive
business,log,4235,user4235,malicious,attack 2,false positive
business,trace,4235,user4235,malicious,attack 2,true positive
business,metric,4616,user4616,malicious,attack 1,false positive
business,log,4616,user4616,malicious,attack 1,true positive
business,trace,4616,user4616,malicious,attack 1,false positive
infrastructure,metric,7227,user7227,regular,no attack,false positive
infrastructure,log,7227,user7227,regular,no attack,false positive
infrastructure,trace,7227,user7227,regular,no attack,false positive
infrastructure,metric,2015,user2015,regular,no attack,false positive
infrastructure,log,2015,user2015,regular,no attack,false positive
infrastructure,trace,2015,user2015,regular,no attack,false positive
infrastructure,metric,4353,user4353,malicious,attack 1,false positive
infrastructure,log,4353,user4353,malicious,attack 1,true positive
infrastructure,trace,4353,user4353,malicious,attack 1,false positive
infrastructure,metric,517,user517,malicious,attack 2,false positive
infrastructure,log,517,user517,malicious,attack 2,false positive
infrastructure,trace,517,user517,malicious,attack 2,true positive
infrastructure,metric,276,user276,malicious,attack 1,false positive
infrastructure,log,276,user276,malicious,attack 1,true positive
infrastructure,trace,276,user276,malicious,attack 1,false positive
business,metric,9588,user9588,malicious,attack 2,false positive
business,log,9588,user9588,malicious,attack 2,false positive
business,trace,9588,user9588,malicious,attack 2,true positive
business,metric,7953,user7953,malicious,attack 1,false positive
business,log,7953,user7953,malicious,attack 1,true positive
business,trace,7953,user7953,malicious,attack 1,false positive
business,metric,4365,user4365,malicious,attack 1,false positive
business,log,4365,user4365,malicious,attack 1,true positive
business,trace,4365,user4365,malicious,attack 1,false positive
business,metric,3641,user3641,malicious,attack 2,false positive
business,log,3641,user3641,malicious,attack 2,false positive
business,trace,3641,user3641,malicious,attack 2,true positive
business,metric,2643,user2643,malicious,attack 2,false positive
business,log,2643,user2643,malicious,attack 2,false positive
business,trace,2643,user2643,malicious,attack 2,true positive
business,metric,7754,user7754,malicious,attack 1,false positive
business,log,7754,user7754,malicious,attack 1,true positive
business,trace,7754,user7754,malicious,attack 1,false positive
infrastructure,metric,5456,user5456,malicious,attack 1,false positive
infrastructure,log,5456,user5456,malicious,attack 1,true positive
infrastructure,trace,5456,user5456,malicious,attack 1,false positive
infrastructure,metric,162,user162,malicious,attack 2,false positive
infrastructure,log,162,user162,malicious,attack 2,false positive
infrastructure,trace,162,user162,malicious,attack 2,true positive
business,metric,7419,user7419,malicious,attack 1,false positive
business,log,7419,user7419,malicious,attack 1,true positive
business,trace,7419,user7419,malicious,attack 1,false positive
business,metric,426,user426,malicious,attack 2,false positive
business,log,426,user426,malicious,attack 2,false positive
business,trace,426,user426,malicious,attack 2,true positive
infrastructure,metric,197,user197,malicious,attack 1,false positive
infrastructure,log,197,user197,malicious,attack 1,true positive
infrastructure,trace,197,user197,malicious,attack 1,false positive
business,metric,8160,user8160,malicious,attack 1,false positive
business,log,8160,user8160,malicious,attack 1,true positive
business,trace,8160,user8160,malicious,attack 1,false positive
business,metric,8838,user8838,regular,no attack,false positive
business,log,8838,user8838,regular,no attack,false positive
business,trace,8838,user8838,regular,no attack,false positive
business,metric,2018,user2018,malicious,attack 2,false positive
business,log,2018,user2018,malicious,attack 2,false positive
business,trace,2018,user2018,malicious,attack 2,true positive
business,metric,1942,user1942,malicious,attack 2,false positive
business,log,1942,user1942,malicious,attack 2,false positive
business,trace,1942,user1942,malicious,attack 2,true positive
business,metric,4810,user4810,malicious,attack 2,false positive
business,log,4810,user4810,malicious,attack 2,false positive
business,trace,4810,user4810,malicious,attack 2,true positive
infrastructure,metric,4135,user4135,malicious,attack 1,false positive
infrastructure,log,4135,user4135,malicious,attack 1,true positive
infrastructure,trace,4135,user4135,malicious,attack 1,false positive
infrastructure,metric,3944,user3944,regular,no attack,false positive
infrastructure,log,3944,user3944,regular,no attack,false positive
infrastructure,trace,3944,user3944,regular,no attack,false positive
business,metric,6431,user6431,regular,no attack,false positive
business,log,6431,user6431,regular,no attack,false positive
business,trace,6431,user6431,regular,no attack,false positive
business,metric,7805,user7805,malicious,attack 2,false positive
business,log,7805,user7805,malicious,attack 2,false positive
business,trace,7805,user7805,malicious,attack 2,true positive
business,metric,6491,user6491,regular,no attack,false positive
business,log,6491,user6491,regular,no attack,false positive
business,trace,6491,user6491,regular,no attack,false positive
business,metric,5673,user5673,malicious,attack 1,false positive
business,log,5673,user5673,malicious,attack 1,true positive
business,trace,5673,user5673,malicious,attack 1,false positive
infrastructure,metric,3604,user3604,regular,no attack,false positive
infrastructure,log,3604,user3604,regular,no attack,false positive
infrastructure,trace,3604,user3604,regular,no attack,false positive
business,metric,1206,user1206,regular,no attack,false positive
business,log,1206,user1206,regular,no attack,false positive
business,trace,1206,user1206,regular,no attack,false positive
business,metric,9409,user9409,regular,no attack,false positive
business,log,9409,user9409,regular,no attack,false positive
business,trace,9409,user9409,regular,no attack,false positive
business,metric,80,user80,malicious,attack 2,false positive
business,log,80,user80,malicious,attack 2,false positive
business,trace,80,user80,malicious,attack 2,true positive
business,metric,3468,user3468,regular,no attack,false positive
business,log,3468,user3468,regular,no attack,false positive
business,trace,3468,user3468,regular,no attack,false positive
infrastructure,metric,6946,user6946,malicious,attack 1,false positive
infrastructure,log,6946,user6946,malicious,attack 1,true positive
infrastructure,trace,6946,user6946,malicious,attack 1,false positive
business,metric,5999,user5999,regular,no attack,false positive
business,log,5999,user5999,regular,no attack,false positive
business,trace,5999,user5999,regular,no attack,false positive
infrastructure,metric,4663,user4663,regular,no attack,false positive
infrastructure,log,4663,user4663,regular,no attack,false positive
infrastructure,trace,4663,user4663,regular,no attack,false positive
business,metric,7345,user7345,malicious,attack 1,false positive
business,log,7345,user7345,malicious,attack 1,true positive
business,trace,7345,user7345,malicious,attack 1,false positive
business,metric,4167,user4167,malicious,attack 1,false positive
business,log,4167,user4167,malicious,attack 1,true positive
business,trace,4167,user4167,malicious,attack 1,false positive
infrastructure,metric,8550,user8550,malicious,attack 2,false positive
infrastructure,log,8550,user8550,malicious,attack 2,false positive
infrastructure,trace,8550,user8550,malicious,attack 2,true positive
infrastructure,metric,5675,user5675,regular,no attack,false positive
infrastructure,log,5675,user5675,regular,no attack,false positive
infrastructure,trace,5675,user5675,regular,no attack,false positive
business,metric,5665,user5665,regular,no attack,false positive
business,log,5665,user5665,regular,no attack,false positive
business,trace,5665,user5665,regular,no attack,false positive
infrastructure,metric,6960,user6960,malicious,attack 2,false positive
infrastructure,log,6960,user6960,malicious,attack 2,false positive
infrastructure,trace,6960,user6960,malicious,attack 2,true positive
business,metric,2567,user2567,malicious,attack 1,false positive
business,log,2567,user2567,malicious,attack 1,true positive
business,trace,2567,user2567,malicious,attack 1,false positive
infrastructure,metric,6018,user6018,malicious,attack 1,false positive
infrastructure,log,6018,user6018,malicious,attack 1,true positive
infrastructure,trace,6018,user6018,malicious,attack 1,false positive
business,metric,3120,user3120,malicious,attack 1,false positive
business,log,3120,user3120,malicious,attack 1,true positive
business,trace,3120,user3120,malicious,attack 1,false positive
business,metric,7590,user7590,malicious,attack 2,false positive
business,log,7590,user7590,malicious,attack 2,false positive
business,trace,7590,user7590,malicious,attack 2,true positive
business,metric,3339,user3339,malicious,attack 2,false positive
business,log,3339,user3339,malicious,attack 2,false positive
business,trace,3339,user3339,malicious,attack 2,true positive
infrastructure,metric,2884,user2884,malicious,attack 1,false positive
infrastructure,log,2884,user2884,malicious,attack 1,true positive
infrastructure,trace,2884,user2884,malicious,attack 1,false positive
business,metric,5432,user5432,malicious,attack 2,false positive
business,log,5432,user5432,malicious,attack 2,false positive
business,trace,5432,user5432,malicious,attack 2,true positive
business,metric,1092,user1092,malicious,attack 2,false positive
business,log,1092,user1092,malicious,attack 2,false positive
business,trace,1092,user1092,malicious,attack 2,true positive
infrastructure,metric,2186,user2186,malicious,attack 2,false positive
infrastructure,log,2186,user2186,malicious,attack 2,false positive
infrastructure,trace,2186,user2186,malicious,attack 2,true positive
business,metric,1585,user1585,malicious,attack 2,false positive
business,log,1585,user1585,malicious,attack 2,false positive
business,trace,1585,user1585,malicious,attack 2,true positive
infrastructure,metric,5076,user5076,malicious,attack 2,false positive
infrastructure,log,5076,user5076,malicious,attack 2,false positive
infrastructure,trace,5076,user5076,malicious,attack 2,true positive
infrastructure,metric,6040,user6040,regular,no attack,false positive
infrastructure,log,6040,user6040,regular,no attack,false positive
infrastructure,trace,6040,user6040,regular,no attack,false positive
infrastructure,metric,2383,user2383,malicious,attack 1,false positive
infrastructure,log,2383,user2383,malicious,attack 1,true positive
infrastructure,trace,2383,user2383,malicious,attack 1,false positive
business,metric,7977,user7977,malicious,attack 1,false positive
business,log,7977,user7977,malicious,attack 1,true positive
business,trace,7977,user7977,malicious,attack 1,false positive
infrastructure,metric,8836,user8836,malicious,attack 1,false positive
infrastructure,log,8836,user8836,malicious,attack 1,true positive
infrastructure,trace,8836,user8836,malicious,attack 1,false positive
infrastructure,metric,5055,user5055,malicious,attack 2,false positive
infrastructure,log,5055,user5055,malicious,attack 2,false positive
infrastructure,trace,5055,user5055,malicious,attack 2,true positive
business,metric,2011,user2011,malicious,attack 1,false positive
business,log,2011,user2011,malicious,attack 1,true positive
business,trace,2011,user2011,malicious,attack 1,false positive
business,metric,9733,user9733,regular,no attack,false positive
business,log,9733,user9733,regular,no attack,false positive
business,trace,9733,user9733,regular,no attack,false positive
infrastructure,metric,695,user695,malicious,attack 2,false positive
infrastructure,log,695,user695,malicious,attack 2,false positive
infrastructure,trace,695,user695,malicious,attack 2,true positive
business,metric,6734,user6734,malicious,attack 2,false positive
business,log,6734,user6734,malicious,attack 2,false positive
business,trace,6734,user6734,malicious,attack 2,true positive
infrastructure,metric,281,user281,regular,no attack,false positive
infrastructure,log,281,user281,regular,no attack,false positive
infrastructure,trace,281,user281,regular,no attack,false positive
infrastructure,metric,1336,user1336,malicious,attack 1,false positive
infrastructure,log,1336,user1336,malicious,attack 1,true positive
infrastructure,trace,1336,user1336,malicious,attack 1,false positive
infrastructure,metric,7028,user7028,malicious,attack 1,false positive
infrastructure,log,7028,user7028,malicious,attack 1,true positive
infrastructure,trace,7028,user7028,malicious,attack 1,false positive
business,metric,4361,user4361,regular,no attack,false positive
business,log,4361,user4361,regular,no attack,false positive
business,trace,4361,user4361,regular,no attack,false positive
business,metric,7907,user7907,regular,no attack,false positive
business,log,7907,user7907,regular,no attack,false positive
business,trace,7907,user7907,regular,no attack,false positive
infrastructure,metric,564,user564,regular,no attack,false positive
infrastructure,log,564,user564,regular,no attack,false positive
infrastructure,trace,564,user564,regular,no attack,false positive
business,metric,737,user737,malicious,attack 1,false positive
business,log,737,user737,malicious,attack 1,true positive
business,trace,737,user737,malicious,attack 1,false positive
infrastructure,metric,8679,user8679,malicious,attack 2,false positive
infrastructure,log,8679,user8679,malicious,attack 2,false positive
infrastructure,trace,8679,user8679,malicious,attack 2,true positive
infrastructure,metric,8824,user8824,malicious,attack 2,false positive
infrastructure,log,8824,user8824,malicious,attack 2,false positive
infrastructure,trace,8824,user8824,malicious,attack 2,true positive
infrastructure,metric,5965,user5965,regular,no attack,false positive
infrastructure,log,5965,user5965,regular,no attack,false positive
infrastructure,trace,5965,user5965,regular,no attack,false positive
business,metric,4673,user4673,malicious,attack 2,false positive
business,log,4673,user4673,malicious,attack 2,false positive
business,trace,4673,user4673,malicious,attack 2,true positive
infrastructure,metric,9104,user9104,malicious,attack 1,false positive
infrastructure,log,9104,user9104,malicious,attack 1,true positive
infrastructure,trace,9104,user9104,malicious,attack 1,false positive
infrastructure,metric,8914,user8914,malicious,attack 1,false positive
infrastructure,log,8914,user8914,malicious,attack 1,true positive
infrastructure,trace,8914,user8914,malicious,attack 1,false positive
infrastructure,metric,8477,user8477,malicious,attack 2,false positive
infrastructure,log,8477,user8477,malicious,attack 2,false positive
infrastructure,trace,8477,user8477,malicious,attack 2,true positive
infrastructure,metric,9312,user9312,malicious,attack 2,false positive
infrastructure,log,9312,user9312,malicious,attack 2,false positive
infrastructure,trace,9312,user9312,malicious,attack 2,true positive
infrastructure,metric,299,user299,regular,no attack,false positive
infrastructure,log,299,user299,regular,no attack,false positive
infrastructure,trace,299,user299,regular,no attack,false positive
infrastructure,metric,4907,user4907,malicious,attack 1,false positive
infrastructure,log,4907,user4907,malicious,attack 1,true positive
infrastructure,trace,4907,user4907,malicious,attack 1,false positive
infrastructure,metric,2177,user2177,malicious,attack 1,false positive
infrastructure,log,2177,user2177,malicious,attack 1,true positive
infrastructure,trace,2177,user2177,malicious,attack 1,false positive
infrastructure,metric,8286,user8286,malicious,attack 2,false positive
infrastructure,log,8286,user8286,malicious,attack 2,false positive
infrastructure,trace,8286,user8286,malicious,attack 2,true positive
business,metric,6535,user6535,malicious,attack 1,false positive
business,log,6535,user6535,malicious,attack 1,true positive
business,trace,6535,user6535,malicious,attack 1,false positive
infrastructure,metric,5721,user5721,malicious,attack 2,false positive
infrastructure,log,5721,user5721,malicious,attack 2,false positive
infrastructure,trace,5721,user5721,malicious,attack 2,true positive
infrastructure,metric,3295,user3295,malicious,attack 1,false positive
infrastructure,log,3295,user3295,malicious,attack 1,true positive
infrastructure,trace,3295,user3295,malicious,attack 1,false positive
business,metric,7091,user7091,malicious,attack 1,false positive
business,log,7091,user7091,malicious,attack 1,true positive
business,trace,7091,user7091,malicious,attack 1,false positive
infrastructure,metric,663,user663,malicious,attack 1,false positive
infrastructure,log,663,user663,malicious,attack 1,true positive
infrastructure,trace,663,user663,malicious,attack 1,false positive
infrastructure,metric,902,user902,malicious,attack 2,false positive
infrastructure,log,902,user902,malicious,attack 2,false positive
infrastructure,trace,902,user902,malicious,attack 2,true positive
business,metric,3545,user3545,malicious,attack 2,false positive
business,log,3545,user3545,malicious,attack 2,false positive
business,trace,3545,user3545,malicious,attack 2,true positive
infrastructure,metric,8895,user8895,malicious,attack 1,false positive
infrastructure,log,8895,user8895,malicious,attack 1,true positive
infrastructure,trace,8895,user8895,malicious,attack 1,false positive
infrastructure,metric,4610,user4610,malicious,attack 2,false positive
infrastructure,log,4610,user4610,malicious,attack 2,false positive
infrastructure,trace,4610,user4610,malicious,attack 2,true positive
infrastructure,metric,2251,user2251,malicious,attack 2,false positive
infrastructure,log,2251,user2251,malicious,attack 2,false positive
infrastructure,trace,2251,user2251,malicious,attack 2,true positive
infrastructure,metric,4620,user4620,regular,no attack,false positive
infrastructure,log,4620,user4620,regular,no attack,false positive
infrastructure,trace,4620,user4620,regular,no attack,false positive
infrastructure,metric,7569,user7569,malicious,attack 1,false positive
infrastructure,log,7569,user7569,malicious,attack 1,true positive
infrastructure,trace,7569,user7569,malicious,attack 1,false positive
business,metric,9756,user9756,malicious,attack 2,false positive
business,log,9756,user9756,malicious,attack 2,false positive
business,trace,9756,user9756,malicious,attack 2,true positive
business,metric,685,user685,regular,no attack,false positive
business,log,685,user685,regular,no attack,false positive
business,trace,685,user685,regular,no attack,false positive
business,metric,4950,user4950,malicious,attack 2,false positive
business,log,4950,user4950,malicious,attack 2,false positive
business,trace,4950,user4950,malicious,attack 2,true positive
infrastructure,metric,6456,user6456,malicious,attack 2,false positive
infrastructure,log,6456,user6456,malicious,attack 2,false positive
infrastructure,trace,6456,user6456,malicious,attack 2,true positive
infrastructure,metric,4696,user4696,malicious,attack 2,false positive
infrastructure,log,4696,user4696,malicious,attack 2,false positive
infrastructure,trace,4696,user4696,malicious,attack 2,true positive
business,metric,9946,user9946,malicious,attack 2,false positive
business,log,9946,user9946,malicious,attack 2,false positive
business,trace,9946,user9946,malicious,attack 2,true positive
infrastructure,metric,2293,user2293,malicious,attack 1,false positive
infrastructure,log,2293,user2293,malicious,attack 1,true positive
infrastructure,trace,2293,user2293,malicious,attack 1,false positive
infrastructure,metric,4079,user4079,malicious,attack 1,false positive
infrastructure,log,4079,user4079,malicious,attack 1,true positive
infrastructure,trace,4079,user4079,malicious,attack 1,false positive
business,metric,8030,user8030,malicious,attack 2,false positive
business,log,8030,user8030,malicious,attack 2,false positive
business,trace,8030,user8030,malicious,attack 2,true positive
business,metric,2254,user2254,malicious,attack 1,false positive
business,log,2254,user2254,malicious,attack 1,true positive
business,trace,2254,user2254,malicious,attack 1,false positive
infrastructure,metric,5194,user5194,malicious,attack 2,false positive
infrastructure,log,5194,user5194,malicious,attack 2,false positive
infrastructure,trace,5194,user5194,malicious,attack 2,true positive
infrastructure,metric,8460,user8460,malicious,attack 2,false positive
infrastructure,log,8460,user8460,malicious,attack 2,false positive
infrastructure,trace,8460,user8460,malicious,attack 2,true positive
infrastructure,metric,9223,user9223,malicious,attack 1,false positive
infrastructure,log,9223,user9223,malicious,attack 1,true positive
infrastructure,trace,9223,user9223,malicious,attack 1,false positive
business,metric,2487,user2487,malicious,attack 1,false positive
business,log,2487,user2487,malicious,attack 1,true positive
business,trace,2487,user2487,malicious,attack 1,false positive
infrastructure,metric,920,user920,malicious,attack 1,false positive
infrastructure,log,920,user920,malicious,attack 1,true positive
infrastructure,trace,920,user920,malicious,attack 1,false positive
infrastructure,metric,9824,user9824,regular,no attack,false positive
infrastructure,log,9824,user9824,regular,no attack,false positive
infrastructure,trace,9824,user9824,regular,no attack,false positive
infrastructure,metric,1503,user1503,regular,no attack,false positive
infrastructure,log,1503,user1503,regular,no attack,false positive
infrastructure,trace,1503,user1503,regular,no attack,false positive
business,metric,9507,user9507,malicious,attack 2,false positive
business,log,9507,user9507,malicious,attack 2,false positive
business,trace,9507,user9507,malicious,attack 2,true positive
infrastructure,metric,1511,user1511,malicious,attack 1,false positive
infrastructure,log,1511,user1511,malicious,attack 1,true positive
infrastructure,trace,1511,user1511,malicious,attack 1,false positive
infrastructure,metric,1018,user1018,malicious,attack 2,false positive
infrastructure,log,1018,user1018,malicious,attack 2,false positive
infrastructure,trace,1018,user1018,malicious,attack 2,true positive
infrastructure,metric,2323,user2323,regular,no attack,false positive
infrastructure,log,2323,user2323,regular,no attack,false positive
infrastructure,trace,2323,user2323,regular,no attack,false positive
infrastructure,metric,6531,user6531,malicious,attack 1,false positive
infrastructure,log,6531,user6531,malicious,attack 1,true positive
infrastructure,trace,6531,user6531,malicious,attack 1,false positive
business,metric,4904,user4904,malicious,attack 1,false positive
business,log,4904,user4904,malicious,attack 1,true positive
business,trace,4904,user4904,malicious,attack 1,false positive
business,metric,4415,user4415,regular,no attack,false positive
business,log,4415,user4415,regular,no attack,false positive
business,trace,4415,user4415,regular,no attack,false positive
infrastructure,metric,7453,user7453,malicious,attack 1,false positive
infrastructure,log,7453,user7453,malicious,attack 1,true positive
infrastructure,trace,7453,user7453,malicious,attack 1,false positive
infrastructure,metric,248,user248,malicious,attack 1,false positive
infrastructure,log,248,user248,malicious,attack 1,true positive
infrastructure,trace,248,user248,malicious,attack 1,false positive
business,metric,7956,user7956,malicious,attack 1,false positive
business,log,7956,user7956,malicious,attack 1,true positive
business,trace,7956,user7956,malicious,attack 1,false positive
infrastructure,metric,8841,user8841,regular,no attack,false positive
infrastructure,log,8841,user8841,regular,no attack,false positive
infrastructure,trace,8841,user8841,regular,no attack,false positive
business,metric,6457,user6457,malicious,attack 1,false positive
business,log,6457,user6457,malicious,attack 1,true positive
business,trace,6457,user6457,malicious,attack 1,false positive
business,metric,9193,user9193,regular,no attack,false positive
business,log,9193,user9193,regular,no attack,false positive
business,trace,9193,user9193,regular,no attack,false positive
business,metric,8227,user8227,regular,no attack,false positive
business,log,8227,user8227,regular,no attack,false positive
business,trace,8227,user8227,regular,no attack,false positive
infrastructure,metric,3673,user3673,malicious,attack 2,false positive
infrastructure,log,3673,user3673,malicious,attack 2,false positive
infrastructure,trace,3673,user3673,malicious,attack 2,true positive
infrastructure,metric,7081,user7081,malicious,attack 2,false positive
infrastructure,log,7081,user7081,malicious,attack 2,false positive
infrastructure,trace,7081,user7081,malicious,attack 2,true positive
business,metric,5413,user5413,malicious,attack 2,false positive
business,log,5413,user5413,malicious,attack 2,false positive
business,trace,5413,user5413,malicious,attack 2,true positive
infrastructure,metric,9422,user9422,malicious,attack 2,false positive
infrastructure,log,9422,user9422,malicious,attack 2,false positive
infrastructure,trace,9422,user9422,malicious,attack 2,true positive
infrastructure,metric,4063,user4063,malicious,attack 2,false positive
infrastructure,log,4063,user4063,malicious,attack 2,false positive
infrastructure,trace,4063,user4063,malicious,attack 2,true positive
infrastructure,metric,8306,user8306,malicious,attack 1,false positive
infrastructure,log,8306,user8306,malicious,attack 1,true positive
infrastructure,trace,8306,user8306,malicious,attack 1,false positive
business,metric,9809,user9809,malicious,attack 2,false positive
business,log,9809,user9809,malicious,attack 2,false positive
business,trace,9809,user9809,malicious,attack 2,true positive
infrastructure,metric,8578,user8578,malicious,attack 2,false positive
infrastructure,log,8578,user8578,malicious,attack 2,false positive
infrastructure,trace,8578,user8578,malicious,attack 2,true positive
business,metric,5593,user5593,regular,no attack,false positive
business,log,5593,user5593,regular,no attack,false positive
business,trace,5593,user5593,regular,no attack,false positive
infrastructure,metric,9534,user9534,malicious,attack 1,false positive
infrastructure,log,9534,user9534,malicious,attack 1,true positive
infrastructure,trace,9534,user9534,malicious,attack 1,false positive
business,metric,1729,user1729,malicious,attack 1,false positive
business,log,1729,user1729,malicious,attack 1,true positive
business,trace,1729,user1729,malicious,attack 1,false positive
business,metric,5892,user5892,malicious,attack 2,false positive
business,log,5892,user5892,malicious,attack 2,false positive
business,trace,5892,user5892,malicious,attack 2,true positive
business,metric,1975,user1975,regular,no attack,false positive
business,log,1975,user1975,regular,no attack,false positive
business,trace,1975,user1975,regular,no attack,false positive
infrastructure,metric,6935,user6935,regular,no attack,false positive
infrastructure,log,6935,user6935,regular,no attack,false positive
infrastructure,trace,6935,user6935,regular,no attack,false positive
infrastructure,metric,5098,user5098,regular,no attack,false positive
infrastructure,log,5098,user5098,regular,no attack,false positive
infrastructure,trace,5098,user5098,regular,no attack,false positive
infrastructure,metric,3788,user3788,malicious,attack 2,false positive
infrastructure,log,3788,user3788,malicious,attack 2,false positive
infrastructure,trace,3788,user3788,malicious,attack 2,true positive
infrastructure,metric,4311,user4311,malicious,attack 1,false positive
infrastructure,log,4311,user4311,malicious,attack 1,true positive
infrastructure,trace,4311,user4311,malicious,attack 1,false positive
infrastructure,metric,6772,user6772,malicious,attack 2,false positive
infrastructure,log,6772,user6772,malicious,attack 2,false positive
infrastructure,trace,6772,user6772,malicious,attack 2,true positive
business,metric,4649,user4649,malicious,attack 1,false positive
business,log,4649,user4649,malicious,attack 1,true positive
business,trace,4649,user4649,malicious,attack 1,false positive
business,metric,3461,user3461,malicious,attack 2,false positive
business,log,3461,user3461,malicious,attack 2,false positive
business,trace,3461,user3461,malicious,attack 2,true positive
business,metric,5434,user5434,regular,no attack,false positive
business,log,5434,user5434,regular,no attack,false positive
business,trace,5434,user5434,regular,no attack,false positive
infrastructure,metric,2897,user2897,malicious,attack 2,false positive
infrastructure,log,2897,user2897,malicious,attack 2,false positive
infrastructure,trace,2897,user2897,malicious,attack 2,true positive
infrastructure,metric,4613,user4613,malicious,attack 2,false positive
infrastructure,log,4613,user4613,malicious,attack 2,false positive
infrastructure,trace,4613,user4613,malicious,attack 2,true positive
infrastructure,metric,4828,user4828,regular,no attack,false positive
infrastructure,log,4828,user4828,regular,no attack,false positive
infrastructure,trace,4828,user4828,regular,no attack,false positive
infrastructure,metric,8379,user8379,malicious,attack 2,false positive
infrastructure,log,8379,user8379,malicious,attack 2,false positive
infrastructure,trace,8379,user8379,malicious,attack 2,true positive
infrastructure,metric,9671,user9671,regular,no attack,false positive
infrastructure,log,9671,user9671,regular,no attack,false positive
infrastructure,trace,9671,user9671,regular,no attack,false positive
business,metric,7553,user7553,regular,no attack,false positive
business,log,7553,user7553,regular,no attack,false positive
business,trace,7553,user7553,regular,no attack,false positive
business,metric,7259,user7259,regular,no attack,false positive
business,log,7259,user7259,regular,no attack,false positive
business,trace,7259,user7259,regular,no attack,false positive
business,metric,5717,user5717,malicious,attack 2,false positive
business,log,5717,user5717,malicious,attack 2,false positive
business,trace,5717,user5717,malicious,attack 2,true positive
business,metric,3162,user3162,regular,no attack,false positive
business,log,3162,user3162,regular,no attack,false positive
business,trace,3162,user3162,regular,no attack,false positive
business,metric,1816,user1816,malicious,attack 1,false positive
business,log,1816,user1816,malicious,attack 1,true positive
business,trace,1816,user1816,malicious,attack 1,false positive
business,metric,8374,user8374,malicious,attack 1,false positive
business,log,8374,user8374,malicious,attack 1,true positive
business,trace,8374,user8374,malicious,attack 1,false positive
business,metric,2560,user2560,malicious,attack 1,false positive
business,log,2560,user2560,malicious,attack 1,true positive
business,trace,2560,user2560,malicious,attack 1,false positive
business,metric,4061,user4061,malicious,attack 2,false positive
business,log,4061,user4061,malicious,attack 2,false positive
business,trace,4061,user4061,malicious,attack 2,true positive
business,metric,2747,user2747,regular,no attack,false positive
business,log,2747,user2747,regular,no attack,false positive
business,trace,2747,user2747,regular,no attack,false positive
infrastructure,metric,9317,user9317,malicious,attack 2,false positive
infrastructure,log,9317,user9317,malicious,attack 2,false positive
infrastructure,trace,9317,user9317,malicious,attack 2,true positive
business,metric,3673,user3673,malicious,attack 1,false positive
business,log,3673,user3673,malicious,attack 1,true positive
business,trace,3673,user3673,malicious,attack 1,false positive
infrastructure,metric,9759,user9759,regular,no attack,false positive
infrastructure,log,9759,user9759,regular,no attack,false positive
infrastructure,trace,9759,user9759,regular,no attack,false positive
infrastructure,metric,7445,user7445,regular,no attack,false positive
infrastructure,log,7445,user7445,regular,no attack,false positive
infrastructure,trace,7445,user7445,regular,no attack,false positive
business,metric,6952,user6952,malicious,attack 1,false positive
business,log,6952,user6952,malicious,attack 1,true positive
business,trace,6952,user6952,malicious,attack 1,false positive
infrastructure,metric,8682,user8682,malicious,attack 1,false positive
infrastructure,log,8682,user8682,malicious,attack 1,true positive
infrastructure,trace,8682,user8682,malicious,attack 1,false positive
infrastructure,metric,1323,user1323,regular,no attack,false positive
infrastructure,log,1323,user1323,regular,no attack,false positive
infrastructure,trace,1323,user1323,regular,no attack,false positive
infrastructure,metric,8216,user8216,malicious,attack 2,false positive
infrastructure,log,8216,user8216,malicious,attack 2,false positive
infrastructure,trace,8216,user8216,malicious,attack 2,true positive
infrastructure,metric,2371,user2371,regular,no attack,false positive
infrastructure,log,2371,user2371,regular,no attack,false positive
infrastructure,trace,2371,user2371,regular,no attack,false positive
infrastructure,metric,1210,user1210,regular,no attack,false positive
infrastructure,log,1210,user1210,regular,no attack,false positive
infrastructure,trace,1210,user1210,regular,no attack,false positive
infrastructure,metric,4711,user4711,regular,no attack,false positive
infrastructure,log,4711,user4711,regular,no attack,false positive
infrastructure,trace,4711,user4711,regular,no attack,false positive
infrastructure,metric,1450,user1450,malicious,attack 1,false positive
infrastructure,log,1450,user1450,malicious,attack 1,true positive
infrastructure,trace,1450,user1450,malicious,attack 1,false positive
infrastructure,metric,6314,user6314,regular,no attack,false positive
infrastructure,log,6314,user6314,regular,no attack,false positive
infrastructure,trace,6314,user6314,regular,no attack,false positive
infrastructure,metric,6932,user6932,malicious,attack 2,false positive
infrastructure,log,6932,user6932,malicious,attack 2,false positive
infrastructure,trace,6932,user6932,malicious,attack 2,true positive
business,metric,7670,user7670,malicious,attack 1,false positive
business,log,7670,user7670,malicious,attack 1,true positive
business,trace,7670,user7670,malicious,attack 1,false positive
business,metric,3785,user3785,regular,no attack,false positive
business,log,3785,user3785,regular,no attack,false positive
business,trace,3785,user3785,regular,no attack,false positive
infrastructure,metric,1051,user1051,regular,no attack,false positive
infrastructure,log,1051,user1051,regular,no attack,false positive
infrastructure,trace,1051,user1051,regular,no attack,false positive
infrastructure,metric,8319,user8319,malicious,attack 1,false positive
infrastructure,log,8319,user8319,malicious,attack 1,true positive
infrastructure,trace,8319,user8319,malicious,attack 1,false positive
business,metric,8984,user8984,malicious,attack 1,false positive
business,log,8984,user8984,malicious,attack 1,true positive
business,trace,8984,user8984,malicious,attack 1,false positive
infrastructure,metric,6100,user6100,regular,no attack,false positive
infrastructure,log,6100,user6100,regular,no attack,false positive
infrastructure,trace,6100,user6100,regular,no attack,false positive
infrastructure,metric,7543,user7543,malicious,attack 2,false positive
infrastructure,log,7543,user7543,malicious,attack 2,false positive
infrastructure,trace,7543,user7543,malicious,attack 2,true positive
infrastructure,metric,5357,user5357,malicious,attack 1,false positive
infrastructure,log,5357,user5357,malicious,attack 1,true positive
infrastructure,trace,5357,user5357,malicious,attack 1,false positive
business,metric,5979,user5979,malicious,attack 2,false positive
business,log,5979,user5979,malicious,attack 2,false positive
business,trace,5979,user5979,malicious,attack 2,true positive
infrastructure,metric,3063,user3063,regular,no attack,false positive
infrastructure,log,3063,user3063,regular,no attack,false positive
infrastructure,trace,3063,user3063,regular,no attack,false positive
infrastructure,metric,7727,user7727,regular,no attack,false positive
infrastructure,log,7727,user7727,regular,no attack,false positive
infrastructure,trace,7727,user7727,regular,no attack,false positive
infrastructure,metric,3583,user3583,malicious,attack 2,false positive
infrastructure,log,3583,user3583,malicious,attack 2,false positive
infrastructure,trace,3583,user3583,malicious,attack 2,true positive
business,metric,3958,user3958,malicious,attack 2,false positive
business,log,3958,user3958,malicious,attack 2,false positive
business,trace,3958,user3958,malicious,attack 2,true positive
business,metric,2751,user2751,regular,no attack,false positive
business,log,2751,user2751,regular,no attack,false positive
business,trace,2751,user2751,regular,no attack,false positive
business,metric,901,user901,malicious,attack 1,false positive
business,log,901,user901,malicious,attack 1,true positive
business,trace,901,user901,malicious,attack 1,false positive
infrastructure,metric,5397,user5397,malicious,attack 2,false positive
infrastructure,log,5397,user5397,malicious,attack 2,false positive
infrastructure,trace,5397,user5397,malicious,attack 2,true positive
business,metric,5454,user5454,regular,no attack,false positive
business,log,5454,user5454,regular,no attack,false positive
business,trace,5454,user5454,regular,no attack,false positive
business,metric,857,user857,malicious,attack 2,false positive
business,log,857,user857,malicious,attack 2,false positive
business,trace,857,user857,malicious,attack 2,true positive
business,metric,7925,user7925,regular,no attack,false positive
business,log,7925,user7925,regular,no attack,false positive
business,trace,7925,user7925,regular,no attack,false positive
infrastructure,metric,7761,user7761,regular,no attack,false positive
infrastructure,log,7761,user7761,regular,no attack,false positive
infrastructure,trace,7761,user7761,regular,no attack,false positive
infrastructure,metric,4054,user4054,regular,no attack,false positive
infrastructure,log,4054,user4054,regular,no attack,false positive
infrastructure,trace,4054,user4054,regular,no attack,false positive
infrastructure,metric,7580,user7580,malicious,attack 1,false positive
infrastructure,log,7580,user7580,malicious,attack 1,true positive
infrastructure,trace,7580,user7580,malicious,attack 1,false positive
business,metric,9938,user9938,malicious,attack 2,false positive
business,log,9938,user9938,malicious,attack 2,false positive
business,trace,9938,user9938,malicious,attack 2,true positive
business,metric,8301,user8301,malicious,attack 1,false positive
business,log,8301,user8301,malicious,attack 1,true positive
business,trace,8301,user8301,malicious,attack 1,false positive
business,metric,2668,user2668,malicious,attack 2,false positive
business,log,2668,user2668,malicious,attack 2,false positive
business,trace,2668,user2668,malicious,attack 2,true positive
infrastructure,metric,6301,user6301,regular,no attack,false positive
infrastructure,log,6301,user6301,regular,no attack,false positive
infrastructure,trace,6301,user6301,regular,no attack,false positive
business,metric,4198,user4198,regular,no attack,false positive
business,log,4198,user4198,regular,no attack,false positive
business,trace,4198,user4198,regular,no attack,false positive
infrastructure,metric,8478,user8478,malicious,attack 1,false positive
infrastructure,log,8478,user8478,malicious,attack 1,true positive
infrastructure,trace,8478,user8478,malicious,attack 1,false positive
business,metric,4767,user4767,malicious,attack 1,false positive
business,log,4767,user4767,malicious,attack 1,true positive
business,trace,4767,user4767,malicious,attack 1,false positive
infrastructure,metric,9491,user9491,malicious,attack 1,false positive
infrastructure,log,9491,user9491,malicious,attack 1,true positive
infrastructure,trace,9491,user9491,malicious,attack 1,false positive
business,metric,2627,user2627,malicious,attack 2,false positive
business,log,2627,user2627,malicious,attack 2,false positive
business,trace,2627,user2627,malicious,attack 2,true positive
business,metric,175,user175,regular,no attack,false positive
business,log,175,user175,regular,no attack,false positive
business,trace,175,user175,regular,no attack,false positive
business,metric,7786,user7786,malicious,attack 2,false positive
business,log,7786,user7786,malicious,attack 2,false positive
business,trace,7786,user7786,malicious,attack 2,true positive
business,metric,5486,user5486,malicious,attack 1,false positive
business,log,5486,user5486,malicious,attack 1,true positive
business,trace,5486,user5486,malicious,attack 1,false positive
infrastructure,metric,4309,user4309,regular,no attack,false positive
infrastructure,log,4309,user4309,regular,no attack,false positive
infrastructure,trace,4309,user4309,regular,no attack,false positive
infrastructure,metric,4943,user4943,malicious,attack 1,false positive
infrastructure,log,4943,user4943,malicious,attack 1,true positive
infrastructure,trace,4943,user4943,malicious,attack 1,false positive
business,metric,7327,user7327,malicious,attack 1,false positive
business,log,7327,user7327,malicious,attack 1,true positive
business,trace,7327,user7327,malicious,attack 1,false positive
infrastructure,metric,9207,user9207,regular,no attack,false positive
infrastructure,log,9207,user9207,regular,no attack,false positive
infrastructure,trace,9207,user9207,regular,no attack,false positive
infrastructure,metric,860,user860,regular,no attack,false positive
infrastructure,log,860,user860,regular,no attack,false positive
infrastructure,trace,860,user860,regular,no attack,false positive
business,metric,787,user787,malicious,attack 2,false positive
business,log,787,user787,malicious,attack 2,false positive
business,trace,787,user787,malicious,attack 2,true positive
business,metric,6995,user6995,malicious,attack 1,false positive
business,log,6995,user6995,malicious,attack 1,true positive
business,trace,6995,user6995,malicious,attack 1,false positive
business,metric,2685,user2685,malicious,attack 1,false positive
business,log,2685,user2685,malicious,attack 1,true positive
business,trace,2685,user2685,malicious,attack 1,false positive
business,metric,3703,user3703,regular,no attack,false positive
business,log,3703,user3703,regular,no attack,false positive
business,trace,3703,user3703,regular,no attack,false positive
infrastructure,metric,8348,user8348,regular,no attack,false positive
infrastructure,log,8348,user8348,regular,no attack,false positive
infrastructure,trace,8348,user8348,regular,no attack,false positive
business,metric,5239,user5239,malicious,attack 2,false positive
business,log,5239,user5239,malicious,attack 2,false positive
business,trace,5239,user5239,malicious,attack 2,true positive
infrastructure,metric,3052,user3052,regular,no attack,false positive
infrastructure,log,3052,user3052,regular,no attack,false positive
infrastructure,trace,3052,user3052,regular,no attack,false positive
infrastructure,metric,311,user311,malicious,attack 1,false positive
infrastructure,log,311,user311,malicious,attack 1,true positive
infrastructure,trace,311,user311,malicious,attack 1,false positive
business,metric,2268,user2268,malicious,attack 2,false positive
business,log,2268,user2268,malicious,attack 2,false positive
business,trace,2268,user2268,malicious,attack 2,true positive
business,metric,4675,user4675,malicious,attack 2,false positive
business,log,4675,user4675,malicious,attack 2,false positive
business,trace,4675,user4675,malicious,attack 2,true positive
infrastructure,metric,5950,user5950,malicious,attack 1,false positive
infrastructure,log,5950,user5950,malicious,attack 1,true positive
infrastructure,trace,5950,user5950,malicious,attack 1,false positive
infrastructure,metric,8328,user8328,regular,no attack,false positive
infrastructure,log,8328,user8328,regular,no attack,false positive
infrastructure,trace,8328,user8328,regular,no attack,false positive
infrastructure,metric,6395,user6395,malicious,attack 1,false positive
infrastructure,log,6395,user6395,malicious,attack 1,true positive
infrastructure,trace,6395,user6395,malicious,attack 1,false positive
business,metric,7760,user7760,regular,no attack,false positive
business,log,7760,user7760,regular,no attack,false positive
business,trace,7760,user7760,regular,no attack,false positive
infrastructure,metric,7260,user7260,regular,no attack,false positive
infrastructure,log,7260,user7260,regular,no attack,false positive
infrastructure,trace,7260,user7260,regular,no attack,false positive
business,metric,6050,user6050,malicious,attack 2,false positive
business,log,6050,user6050,malicious,attack 2,false positive
business,trace,6050,user6050,malicious,attack 2,true positive
business,metric,6882,user6882,malicious,attack 2,false positive
business,log,6882,user6882,malicious,attack 2,false positive
business,trace,6882,user6882,malicious,attack 2,true positive
infrastructure,metric,6751,user6751,regular,no attack,false positive
infrastructure,log,6751,user6751,regular,no attack,false positive
infrastructure,trace,6751,user6751,regular,no attack,false positive
infrastructure,metric,4973,user4973,malicious,attack 1,false positive
infrastructure,log,4973,user4973,malicious,attack 1,true positive
infrastructure,trace,4973,user4973,malicious,attack 1,false positive
business,metric,9874,user9874,malicious,attack 1,false positive
business,log,9874,user9874,malicious,attack 1,true positive
business,trace,9874,user9874,malicious,attack 1,false positive
infrastructure,metric,6504,user6504,regular,no attack,false positive
infrastructure,log,6504,user6504,regular,no attack,false positive
infrastructure,trace,6504,user6504,regular,no attack,false positive
infrastructure,metric,5016,user5016,malicious,attack 1,false positive
infrastructure,log,5016,user5016,malicious,attack 1,true positive
infrastructure,trace,5016,user5016,malicious,attack 1,false positive
infrastructure,metric,100,user100,malicious,attack 1,false positive
infrastructure,log,100,user100,malicious,attack 1,true positive
infrastructure,trace,100,user100,malicious,attack 1,false positive
business,metric,2704,user2704,regular,no attack,false positive
business,log,2704,user2704,regular,no attack,false positive
business,trace,2704,user2704,regular,no attack,false positive
business,metric,1525,user1525,malicious,attack 2,false positive
business,log,1525,user1525,malicious,attack 2,false positive
business,trace,1525,user1525,malicious,attack 2,true positive
business,metric,9968,user9968,regular,no attack,false positive
business,log,9968,user9968,regular,no attack,false positive
business,trace,9968,user9968,regular,no attack,false positive
infrastructure,metric,7565,user7565,malicious,attack 2,false positive
infrastructure,log,7565,user7565,malicious,attack 2,false positive
infrastructure,trace,7565,user7565,malicious,attack 2,true positive
business,metric,9011,user9011,malicious,attack 1,false positive
business,log,9011,user9011,malicious,attack 1,true positive
business,trace,9011,user9011,malicious,attack 1,false positive
infrastructure,metric,7358,user7358,regular,no attack,false positive
infrastructure,log,7358,user7358,regular,no attack,false positive
infrastructure,trace,7358,user7358,regular,no attack,false positive
infrastructure,metric,9661,user9661,malicious,attack 2,false positive
infrastructure,log,9661,user9661,malicious,attack 2,false positive
infrastructure,trace,9661,user9661,malicious,attack 2,true positive
business,metric,4337,user4337,malicious,attack 2,false positive
business,log,4337,user4337,malicious,attack 2,false positive
business,trace,4337,user4337,malicious,attack 2,true positive
infrastructure,metric,3223,user3223,malicious,attack 2,false positive
infrastructure,log,3223,user3223,malicious,attack 2,false positive
infrastructure,trace,3223,user3223,malicious,attack 2,true positive
infrastructure,metric,9909,user9909,malicious,attack 2,false positive
infrastructure,log,9909,user9909,malicious,attack 2,false positive
infrastructure,trace,9909,user9909,malicious,attack 2,true positive
infrastructure,metric,3292,user3292,malicious,attack 2,false positive
infrastructure,log,3292,user3292,malicious,attack 2,false positive
infrastructure,trace,3292,user3292,malicious,attack 2,true positive
business,metric,1475,user1475,malicious,attack 1,false positive
business,log,1475,user1475,malicious,attack 1,true positive
business,trace,1475,user1475,malicious,attack 1,false positive
business,metric,1508,user1508,malicious,attack 1,false positive
business,log,1508,user1508,malicious,attack 1,true positive
business,trace,1508,user1508,malicious,attack 1,false positive
infrastructure,metric,1457,user1457,regular,no attack,false positive
infrastructure,log,1457,user1457,regular,no attack,false positive
infrastructure,trace,1457,user1457,regular,no attack,false positive
business,metric,2414,user2414,regular,no attack,false positive
business,log,2414,user2414,regular,no attack,false positive
business,trace,2414,user2414,regular,no attack,false positive
business,metric,2543,user2543,malicious,attack 2,false positive
business,log,2543,user2543,malicious,attack 2,false positive
business,trace,2543,user2543,malicious,attack 2,true positive
business,metric,6391,user6391,regular,no attack,false positive
business,log,6391,user6391,regular,no attack,false positive
business,trace,6391,user6391,regular,no attack,false positive
infrastructure,metric,1368,user1368,malicious,attack 1,false positive
infrastructure,log,1368,user1368,malicious,attack 1,true positive
infrastructure,trace,1368,user1368,malicious,attack 1,false positive
infrastructure,metric,4816,user4816,regular,no attack,false positive
infrastructure,log,4816,user4816,regular,no attack,false positive
infrastructure,trace,4816,user4816,regular,no attack,false positive
business,metric,4063,user4063,malicious,attack 2,false positive
business,log,4063,user4063,malicious,attack 2,false positive
business,trace,4063,user4063,malicious,attack 2,true positive
business,metric,294,user294,regular,no attack,false positive
business,log,294,user294,regular,no attack,false positive
business,trace,294,user294,regular,no attack,false positive
business,metric,2841,user2841,regular,no attack,false positive
business,log,2841,user2841,regular,no attack,false positive
business,trace,2841,user2841,regular,no attack,false positive
business,metric,9461,user9461,malicious,attack 2,false positive
business,log,9461,user9461,malicious,attack 2,false positive
business,trace,9461,user9461,malicious,attack 2,true positive
infrastructure,metric,77,user77,regular,no attack,false positive
infrastructure,log,77,user77,regular,no attack,false positive
infrastructure,trace,77,user77,regular,no attack,false positive
business,metric,4484,user4484,malicious,attack 2,false positive
business,log,4484,user4484,malicious,attack 2,false positive
business,trace,4484,user4484,malicious,attack 2,true positive
business,metric,6784,user6784,malicious,attack 1,false positive
business,log,6784,user6784,malicious,attack 1,true positive
business,trace,6784,user6784,malicious,attack 1,false positive
infrastructure,metric,8812,user8812,malicious,attack 2,false positive
infrastructure,log,8812,user8812,malicious,attack 2,false positive
infrastructure,trace,8812,user8812,malicious,attack 2,true positive
business,metric,1853,user1853,malicious,attack 1,false positive
business,log,1853,user1853,malicious,attack 1,true positive
business,trace,1853,user1853,malicious,attack 1,false positive
infrastructure,metric,6123,user6123,malicious,attack 2,false positive
infrastructure,log,6123,user6123,malicious,attack 2,false positive
infrastructure,trace,6123,user6123,malicious,attack 2,true positive
infrastructure,metric,447,user447,malicious,attack 1,false positive
infrastructure,log,447,user447,malicious,attack 1,true positive
infrastructure,trace,447,user447,malicious,attack 1,false positive
business,metric,2913,user2913,malicious,attack 1,false positive
business,log,2913,user2913,malicious,attack 1,true positive
business,trace,2913,user2913,malicious,attack 1,false positive
business,metric,2178,user2178,malicious,attack 2,false positive
business,log,2178,user2178,malicious,attack 2,false positive
business,trace,2178,user2178,malicious,attack 2,true positive
business,metric,7717,user7717,malicious,attack 2,false positive
business,log,7717,user7717,malicious,attack 2,false positive
business,trace,7717,user7717,malicious,attack 2,true positive
business,metric,6063,user6063,regular,no attack,false positive
business,log,6063,user6063,regular,no attack,false positive
business,trace,6063,user6063,regular,no attack,false positive
infrastructure,metric,1720,user1720,malicious,attack 1,false positive
infrastructure,log,1720,user1720,malicious,attack 1,true positive
infrastructure,trace,1720,user1720,malicious,attack 1,false positive
infrastructure,metric,5830,user5830,regular,no attack,false positive
infrastructure,log,5830,user5830,regular,no attack,false positive
infrastructure,trace,5830,user5830,regular,no attack,false positive
infrastructure,metric,4084,user4084,malicious,attack 2,false positive
infrastructure,log,4084,user4084,malicious,attack 2,false positive
infrastructure,trace,4084,user4084,malicious,attack 2,true positive
infrastructure,metric,5598,user5598,regular,no attack,false positive
infrastructure,log,5598,user5598,regular,no attack,false positive
infrastructure,trace,5598,user5598,regular,no attack,false positive
business,metric,6694,user6694,malicious,attack 2,false positive
business,log,6694,user6694,malicious,attack 2,false positive
business,trace,6694,user6694,malicious,attack 2,true positive
business,metric,4406,user4406,malicious,attack 1,false positive
business,log,4406,user4406,malicious,attack 1,true positive
business,trace,4406,user4406,malicious,attack 1,false positive
business,metric,5785,user5785,malicious,attack 1,false positive
business,log,5785,user5785,malicious,attack 1,true positive
business,trace,5785,user5785,malicious,attack 1,false positive
infrastructure,metric,2236,user2236,regular,no attack,false positive
infrastructure,log,2236,user2236,regular,no attack,false positive
infrastructure,trace,2236,user2236,regular,no attack,false positive
infrastructure,metric,3861,user3861,malicious,attack 2,false positive
infrastructure,log,3861,user3861,malicious,attack 2,false positive
infrastructure,trace,3861,user3861,malicious,attack 2,true positive
infrastructure,metric,4985,user4985,malicious,attack 2,false positive
infrastructure,log,4985,user4985,malicious,attack 2,false positive
infrastructure,trace,4985,user4985,malicious,attack 2,true positive
infrastructure,metric,6137,user6137,malicious,attack 1,false positive
infrastructure,log,6137,user6137,malicious,attack 1,true positive
infrastructure,trace,6137,user6137,malicious,attack 1,false positive
infrastructure,metric,2478,user2478,malicious,attack 2,false positive
infrastructure,log,2478,user2478,malicious,attack 2,false positive
infrastructure,trace,2478,user2478,malicious,attack 2,true positive
infrastructure,metric,4585,user4585,regular,no attack,false positive
infrastructure,log,4585,user4585,regular,no attack,false positive
infrastructure,trace,4585,user4585,regular,no attack,false positive
business,metric,6122,user6122,regular,no attack,false positive
business,log,6122,user6122,regular,no attack,false positive
business,trace,6122,user6122,regular,no attack,false positive
infrastructure,metric,8971,user8971,malicious,attack 1,false positive
infrastructure,log,8971,user8971,malicious,attack 1,true positive
infrastructure,trace,8971,user8971,malicious,attack 1,false positive
business,metric,7980,user7980,malicious,attack 2,false positive
business,log,7980,user7980,malicious,attack 2,false positive
business,trace,7980,user7980,malicious,attack 2,true positive
business,metric,8875,user8875,malicious,attack 1,false positive
business,log,8875,user8875,malicious,attack 1,true positive
business,trace,8875,user8875,malicious,attack 1,false positive
business,metric,8400,user8400,malicious,attack 1,false positive
business,log,8400,user8400,malicious,attack 1,true positive
business,trace,8400,user8400,malicious,attack 1,false positive
infrastructure,metric,5077,user5077,malicious,attack 1,false positive
infrastructure,log,5077,user5077,malicious,attack 1,true positive
infrastructure,trace,5077,user5077,malicious,attack 1,false positive
infrastructure,metric,6734,user6734,malicious,attack 1,false positive
infrastructure,log,6734,user6734,malicious,attack 1,true positive
infrastructure,trace,6734,user6734,malicious,attack 1,false positive
business,metric,5218,user5218,regular,no attack,false positive
business,log,5218,user5218,regular,no attack,false positive
business,trace,5218,user5218,regular,no attack,false positive
infrastructure,metric,9235,user9235,malicious,attack 1,false positive
infrastructure,log,9235,user9235,malicious,attack 1,true positive
infrastructure,trace,9235,user9235,malicious,attack 1,false positive
business,metric,6708,user6708,malicious,attack 2,false positive
business,log,6708,user6708,malicious,attack 2,false positive
business,trace,6708,user6708,malicious,attack 2,true positive
infrastructure,metric,6226,user6226,malicious,attack 2,false positive
infrastructure,log,6226,user6226,malicious,attack 2,false positive
infrastructure,trace,6226,user6226,malicious,attack 2,true positive
business,metric,6758,user6758,regular,no attack,false positive
business,log,6758,user6758,regular,no attack,false positive
business,trace,6758,user6758,regular,no attack,false positive
business,metric,8341,user8341,malicious,attack 1,false positive
business,log,8341,user8341,malicious,attack 1,true positive
business,trace,8341,user8341,malicious,attack 1,false positive
infrastructure,metric,821,user821,malicious,attack 2,false positive
infrastructure,log,821,user821,malicious,attack 2,false positive
infrastructure,trace,821,user821,malicious,attack 2,true positive
infrastructure,metric,5492,user5492,malicious,attack 2,false positive
infrastructure,log,5492,user5492,malicious,attack 2,false positive
infrastructure,trace,5492,user5492,malicious,attack 2,true positive
infrastructure,metric,1633,user1633,malicious,attack 1,false positive
infrastructure,log,1633,user1633,malicious,attack 1,true positive
infrastructure,trace,1633,user1633,malicious,attack 1,false positive
infrastructure,metric,8205,user8205,malicious,attack 1,false positive
infrastructure,log,8205,user8205,malicious,attack 1,true positive
infrastructure,trace,8205,user8205,malicious,attack 1,false positive
infrastructure,metric,8912,user8912,regular,no attack,false positive
infrastructure,log,8912,user8912,regular,no attack,false positive
infrastructure,trace,8912,user8912,regular,no attack,false positive
business,metric,4733,user4733,malicious,attack 2,false positive
business,log,4733,user4733,malicious,attack 2,false positive
business,trace,4733,user4733,malicious,attack 2,true positive
infrastructure,metric,5544,user5544,malicious,attack 2,false positive
infrastructure,log,5544,user5544,malicious,attack 2,false positive
infrastructure,trace,5544,user5544,malicious,attack 2,true positive
infrastructure,metric,3535,user3535,malicious,attack 2,false positive
infrastructure,log,3535,user3535,malicious,attack 2,false positive
infrastructure,trace,3535,user3535,malicious,attack 2,true positive
business,metric,8016,user8016,malicious,attack 2,false positive
business,log,8016,user8016,malicious,attack 2,false positive
business,trace,8016,user8016,malicious,attack 2,true positive
infrastructure,metric,2019,user2019,malicious,attack 2,false positive
infrastructure,log,2019,user2019,malicious,attack 2,false positive
infrastructure,trace,2019,user2019,malicious,attack 2,true positive
business,metric,8681,user8681,malicious,attack 1,false positive
business,log,8681,user8681,malicious,attack 1,true positive
business,trace,8681,user8681,malicious,attack 1,false positive
infrastructure,metric,3893,user3893,malicious,attack 2,false positive
infrastructure,log,3893,user3893,malicious,attack 2,false positive
infrastructure,trace,3893,user3893,malicious,attack 2,true positive
infrastructure,metric,1426,user1426,malicious,attack 2,false positive
infrastructure,log,1426,user1426,malicious,attack 2,false positive
infrastructure,trace,1426,user1426,malicious,attack 2,true positive
business,metric,5536,user5536,malicious,attack 1,false positive
business,log,5536,user5536,malicious,attack 1,true positive
business,trace,5536,user5536,malicious,attack 1,false positive
business,metric,9770,user9770,regular,no attack,false positive
business,log,9770,user9770,regular,no attack,false positive
business,trace,9770,user9770,regular,no attack,false positive
infrastructure,metric,2459,user2459,malicious,attack 1,false positive
infrastructure,log,2459,user2459,malicious,attack 1,true positive
infrastructure,trace,2459,user2459,malicious,attack 1,false positive
business,metric,6384,user6384,malicious,attack 1,false positive
business,log,6384,user6384,malicious,attack 1,true positive
business,trace,6384,user6384,malicious,attack 1,false positive
business,metric,9584,user9584,regular,no attack,false positive
business,log,9584,user9584,regular,no attack,false positive
business,trace,9584,user9584,regular,no attack,false positive
infrastructure,metric,9012,user9012,malicious,attack 2,false positive
infrastructure,log,9012,user9012,malicious,attack 2,false positive
infrastructure,trace,9012,user9012,malicious,attack 2,true positive
infrastructure,metric,5712,user5712,malicious,attack 2,false positive
infrastructure,log,5712,user5712,malicious,attack 2,false positive
infrastructure,trace,5712,user5712,malicious,attack 2,true positive
business,metric,9938,user9938,malicious,attack 2,false positive
business,log,9938,user9938,malicious,attack 2,false positive
business,trace,9938,user9938,malicious,attack 2,true positive
infrastructure,metric,7290,user7290,malicious,attack 1,false positive
infrastructure,log,7290,user7290,malicious,attack 1,true positive
infrastructure,trace,7290,user7290,malicious,attack 1,false positive
business,metric,9945,user9945,malicious,attack 2,false positive
business,log,9945,user9945,malicious,attack 2,false positive
business,trace,9945,user9945,malicious,attack 2,true positive
infrastructure,metric,8660,user8660,malicious,attack 1,false positive
infrastructure,log,8660,user8660,malicious,attack 1,true positive
infrastructure,trace,8660,user8660,malicious,attack 1,false positive
business,metric,9149,user9149,malicious,attack 1,false positive
business,log,9149,user9149,malicious,attack 1,true positive
business,trace,9149,user9149,malicious,attack 1,false positive
business,metric,484,user484,malicious,attack 1,false positive
business,log,484,user484,malicious,attack 1,true positive
business,trace,484,user484,malicious,attack 1,false positive
infrastructure,metric,5711,user5711,regular,no attack,false positive
infrastructure,log,5711,user5711,regular,no attack,false positive
infrastructure,trace,5711,user5711,regular,no attack,false positive
infrastructure,metric,8563,user8563,malicious,attack 2,false positive
infrastructure,log,8563,user8563,malicious,attack 2,false positive
infrastructure,trace,8563,user8563,malicious,attack 2,true positive
business,metric,3726,user3726,malicious,attack 2,false positive
business,log,3726,user3726,malicious,attack 2,false positive
business,trace,3726,user3726,malicious,attack 2,true positive
business,metric,2148,user2148,regular,no attack,false positive
business,log,2148,user2148,regular,no attack,false positive
business,trace,2148,user2148,regular,no attack,false positive
business,metric,6576,user6576,malicious,attack 1,false positive
business,log,6576,user6576,malicious,attack 1,true positive
business,trace,6576,user6576,malicious,attack 1,false positive
infrastructure,metric,9347,user9347,malicious,attack 1,false positive
infrastructure,log,9347,user9347,malicious,attack 1,true positive
infrastructure,trace,9347,user9347,malicious,attack 1,false positive
infrastructure,metric,1336,user1336,malicious,attack 2,false positive
infrastructure,log,1336,user1336,malicious,attack 2,false positive
infrastructure,trace,1336,user1336,malicious,attack 2,true positive
business,metric,9621,user9621,malicious,attack 1,false positive
business,log,9621,user9621,malicious,attack 1,true positive
business,trace,9621,user9621,malicious,attack 1,false positive
business,metric,4272,user4272,regular,no attack,false positive
business,log,4272,user4272,regular,no attack,false positive
business,trace,4272,user4272,regular,no attack,false positive
business,metric,7862,user7862,malicious,attack 2,false positive
business,log,7862,user7862,malicious,attack 2,false positive
business,trace,7862,user7862,malicious,attack 2,true positive
business,metric,3228,user3228,malicious,attack 2,false positive
business,log,3228,user3228,malicious,attack 2,false positive
business,trace,3228,user3228,malicious,attack 2,true positive
business,metric,9229,user9229,malicious,attack 2,false positive
business,log,9229,user9229,malicious,attack 2,false positive
business,trace,9229,user9229,malicious,attack 2,true positive
infrastructure,metric,7649,user7649,malicious,attack 2,false positive
infrastructure,log,7649,user7649,malicious,attack 2,false positive
infrastructure,trace,7649,user7649,malicious,attack 2,true positive
infrastructure,metric,2338,user2338,malicious,attack 2,false positive
infrastructure,log,2338,user2338,malicious,attack 2,false positive
infrastructure,trace,2338,user2338,malicious,attack 2,true positive
business,metric,9693,user9693,malicious,attack 2,false positive
business,log,9693,user9693,malicious,attack 2,false positive
business,trace,9693,user9693,malicious,attack 2,true positive
infrastructure,metric,8661,user8661,regular,no attack,false positive
infrastructure,log,8661,user8661,regular,no attack,false positive
infrastructure,trace,8661,user8661,regular,no attack,false positive
business,metric,6560,user6560,malicious,attack 1,false positive
business,log,6560,user6560,malicious,attack 1,true positive
business,trace,6560,user6560,malicious,attack 1,false positive
business,metric,7465,user7465,malicious,attack 1,false positive
business,log,7465,user7465,malicious,attack 1,true positive
business,trace,7465,user7465,malicious,attack 1,false positive
business,metric,1587,user1587,regular,no attack,false positive
business,log,1587,user1587,regular,no attack,false positive
business,trace,1587,user1587,regular,no attack,false positive
business,metric,4998,user4998,regular,no attack,false positive
business,log,4998,user4998,regular,no attack,false positive
business,trace,4998,user4998,regular,no attack,false positive
infrastructure,metric,4098,user4098,malicious,attack 2,false positive
infrastructure,log,4098,user4098,malicious,attack 2,false positive
infrastructure,trace,4098,user4098,malicious,attack 2,true positive
business,metric,2923,user2923,malicious,attack 1,false positive
business,log,2923,user2923,malicious,attack 1,true positive
business,trace,2923,user2923,malicious,attack 1,false positive
infrastructure,metric,876,user876,malicious,attack 2,false positive
infrastructure,log,876,user876,malicious,attack 2,false positive
infrastructure,trace,876,user876,malicious,attack 2,true positive
business,metric,7352,user7352,malicious,attack 1,false positive
business,log,7352,user7352,malicious,attack 1,true positive
business,trace,7352,user7352,malicious,attack 1,false positive
business,metric,3557,user3557,regular,no attack,false positive
business,log,3557,user3557,regular,no attack,false positive
business,trace,3557,user3557,regular,no attack,false positive
business,metric,4160,user4160,malicious,attack 1,false positive
business,log,4160,user4160,malicious,attack 1,true positive
business,trace,4160,user4160,malicious,attack 1,false positive
infrastructure,metric,7411,user7411,malicious,attack 2,false positive
infrastructure,log,7411,user7411,malicious,attack 2,false positive
infrastructure,trace,7411,user7411,malicious,attack 2,true positive
business,metric,7070,user7070,malicious,attack 2,false positive
business,log,7070,user7070,malicious,attack 2,false positive
business,trace,7070,user7070,malicious,attack 2,true positive
infrastructure,metric,6169,user6169,malicious,attack 1,false positive
infrastructure,log,6169,user6169,malicious,attack 1,true positive
infrastructure,trace,6169,user6169,malicious,attack 1,false positive
infrastructure,metric,2740,user2740,malicious,attack 1,false positive
infrastructure,log,2740,user2740,malicious,attack 1,true positive
infrastructure,trace,2740,user2740,malicious,attack 1,false positive
infrastructure,metric,999,user999,malicious,attack 1,false positive
infrastructure,log,999,user999,malicious,attack 1,true positive
infrastructure,trace,999,user999,malicious,attack 1,false positive
business,metric,4572,user4572,regular,no attack,false positive
business,log,4572,user4572,regular,no attack,false positive
business,trace,4572,user4572,regular,no attack,false positive
business,metric,5015,user5015,malicious,attack 1,false positive
business,log,5015,user5015,malicious,attack 1,true positive
business,trace,5015,user5015,malicious,attack 1,false positive
infrastructure,metric,7981,user7981,malicious,attack 1,false positive
infrastructure,log,7981,user7981,malicious,attack 1,true positive
infrastructure,trace,7981,user7981,malicious,attack 1,false positive
infrastructure,metric,2540,user2540,malicious,attack 2,false positive
infrastructure,log,2540,user2540,malicious,attack 2,false positive
infrastructure,trace,2540,user2540,malicious,attack 2,true positive
infrastructure,metric,8323,user8323,regular,no attack,false positive
infrastructure,log,8323,user8323,regular,no attack,false positive
infrastructure,trace,8323,user8323,regular,no attack,false positive
infrastructure,metric,9620,user9620,malicious,attack 1,false positive
infrastructure,log,9620,user9620,malicious,attack 1,true positive
infrastructure,trace,9620,user9620,malicious,attack 1,false positive
infrastructure,metric,5749,user5749,malicious,attack 1,false positive
infrastructure,log,5749,user5749,malicious,attack 1,true positive
infrastructure,trace,5749,user5749,malicious,attack 1,false positive
business,metric,1029,user1029,malicious,attack 2,false positive
business,log,1029,user1029,malicious,attack 2,false positive
business,trace,1029,user1029,malicious,attack 2,true positive
infrastructure,metric,7849,user7849,malicious,attack 1,false positive
infrastructure,log,7849,user7849,malicious,attack 1,true positive
infrastructure,trace,7849,user7849,malicious,attack 1,false positive
infrastructure,metric,1594,user1594,malicious,attack 2,false positive
infrastructure,log,1594,user1594,malicious,attack 2,false positive
infrastructure,trace,1594,user1594,malicious,attack 2,true positive
infrastructure,metric,6142,user6142,malicious,attack 1,false positive
infrastructure,log,6142,user6142,malicious,attack 1,true positive
infrastructure,trace,6142,user6142,malicious,attack 1,false positive
infrastructure,metric,4765,user4765,malicious,attack 1,false positive
infrastructure,log,4765,user4765,malicious,attack 1,true positive
infrastructure,trace,4765,user4765,malicious,attack 1,false positive
business,metric,7369,user7369,regular,no attack,false positive
business,log,7369,user7369,regular,no attack,false positive
business,trace,7369,user7369,regular,no attack,false positive
infrastructure,metric,775,user775,malicious,attack 1,false positive
infrastructure,log,775,user775,malicious,attack 1,true positive
infrastructure,trace,775,user775,malicious,attack 1,false positive
infrastructure,metric,3118,user3118,malicious,attack 2,false positive
infrastructure,log,3118,user3118,malicious,attack 2,false positive
infrastructure,trace,3118,user3118,malicious,attack 2,true positive
infrastructure,metric,8201,user8201,malicious,attack 1,false positive
infrastructure,log,8201,user8201,malicious,attack 1,true positive
infrastructure,trace,8201,user8201,malicious,attack 1,false positive
infrastructure,metric,7258,user7258,malicious,attack 1,false positive
infrastructure,log,7258,user7258,malicious,attack 1,true positive
infrastructure,trace,7258,user7258,malicious,attack 1,false positive
business,metric,637,user637,malicious,attack 2,false positive
business,log,637,user637,malicious,attack 2,false positive
business,trace,637,user637,malicious,attack 2,true positive
infrastructure,metric,1482,user1482,malicious,attack 2,false positive
infrastructure,log,1482,user1482,malicious,attack 2,false positive
infrastructure,trace,1482,user1482,malicious,attack 2,true positive
business,metric,9403,user9403,malicious,attack 2,false positive
business,log,9403,user9403,malicious,attack 2,false positive
business,trace,9403,user9403,malicious,attack 2,true positive
business,metric,7772,user7772,malicious,attack 2,false positive
business,log,7772,user7772,malicious,attack 2,false positive
business,trace,7772,user7772,malicious,attack 2,true positive
infrastructure,metric,1133,user1133,malicious,attack 2,false positive
infrastructure,log,1133,user1133,malicious,attack 2,false positive
infrastructure,trace,1133,user1133,malicious,attack 2,true positive
infrastructure,metric,7784,user7784,malicious,attack 1,false positive
infrastructure,log,7784,user7784,malicious,attack 1,true positive
infrastructure,trace,7784,user7784,malicious,attack 1,false positive
infrastructure,metric,6185,user6185,malicious,attack 2,false positive
infrastructure,log,6185,user6185,malicious,attack 2,false positive
infrastructure,trace,6185,user6185,malicious,attack 2,true positive
business,metric,4363,user4363,malicious,attack 2,false positive
business,log,4363,user4363,malicious,attack 2,false positive
business,trace,4363,user4363,malicious,attack 2,true positive
business,metric,6535,user6535,malicious,attack 1,false positive
business,log,6535,user6535,malicious,attack 1,true positive
business,trace,6535,user6535,malicious,attack 1,false positive
business,metric,8426,user8426,malicious,attack 2,false positive
business,log,8426,user8426,malicious,attack 2,false positive
business,trace,8426,user8426,malicious,attack 2,true positive
business,metric,669,user669,regular,no attack,false positive
business,log,669,user669,regular,no attack,false positive
business,trace,669,user669,regular,no attack,false positive
infrastructure,metric,3638,user3638,malicious,attack 1,false positive
infrastructure,log,3638,user3638,malicious,attack 1,true positive
infrastructure,trace,3638,user3638,malicious,attack 1,false positive
business,metric,4396,user4396,malicious,attack 1,false positive
business,log,4396,user4396,malicious,attack 1,true positive
business,trace,4396,user4396,malicious,attack 1,false positive
business,metric,9893,user9893,malicious,attack 1,false positive
business,log,9893,user9893,malicious,attack 1,true positive
business,trace,9893,user9893,malicious,attack 1,false positive
business,metric,2949,user2949,malicious,attack 1,false positive
business,log,2949,user2949,malicious,attack 1,true positive
business,trace,2949,user2949,malicious,attack 1,false positive
infrastructure,metric,3148,user3148,regular,no attack,false positive
infrastructure,log,3148,user3148,regular,no attack,false positive
infrastructure,trace,3148,user3148,regular,no attack,false positive
infrastructure,metric,9853,user9853,malicious,attack 2,false positive
infrastructure,log,9853,user9853,malicious,attack 2,false positive
infrastructure,trace,9853,user9853,malicious,attack 2,true positive
infrastructure,metric,9381,user9381,malicious,attack 1,false positive
infrastructure,log,9381,user9381,malicious,attack 1,true positive
infrastructure,trace,9381,user9381,malicious,attack 1,false positive
infrastructure,metric,8035,user8035,malicious,attack 1,false positive
infrastructure,log,8035,user8035,malicious,attack 1,true positive
infrastructure,trace,8035,user8035,malicious,attack 1,false positive
infrastructure,metric,1005,user1005,malicious,attack 1,false positive
infrastructure,log,1005,user1005,malicious,attack 1,true positive
infrastructure,trace,1005,user1005,malicious,attack 1,false positive
infrastructure,metric,4278,user4278,malicious,attack 1,false positive
infrastructure,log,4278,user4278,malicious,attack 1,true positive
infrastructure,trace,4278,user4278,malicious,attack 1,false positive
business,metric,3728,user3728,malicious,attack 1,false positive
business,log,3728,user3728,malicious,attack 1,true positive
business,trace,3728,user3728,malicious,attack 1,false positive
business,metric,3024,user3024,malicious,attack 1,false positive
business,log,3024,user3024,malicious,attack 1,true positive
business,trace,3024,user3024,malicious,attack 1,false positive
business,metric,3019,user3019,malicious,attack 1,false positive
business,log,3019,user3019,malicious,attack 1,true positive
business,trace,3019,user3019,malicious,attack 1,false positive
business,metric,5946,user5946,malicious,attack 2,false positive
business,log,5946,user5946,malicious,attack 2,false positive
business,trace,5946,user5946,malicious,attack 2,true positive
infrastructure,metric,1673,user1673,malicious,attack 2,false positive
infrastructure,log,1673,user1673,malicious,attack 2,false positive
infrastructure,trace,1673,user1673,malicious,attack 2,true positive
business,metric,2543,user2543,malicious,attack 1,false positive
business,log,2543,user2543,malicious,attack 1,true positive
business,trace,2543,user2543,malicious,attack 1,false positive
infrastructure,metric,4581,user4581,malicious,attack 1,false positive
infrastructure,log,4581,user4581,malicious,attack 1,true positive
infrastructure,trace,4581,user4581,malicious,attack 1,false positive
infrastructure,metric,7058,user7058,malicious,attack 2,false positive
infrastructure,log,7058,user7058,malicious,attack 2,false positive
infrastructure,trace,7058,user7058,malicious,attack 2,true positive
infrastructure,metric,8639,user8639,malicious,attack 1,false positive
infrastructure,log,8639,user8639,malicious,attack 1,true positive
infrastructure,trace,8639,user8639,malicious,attack 1,false positive
infrastructure,metric,1755,user1755,regular,no attack,false positive
infrastructure,log,1755,user1755,regular,no attack,false positive
infrastructure,trace,1755,user1755,regular,no attack,false positive
infrastructure,metric,512,user512,regular,no attack,false positive
infrastructure,log,512,user512,regular,no attack,false positive
infrastructure,trace,512,user512,regular,no attack,false positive
infrastructure,metric,6860,user6860,regular,no attack,false positive
infrastructure,log,6860,user6860,regular,no attack,false positive
infrastructure,trace,6860,user6860,regular,no attack,false positive
business,metric,3289,user3289,malicious,attack 2,false positive
business,log,3289,user3289,malicious,attack 2,false positive
business,trace,3289,user3289,malicious,attack 2,true positive
infrastructure,metric,1242,user1242,regular,no attack,false positive
infrastructure,log,1242,user1242,regular,no attack,false positive
infrastructure,trace,1242,user1242,regular,no attack,false positive
business,metric,6581,user6581,regular,no attack,false positive
business,log,6581,user6581,regular,no attack,false positive
business,trace,6581,user6581,regular,no attack,false positive
business,metric,600,user600,malicious,attack 2,false positive
business,log,600,user600,malicious,attack 2,false positive
business,trace,600,user600,malicious,attack 2,true positive
infrastructure,metric,471,user471,malicious,attack 1,false positive
infrastructure,log,471,user471,malicious,attack 1,true positive
infrastructure,trace,471,user471,malicious,attack 1,false positive
business,metric,6966,user6966,malicious,attack 1,false positive
business,log,6966,user6966,malicious,attack 1,true positive
business,trace,6966,user6966,malicious,attack 1,false positive
infrastructure,metric,5854,user5854,malicious,attack 1,false positive
infrastructure,log,5854,user5854,malicious,attack 1,true positive
infrastructure,trace,5854,user5854,malicious,attack 1,false positive
infrastructure,metric,2488,user2488,regular,no attack,false positive
infrastructure,log,2488,user2488,regular,no attack,false positive
infrastructure,trace,2488,user2488,regular,no attack,false positive
infrastructure,metric,1135,user1135,malicious,attack 1,false positive
infrastructure,log,1135,user1135,malicious,attack 1,true positive
infrastructure,trace,1135,user1135,malicious,attack 1,false positive
business,metric,253,user253,regular,no attack,false positive
business,log,253,user253,regular,no attack,false positive
business,trace,253,user253,regular,no attack,false positive
infrastructure,metric,1387,user1387,malicious,attack 2,false positive
infrastructure,log,1387,user1387,malicious,attack 2,false positive
infrastructure,trace,1387,user1387,malicious,attack 2,true positive
infrastructure,metric,3743,user3743,malicious,attack 2,false positive
infrastructure,log,3743,user3743,malicious,attack 2,false positive
infrastructure,trace,3743,user3743,malicious,attack 2,true positive
infrastructure,metric,9408,user9408,malicious,attack 1,false positive
infrastructure,log,9408,user9408,malicious,attack 1,true positive
infrastructure,trace,9408,user9408,malicious,attack 1,false positive
business,metric,8601,user8601,malicious,attack 1,false positive
business,log,8601,user8601,malicious,attack 1,true positive
business,trace,8601,user8601,malicious,attack 1,false positive
infrastructure,metric,858,user858,malicious,attack 2,false positive
infrastructure,log,858,user858,malicious,attack 2,false positive
infrastructure,trace,858,user858,malicious,attack 2,true positive
business,metric,6111,user6111,malicious,attack 1,false positive
business,log,6111,user6111,malicious,attack 1,true positive
business,trace,6111,user6111,malicious,attack 1,false positive
infrastructure,metric,1522,user1522,malicious,attack 2,false positive
infrastructure,log,1522,user1522,malicious,attack 2,false positive
infrastructure,trace,1522,user1522,malicious,attack 2,true positive
business,metric,222,user222,regular,no attack,false positive
business,log,222,user222,regular,no attack,false positive
business,trace,222,user222,regular,no attack,false positive
infrastructure,metric,1096,user1096,malicious,attack 1,false positive
infrastructure,log,1096,user1096,malicious,attack 1,true positive
infrastructure,trace,1096,user1096,malicious,attack 1,false positive
infrastructure,metric,4680,user4680,regular,no attack,false positive
infrastructure,log,4680,user4680,regular,no attack,false positive
infrastructure,trace,4680,user4680,regular,no attack,false positive
business,metric,3259,user3259,malicious,attack 2,false positive
business,log,3259,user3259,malicious,attack 2,false positive
business,trace,3259,user3259,malicious,attack 2,true positive
business,metric,5224,user5224,regular,no attack,false positive
business,log,5224,user5224,regular,no attack,false positive
business,trace,5224,user5224,regular,no attack,false positive
business,metric,8954,user8954,malicious,attack 2,false positive
business,log,8954,user8954,malicious,attack 2,false positive
business,trace,8954,user8954,malicious,attack 2,true positive
business,metric,7619,user7619,malicious,attack 2,false positive
business,log,7619,user7619,malicious,attack 2,false positive
business,trace,7619,user7619,malicious,attack 2,true positive
infrastructure,metric,9015,user9015,malicious,attack 1,false positive
infrastructure,log,9015,user9015,malicious,attack 1,true positive
infrastructure,trace,9015,user9015,malicious,attack 1,false positive
infrastructure,metric,4531,user4531,malicious,attack 2,false positive
infrastructure,log,4531,user4531,malicious,attack 2,false positive
infrastructure,trace,4531,user4531,malicious,attack 2,true positive
infrastructure,metric,4503,user4503,malicious,attack 1,false positive
infrastructure,log,4503,user4503,malicious,attack 1,true positive
infrastructure,trace,4503,user4503,malicious,attack 1,false positive
infrastructure,metric,2337,user2337,malicious,attack 2,false positive
infrastructure,log,2337,user2337,malicious,attack 2,false positive
infrastructure,trace,2337,user2337,malicious,attack 2,true positive
business,metric,9797,user9797,malicious,attack 1,false positive
business,log,9797,user9797,malicious,attack 1,true positive
business,trace,9797,user9797,malicious,attack 1,false positive
infrastructure,metric,4701,user4701,regular,no attack,false positive
infrastructure,log,4701,user4701,regular,no attack,false positive
infrastructure,trace,4701,user4701,regular,no attack,false positive
infrastructure,metric,8986,user8986,malicious,attack 1,false positive
infrastructure,log,8986,user8986,malicious,attack 1,true positive
infrastructure,trace,8986,user8986,malicious,attack 1,false positive
business,metric,9893,user9893,malicious,attack 2,false positive
business,log,9893,user9893,malicious,attack 2,false positive
business,trace,9893,user9893,malicious,attack 2,true positive
business,metric,769,user769,malicious,attack 2,false positive
business,log,769,user769,malicious,attack 2,false positive
business,trace,769,user769,malicious,attack 2,true positive
infrastructure,metric,1029,user1029,malicious,attack 2,false positive
infrastructure,log,1029,user1029,malicious,attack 2,false positive
infrastructure,trace,1029,user1029,malicious,attack 2,true positive
business,metric,9147,user9147,malicious,attack 2,false positive
business,log,9147,user9147,malicious,attack 2,false positive
business,trace,9147,user9147,malicious,attack 2,true positive
infrastructure,metric,3915,user3915,malicious,attack 2,false positive
infrastructure,log,3915,user3915,malicious,attack 2,false positive
infrastructure,trace,3915,user3915,malicious,attack 2,true positive
business,metric,5538,user5538,regular,no attack,false positive
business,log,5538,user5538,regular,no attack,false positive
business,trace,5538,user5538,regular,no attack,false positive
infrastructure,metric,9217,user9217,malicious,attack 2,false positive
infrastructure,log,9217,user9217,malicious,attack 2,false positive
infrastructure,trace,9217,user9217,malicious,attack 2,true positive
infrastructure,metric,1533,user1533,malicious,attack 2,false positive
infrastructure,log,1533,user1533,malicious,attack 2,false positive
infrastructure,trace,1533,user1533,malicious,attack 2,true positive
infrastructure,metric,9897,user9897,malicious,attack 2,false positive
infrastructure,log,9897,user9897,malicious,attack 2,false positive
infrastructure,trace,9897,user9897,malicious,attack 2,true positive
infrastructure,metric,5522,user5522,malicious,attack 1,false positive
infrastructure,log,5522,user5522,malicious,attack 1,true positive
infrastructure,trace,5522,user5522,malicious,attack 1,false positive
business,metric,7245,user7245,regular,no attack,false positive
business,log,7245,user7245,regular,no attack,false positive
business,trace,7245,user7245,regular,no attack,false positive
infrastructure,metric,9913,user9913,malicious,attack 2,false positive
infrastructure,log,9913,user9913,malicious,attack 2,false positive
infrastructure,trace,9913,user9913,malicious,attack 2,true positive
business,metric,5513,user5513,malicious,attack 2,false positive
business,log,5513,user5513,malicious,attack 2,false positive
business,trace,5513,user5513,malicious,attack 2,true positive
business,metric,9920,user9920,malicious,attack 2,false positive
business,log,9920,user9920,malicious,attack 2,false positive
business,trace,9920,user9920,malicious,attack 2,true positive
business,metric,8698,user8698,malicious,attack 1,false positive
business,log,8698,user8698,malicious,attack 1,true positive
business,trace,8698,user8698,malicious,attack 1,false positive
infrastructure,metric,5273,user5273,regular,no attack,false positive
infrastructure,log,5273,user5273,regular,no attack,false positive
infrastructure,trace,5273,user5273,regular,no attack,false positive
business,metric,8915,user8915,malicious,attack 1,false positive
business,log,8915,user8915,malicious,attack 1,true positive
business,trace,8915,user8915,malicious,attack 1,false positive
infrastructure,metric,6240,user6240,regular,no attack,false positive
infrastructure,log,6240,user6240,regular,no attack,false positive
infrastructure,trace,6240,user6240,regular,no attack,false positive
infrastructure,metric,7751,user7751,malicious,attack 2,false positive
infrastructure,log,7751,user7751,malicious,attack 2,false positive
infrastructure,trace,7751,user7751,malicious,attack 2,true positive
infrastructure,metric,8783,user8783,malicious,attack 1,false positive
infrastructure,log,8783,user8783,malicious,attack 1,true positive
infrastructure,trace,8783,user8783,malicious,attack 1,false positive
infrastructure,metric,8206,user8206,regular,no attack,false positive
infrastructure,log,8206,user8206,regular,no attack,false positive
infrastructure,trace,8206,user8206,regular,no attack,false positive
business,metric,7123,user7123,regular,no attack,false positive
business,log,7123,user7123,regular,no attack,false positive
business,trace,7123,user7123,regular,no attack,false positive
business,metric,9952,user9952,malicious,attack 2,false positive
business,log,9952,user9952,malicious,attack 2,false positive
business,trace,9952,user9952,malicious,attack 2,true positive
infrastructure,metric,9935,user9935,malicious,attack 1,false positive
infrastructure,log,9935,user9935,malicious,attack 1,true positive
infrastructure,trace,9935,user9935,malicious,attack 1,false positive
infrastructure,metric,2331,user2331,regular,no attack,false positive
infrastructure,log,2331,user2331,regular,no attack,false positive
infrastructure,trace,2331,user2331,regular,no attack,false positive
business,metric,8901,user8901,regular,no attack,false positive
business,log,8901,user8901,regular,no attack,false positive
business,trace,8901,user8901,regular,no attack,false positive
infrastructure,metric,5019,user5019,malicious,attack 2,false positive
infrastructure,log,5019,user5019,malicious,attack 2,false positive
infrastructure,trace,5019,user5019,malicious,attack 2,true positive
infrastructure,metric,8428,user8428,malicious,attack 2,false positive
infrastructure,log,8428,user8428,malicious,attack 2,false positive
infrastructure,trace,8428,user8428,malicious,attack 2,true positive
business,metric,427,user427,malicious,attack 1,false positive
business,log,427,user427,malicious,attack 1,true positive
business,trace,427,user427,malicious,attack 1,false positive
infrastructure,metric,3835,user3835,regular,no attack,false positive
infrastructure,log,3835,user3835,regular,no attack,false positive
infrastructure,trace,3835,user3835,regular,no attack,false positive
infrastructure,metric,4669,user4669,malicious,attack 2,false positive
infrastructure,log,4669,user4669,malicious,attack 2,false positive
infrastructure,trace,4669,user4669,malicious,attack 2,true positive
business,metric,1828,user1828,malicious,attack 2,false positive
business,log,1828,user1828,malicious,attack 2,false positive
business,trace,1828,user1828,malicious,attack 2,true positive
infrastructure,metric,3332,user3332,malicious,attack 2,false positive
infrastructure,log,3332,user3332,malicious,attack 2,false positive
infrastructure,trace,3332,user3332,malicious,attack 2,true positive
business,metric,4283,user4283,malicious,attack 1,false positive
business,log,4283,user4283,malicious,attack 1,true positive
business,trace,4283,user4283,malicious,attack 1,false positive
infrastructure,metric,8265,user8265,malicious,attack 2,false positive
infrastructure,log,8265,user8265,malicious,attack 2,false positive
infrastructure,trace,8265,user8265,malicious,attack 2,true positive
business,metric,5502,user5502,malicious,attack 1,false positive
business,log,5502,user5502,malicious,attack 1,true positive
business,trace,5502,user5502,malicious,attack 1,false positive
business,metric,8217,user8217,malicious,attack 1,false positive
business,log,8217,user8217,malicious,attack 1,true positive
business,trace,8217,user8217,malicious,attack 1,false positive
infrastructure,metric,9997,user9997,regular,no attack,false positive
infrastructure,log,9997,user9997,regular,no attack,false positive
infrastructure,trace,9997,user9997,regular,no attack,false positive
business,metric,6106,user6106,malicious,attack 1,false positive
business,log,6106,user6106,malicious,attack 1,true positive
business,trace,6106,user6106,malicious,attack 1,false positive
business,metric,4276,user4276,malicious,attack 1,false positive
business,log,4276,user4276,malicious,attack 1,true positive
business,trace,4276,user4276,malicious,attack 1,false positive
business,metric,349,user349,regular,no attack,false positive
business,log,349,user349,regular,no attack,false positive
business,trace,349,user349,regular,no attack,false positive
infrastructure,metric,4692,user4692,malicious,attack 2,false positive
infrastructure,log,4692,user4692,malicious,attack 2,false positive
infrastructure,trace,4692,user4692,malicious,attack 2,true positive
business,metric,6427,user6427,regular,no attack,false positive
business,log,6427,user6427,regular,no attack,false positive
business,trace,6427,user6427,regular,no attack,false positive
business,metric,3286,user3286,malicious,attack 1,false positive
business,log,3286,user3286,malicious,attack 1,true positive
business,trace,3286,user3286,malicious,attack 1,false positive
business,metric,9959,user9959,malicious,attack 2,false positive
business,log,9959,user9959,malicious,attack 2,false positive
business,trace,9959,user9959,malicious,attack 2,true positive
infrastructure,metric,2873,user2873,malicious,attack 1,false positive
infrastructure,log,2873,user2873,malicious,attack 1,true positive
infrastructure,trace,2873,user2873,malicious,attack 1,false positive
business,metric,1618,user1618,malicious,attack 1,false positive
business,log,1618,user1618,malicious,attack 1,true positive
business,trace,1618,user1618,malicious,attack 1,false positive
infrastructure,metric,7040,user7040,malicious,attack 2,false positive
infrastructure,log,7040,user7040,malicious,attack 2,false positive
infrastructure,trace,7040,user7040,malicious,attack 2,true positive
business,metric,1072,user1072,malicious,attack 2,false positive
business,log,1072,user1072,malicious,attack 2,false positive
business,trace,1072,user1072,malicious,attack 2,true positive
business,metric,7034,user7034,malicious,attack 1,false positive
business,log,7034,user7034,malicious,attack 1,true positive
business,trace,7034,user7034,malicious,attack 1,false positive
infrastructure,metric,9029,user9029,malicious,attack 1,false positive
infrastructure,log,9029,user9029,malicious,attack 1,true positive
infrastructure,trace,9029,user9029,malicious,attack 1,false positive
infrastructure,metric,7116,user7116,malicious,attack 2,false positive
infrastructure,log,7116,user7116,malicious,attack 2,false positive
infrastructure,trace,7116,user7116,malicious,attack 2,true positive
business,metric,2480,user2480,regular,no attack,false positive
business,log,2480,user2480,regular,no attack,false positive
business,trace,2480,user2480,regular,no attack,false positive
business,metric,887,user887,malicious,attack 2,false positive
business,log,887,user887,malicious,attack 2,false positive
business,trace,887,user887,malicious,attack 2,true positive
business,metric,2438,user2438,regular,no attack,false positive
business,log,2438,user2438,regular,no attack,false positive
business,trace,2438,user2438,regular,no attack,false positive
business,metric,8325,user8325,regular,no attack,false positive
business,log,8325,user8325,regular,no attack,false positive
business,trace,8325,user8325,regular,no attack,false positive
infrastructure,metric,3598,user3598,malicious,attack 2,false positive
infrastructure,log,3598,user3598,malicious,attack 2,false positive
infrastructure,trace,3598,user3598,malicious,attack 2,true positive
infrastructure,metric,7023,user7023,malicious,attack 1,false positive
infrastructure,log,7023,user7023,malicious,attack 1,true positive
infrastructure,trace,7023,user7023,malicious,attack 1,false positive
business,metric,6591,user6591,regular,no attack,false positive
business,log,6591,user6591,regular,no attack,false positive
business,trace,6591,user6591,regular,no attack,false positive
business,metric,1267,user1267,malicious,attack 2,false positive
business,log,1267,user1267,malicious,attack 2,false positive
business,trace,1267,user1267,malicious,attack 2,true positive
infrastructure,metric,2146,user2146,malicious,attack 2,false positive
infrastructure,log,2146,user2146,malicious,attack 2,false positive
infrastructure,trace,2146,user2146,malicious,attack 2,true positive
business,metric,4531,user4531,malicious,attack 2,false positive
business,log,4531,user4531,malicious,attack 2,false positive
business,trace,4531,user4531,malicious,attack 2,true positive
business,metric,8624,user8624,regular,no attack,false positive
business,log,8624,user8624,regular,no attack,false positive
business,trace,8624,user8624,regular,no attack,false positive
business,metric,5688,user5688,regular,no attack,false positive
business,log,5688,user5688,regular,no attack,false positive
business,trace,5688,user5688,regular,no attack,false positive
infrastructure,metric,5700,user5700,malicious,attack 1,false positive
infrastructure,log,5700,user5700,malicious,attack 1,true positive
infrastructure,trace,5700,user5700,malicious,attack 1,false positive
business,metric,5443,user5443,malicious,attack 2,false positive
business,log,5443,user5443,malicious,attack 2,false positive
business,trace,5443,user5443,malicious,attack 2,true positive
business,metric,1929,user1929,malicious,attack 1,false positive
business,log,1929,user1929,malicious,attack 1,true positive
business,trace,1929,user1929,malicious,attack 1,false positive
business,metric,5906,user5906,regular,no attack,false positive
business,log,5906,user5906,regular,no attack,false positive
business,trace,5906,user5906,regular,no attack,false positive
infrastructure,metric,2832,user2832,malicious,attack 1,false positive
infrastructure,log,2832,user2832,malicious,attack 1,true positive
infrastructure,trace,2832,user2832,malicious,attack 1,false positive
infrastructure,metric,2811,user2811,malicious,attack 1,false positive
infrastructure,log,2811,user2811,malicious,attack 1,true positive
infrastructure,trace,2811,user2811,malicious,attack 1,false positive
infrastructure,metric,9111,user9111,regular,no attack,false positive
infrastructure,log,9111,user9111,regular,no attack,false positive
infrastructure,trace,9111,user9111,regular,no attack,false positive
infrastructure,metric,6229,user6229,malicious,attack 2,false positive
infrastructure,log,6229,user6229,malicious,attack 2,false positive
infrastructure,trace,6229,user6229,malicious,attack 2,true positive
infrastructure,metric,2926,user2926,malicious,attack 2,false positive
infrastructure,log,2926,user2926,malicious,attack 2,false positive
infrastructure,trace,2926,user2926,malicious,attack 2,true positive
business,metric,3615,user3615,malicious,attack 1,false positive
business,log,3615,user3615,malicious,attack 1,true positive
business,trace,3615,user3615,malicious,attack 1,false positive
business,metric,7718,user7718,malicious,attack 2,false positive
business,log,7718,user7718,malicious,attack 2,false positive
business,trace,7718,user7718,malicious,attack 2,true positive
business,metric,6078,user6078,regular,no attack,false positive
business,log,6078,user6078,regular,no attack,false positive
business,trace,6078,user6078,regular,no attack,false positive
infrastructure,metric,9137,user9137,malicious,attack 1,false positive
infrastructure,log,9137,user9137,malicious,attack 1,true positive
infrastructure,trace,9137,user9137,malicious,attack 1,false positive
business,metric,7565,user7565,malicious,attack 1,false positive
business,log,7565,user7565,malicious,attack 1,true positive
business,trace,7565,user7565,malicious,attack 1,false positive
business,metric,1335,user1335,malicious,attack 2,false positive
business,log,1335,user1335,malicious,attack 2,false positive
business,trace,1335,user1335,malicious,attack 2,true positive
infrastructure,metric,666,user666,regular,no attack,false positive
infrastructure,log,666,user666,regular,no attack,false positive
infrastructure,trace,666,user666,regular,no attack,false positive
infrastructure,metric,1085,user1085,malicious,attack 2,false positive
infrastructure,log,1085,user1085,malicious,attack 2,false positive
infrastructure,trace,1085,user1085,malicious,attack 2,true positive
infrastructure,metric,9864,user9864,regular,no attack,false positive
infrastructure,log,9864,user9864,regular,no attack,false positive
infrastructure,trace,9864,user9864,regular,no attack,false positive
business,metric,4768,user4768,malicious,attack 2,false positive
business,log,4768,user4768,malicious,attack 2,false positive
business,trace,4768,user4768,malicious,attack 2,true positive
infrastructure,metric,5076,user5076,malicious,attack 2,false positive
infrastructure,log,5076,user5076,malicious,attack 2,false positive
infrastructure,trace,5076,user5076,malicious,attack 2,true positive
infrastructure,metric,8293,user8293,regular,no attack,false positive
infrastructure,log,8293,user8293,regular,no attack,false positive
infrastructure,trace,8293,user8293,regular,no attack,false positive
business,metric,5713,user5713,malicious,attack 1,false positive
business,log,5713,user5713,malicious,attack 1,true positive
business,trace,5713,user5713,malicious,attack 1,false positive
business,metric,3826,user3826,malicious,attack 2,false positive
business,log,3826,user3826,malicious,attack 2,false positive
business,trace,3826,user3826,malicious,attack 2,true positive
business,metric,5604,user5604,malicious,attack 1,false positive
business,log,5604,user5604,malicious,attack 1,true positive
business,trace,5604,user5604,malicious,attack 1,false positive
business,metric,8700,user8700,regular,no attack,false positive
business,log,8700,user8700,regular,no attack,false positive
business,trace,8700,user8700,regular,no attack,false positive
infrastructure,metric,8846,user8846,regular,no attack,false positive
infrastructure,log,8846,user8846,regular,no attack,false positive
infrastructure,trace,8846,user8846,regular,no attack,false positive
business,metric,9584,user9584,regular,no attack,false positive
business,log,9584,user9584,regular,no attack,false positive
business,trace,9584,user9584,regular,no attack,false positive
infrastructure,metric,8309,user8309,malicious,attack 1,false positive
infrastructure,log,8309,user8309,malicious,attack 1,true positive
infrastructure,trace,8309,user8309,malicious,attack 1,false positive
infrastructure,metric,6109,user6109,regular,no attack,false positive
infrastructure,log,6109,user6109,regular,no attack,false positive
infrastructure,trace,6109,user6109,regular,no attack,false positive
infrastructure,metric,3959,user3959,malicious,attack 2,false positive
infrastructure,log,3959,user3959,malicious,attack 2,false positive
infrastructure,trace,3959,user3959,malicious,attack 2,true positive
business,metric,7543,user7543,malicious,attack 2,false positive
business,log,7543,user7543,malicious,attack 2,false positive
business,trace,7543,user7543,malicious,attack 2,true positive
business,metric,2924,user2924,malicious,attack 1,false positive
business,log,2924,user2924,malicious,attack 1,true positive
business,trace,2924,user2924,malicious,attack 1,false positive
business,metric,2306,user2306,malicious,attack 2,false positive
business,log,2306,user2306,malicious,attack 2,false positive
business,trace,2306,user2306,malicious,attack 2,true positive
business,metric,5648,user5648,malicious,attack 2,false positive
business,log,5648,user5648,malicious,attack 2,false positive
business,trace,5648,user5648,malicious,attack 2,true positive
infrastructure,metric,103,user103,malicious,attack 1,false positive
infrastructure,log,103,user103,malicious,attack 1,true positive
infrastructure,trace,103,user103,malicious,attack 1,false positive
business,metric,6971,user6971,malicious,attack 1,false positive
business,log,6971,user6971,malicious,attack 1,true positive
business,trace,6971,user6971,malicious,attack 1,false positive
infrastructure,metric,5212,user5212,malicious,attack 1,false positive
infrastructure,log,5212,user5212,malicious,attack 1,true positive
infrastructure,trace,5212,user5212,malicious,attack 1,false positive
infrastructure,metric,8540,user8540,malicious,attack 2,false positive
infrastructure,log,8540,user8540,malicious,attack 2,false positive
infrastructure,trace,8540,user8540,malicious,attack 2,true positive
business,metric,26,user26,regular,no attack,false positive
business,log,26,user26,regular,no attack,false positive
business,trace,26,user26,regular,no attack,false positive
business,metric,843,user843,malicious,attack 2,false positive
business,log,843,user843,malicious,attack 2,false positive
business,trace,843,user843,malicious,attack 2,true positive
infrastructure,metric,6730,user6730,malicious,attack 1,false positive
infrastructure,log,6730,user6730,malicious,attack 1,true positive
infrastructure,trace,6730,user6730,malicious,attack 1,false positive
business,metric,1994,user1994,malicious,attack 1,false positive
business,log,1994,user1994,malicious,attack 1,true positive
business,trace,1994,user1994,malicious,attack 1,false positive
infrastructure,metric,6409,user6409,malicious,attack 2,false positive
infrastructure,log,6409,user6409,malicious,attack 2,false positive
infrastructure,trace,6409,user6409,malicious,attack 2,true positive
infrastructure,metric,8925,user8925,regular,no attack,false positive
infrastructure,log,8925,user8925,regular,no attack,false positive
infrastructure,trace,8925,user8925,regular,no attack,false positive
infrastructure,metric,1237,user1237,malicious,attack 2,false positive
infrastructure,log,1237,user1237,malicious,attack 2,false positive
infrastructure,trace,1237,user1237,malicious,attack 2,true positive
infrastructure,metric,455,user455,malicious,attack 1,false positive
infrastructure,log,455,user455,malicious,attack 1,true positive
infrastructure,trace,455,user455,malicious,attack 1,false positive
business,metric,4980,user4980,regular,no attack,false positive
business,log,4980,user4980,regular,no attack,false positive
business,trace,4980,user4980,regular,no attack,false positive
business,metric,9935,user9935,malicious,attack 1,false positive
business,log,9935,user9935,malicious,attack 1,true positive
business,trace,9935,user9935,malicious,attack 1,false positive
business,metric,7632,user7632,malicious,attack 1,false positive
business,log,7632,user7632,malicious,attack 1,true positive
business,trace,7632,user7632,malicious,attack 1,false positive
infrastructure,metric,4125,user4125,malicious,attack 2,false positive
infrastructure,log,4125,user4125,malicious,attack 2,false positive
infrastructure,trace,4125,user4125,malicious,attack 2,true positive
business,metric,2673,user2673,malicious,attack 1,false positive
business,log,2673,user2673,malicious,attack 1,true positive
business,trace,2673,user2673,malicious,attack 1,false positive
business,metric,2484,user2484,malicious,attack 2,false positive
business,log,2484,user2484,malicious,attack 2,false positive
business,trace,2484,user2484,malicious,attack 2,true positive
business,metric,969,user969,malicious,attack 1,false positive
business,log,969,user969,malicious,attack 1,true positive
business,trace,969,user969,malicious,attack 1,false positive
business,metric,1953,user1953,malicious,attack 1,false positive
business,log,1953,user1953,malicious,attack 1,true positive
business,trace,1953,user1953,malicious,attack 1,false positive
business,metric,60,user60,malicious,attack 2,false positive
business,log,60,user60,malicious,attack 2,false positive
business,trace,60,user60,malicious,attack 2,true positive
infrastructure,metric,8438,user8438,malicious,attack 1,false positive
infrastructure,log,8438,user8438,malicious,attack 1,true positive
infrastructure,trace,8438,user8438,malicious,attack 1,false positive
infrastructure,metric,9492,user9492,regular,no attack,false positive
infrastructure,log,9492,user9492,regular,no attack,false positive
infrastructure,trace,9492,user9492,regular,no attack,false positive
infrastructure,metric,2225,user2225,malicious,attack 1,false positive
infrastructure,log,2225,user2225,malicious,attack 1,true positive
infrastructure,trace,2225,user2225,malicious,attack 1,false positive
infrastructure,metric,272,user272,malicious,attack 2,false positive
infrastructure,log,272,user272,malicious,attack 2,false positive
infrastructure,trace,272,user272,malicious,attack 2,true positive
infrastructure,metric,3653,user3653,malicious,attack 2,false positive
infrastructure,log,3653,user3653,malicious,attack 2,false positive
infrastructure,trace,3653,user3653,malicious,attack 2,true positive
infrastructure,metric,1758,user1758,regular,no attack,false positive
infrastructure,log,1758,user1758,regular,no attack,false positive
infrastructure,trace,1758,user1758,regular,no attack,false positive
infrastructure,metric,791,user791,regular,no attack,false positive
infrastructure,log,791,user791,regular,no attack,false positive
infrastructure,trace,791,user791,regular,no attack,false positive
infrastructure,metric,1393,user1393,malicious,attack 2,false positive
infrastructure,log,1393,user1393,malicious,attack 2,false positive
infrastructure,trace,1393,user1393,malicious,attack 2,true positive
business,metric,7459,user7459,malicious,attack 1,false positive
business,log,7459,user7459,malicious,attack 1,true positive
business,trace,7459,user7459,malicious,attack 1,false positive
business,metric,4261,user4261,malicious,attack 1,false positive
business,log,4261,user4261,malicious,attack 1,true positive
business,trace,4261,user4261,malicious,attack 1,false positive
infrastructure,metric,7278,user7278,malicious,attack 2,false positive
infrastructure,log,7278,user7278,malicious,attack 2,false positive
infrastructure,trace,7278,user7278,malicious,attack 2,true positive
infrastructure,metric,8391,user8391,malicious,attack 1,false positive
infrastructure,log,8391,user8391,malicious,attack 1,true positive
infrastructure,trace,8391,user8391,malicious,attack 1,false positive
business,metric,5809,user5809,malicious,attack 1,false positive
business,log,5809,user5809,malicious,attack 1,true positive
business,trace,5809,user5809,malicious,attack 1,false positive
business,metric,9648,user9648,malicious,attack 2,false positive
business,log,9648,user9648,malicious,attack 2,false positive
business,trace,9648,user9648,malicious,attack 2,true positive
business,metric,4697,user4697,malicious,attack 1,false positive
business,log,4697,user4697,malicious,attack 1,true positive
business,trace,4697,user4697,malicious,attack 1,false positive
business,metric,4595,user4595,regular,no attack,false positive
business,log,4595,user4595,regular,no attack,false positive
business,trace,4595,user4595,regular,no attack,false positive
infrastructure,metric,5652,user5652,malicious,attack 1,false positive
infrastructure,log,5652,user5652,malicious,attack 1,true positive
infrastructure,trace,5652,user5652,malicious,attack 1,false positive
infrastructure,metric,9202,user9202,regular,no attack,false positive
infrastructure,log,9202,user9202,regular,no attack,false positive
infrastructure,trace,9202,user9202,regular,no attack,false positive
infrastructure,metric,2718,user2718,malicious,attack 1,false positive
infrastructure,log,2718,user2718,malicious,attack 1,true positive
infrastructure,trace,2718,user2718,malicious,attack 1,false positive
infrastructure,metric,7885,user7885,malicious,attack 1,false positive
infrastructure,log,7885,user7885,malicious,attack 1,true positive
infrastructure,trace,7885,user7885,malicious,attack 1,false positive
infrastructure,metric,3001,user3001,regular,no attack,false positive
infrastructure,log,3001,user3001,regular,no attack,false positive
infrastructure,trace,3001,user3001,regular,no attack,false positive
infrastructure,metric,1874,user1874,regular,no attack,false positive
infrastructure,log,1874,user1874,regular,no attack,false positive
infrastructure,trace,1874,user1874,regular,no attack,false positive
business,metric,5023,user5023,regular,no attack,false positive
business,log,5023,user5023,regular,no attack,false positive
business,trace,5023,user5023,regular,no attack,false positive
infrastructure,metric,2705,user2705,malicious,attack 1,false positive
infrastructure,log,2705,user2705,malicious,attack 1,true positive
infrastructure,trace,2705,user2705,malicious,attack 1,false positive
infrastructure,metric,581,user581,malicious,attack 1,false positive
infrastructure,log,581,user581,malicious,attack 1,true positive
infrastructure,trace,581,user581,malicious,attack 1,false positive
infrastructure,metric,4650,user4650,malicious,attack 2,false positive
infrastructure,log,4650,user4650,malicious,attack 2,false positive
infrastructure,trace,4650,user4650,malicious,attack 2,true positive
business,metric,6605,user6605,regular,no attack,false positive
business,log,6605,user6605,regular,no attack,false positive
business,trace,6605,user6605,regular,no attack,false positive
infrastructure,metric,3540,user3540,malicious,attack 1,false positive
infrastructure,log,3540,user3540,malicious,attack 1,true positive
infrastructure,trace,3540,user3540,malicious,attack 1,false positive
business,metric,3072,user3072,malicious,attack 1,false positive
business,log,3072,user3072,malicious,attack 1,true positive
business,trace,3072,user3072,malicious,attack 1,false positive
business,metric,496,user496,regular,no attack,false positive
business,log,496,user496,regular,no attack,false positive
business,trace,496,user496,regular,no attack,false positive
infrastructure,metric,564,user564,regular,no attack,false positive
infrastructure,log,564,user564,regular,no attack,false positive
infrastructure,trace,564,user564,regular,no attack,false positive
infrastructure,metric,43,user43,malicious,attack 1,false positive
infrastructure,log,43,user43,malicious,attack 1,true positive
infrastructure,trace,43,user43,malicious,attack 1,false positive
business,metric,7318,user7318,regular,no attack,false positive
business,log,7318,user7318,regular,no attack,false positive
business,trace,7318,user7318,regular,no attack,false positive
infrastructure,metric,1817,user1817,regular,no attack,false positive
infrastructure,log,1817,user1817,regular,no attack,false positive
infrastructure,trace,1817,user1817,regular,no attack,false positive
business,metric,4965,user4965,regular,no attack,false positive
business,log,4965,user4965,regular,no attack,false positive
business,trace,4965,user4965,regular,no attack,false positive
infrastructure,metric,9838,user9838,malicious,attack 2,false positive
infrastructure,log,9838,user9838,malicious,attack 2,false positive
infrastructure,trace,9838,user9838,malicious,attack 2,true positive
business,metric,1803,user1803,regular,no attack,false positive
business,log,1803,user1803,regular,no attack,false positive
business,trace,1803,user1803,regular,no attack,false positive
infrastructure,metric,1444,user1444,malicious,attack 2,false positive
infrastructure,log,1444,user1444,malicious,attack 2,false positive
infrastructure,trace,1444,user1444,malicious,attack 2,true positive
infrastructure,metric,1672,user1672,malicious,attack 1,false positive
infrastructure,log,1672,user1672,malicious,attack 1,true positive
infrastructure,trace,1672,user1672,malicious,attack 1,false positive
infrastructure,metric,5264,user5264,malicious,attack 1,false positive
infrastructure,log,5264,user5264,malicious,attack 1,true positive
infrastructure,trace,5264,user5264,malicious,attack 1,false positive
business,metric,7593,user7593,malicious,attack 2,false positive
business,log,7593,user7593,malicious,attack 2,false positive
business,trace,7593,user7593,malicious,attack 2,true positive
business,metric,7138,user7138,malicious,attack 2,false positive
business,log,7138,user7138,malicious,attack 2,false positive
business,trace,7138,user7138,malicious,attack 2,true positive
business,metric,1828,user1828,malicious,attack 1,false positive
business,log,1828,user1828,malicious,attack 1,true positive
business,trace,1828,user1828,malicious,attack 1,false positive
infrastructure,metric,3157,user3157,malicious,attack 1,false positive
infrastructure,log,3157,user3157,malicious,attack 1,true positive
infrastructure,trace,3157,user3157,malicious,attack 1,false positive
business,metric,8224,user8224,malicious,attack 2,false positive
business,log,8224,user8224,malicious,attack 2,false positive
business,trace,8224,user8224,malicious,attack 2,true positive
infrastructure,metric,768,user768,regular,no attack,false positive
infrastructure,log,768,user768,regular,no attack,false positive
infrastructure,trace,768,user768,regular,no attack,false positive
infrastructure,metric,422,user422,regular,no attack,false positive
infrastructure,log,422,user422,regular,no attack,false positive
infrastructure,trace,422,user422,regular,no attack,false positive
infrastructure,metric,2518,user2518,malicious,attack 2,false positive
infrastructure,log,2518,user2518,malicious,attack 2,false positive
infrastructure,trace,2518,user2518,malicious,attack 2,true positive
business,metric,7226,user7226,regular,no attack,false positive
business,log,7226,user7226,regular,no attack,false positive
business,trace,7226,user7226,regular,no attack,false positive
infrastructure,metric,9098,user9098,malicious,attack 1,false positive
infrastructure,log,9098,user9098,malicious,attack 1,true positive
infrastructure,trace,9098,user9098,malicious,attack 1,false positive
business,metric,4021,user4021,malicious,attack 1,false positive
business,log,4021,user4021,malicious,attack 1,true positive
business,trace,4021,user4021,malicious,attack 1,false positive
business,metric,3380,user3380,malicious,attack 2,false positive
business,log,3380,user3380,malicious,attack 2,false positive
business,trace,3380,user3380,malicious,attack 2,true positive
infrastructure,metric,114,user114,regular,no attack,false positive
infrastructure,log,114,user114,regular,no attack,false positive
infrastructure,trace,114,user114,regular,no attack,false positive
infrastructure,metric,335,user335,malicious,attack 1,false positive
infrastructure,log,335,user335,malicious,attack 1,true positive
infrastructure,trace,335,user335,malicious,attack 1,false positive
infrastructure,metric,4829,user4829,regular,no attack,false positive
infrastructure,log,4829,user4829,regular,no attack,false positive
infrastructure,trace,4829,user4829,regular,no attack,false positive
business,metric,2495,user2495,malicious,attack 2,false positive
business,log,2495,user2495,malicious,attack 2,false positive
business,trace,2495,user2495,malicious,attack 2,true positive
business,metric,4729,user4729,malicious,attack 1,false positive
business,log,4729,user4729,malicious,attack 1,true positive
business,trace,4729,user4729,malicious,attack 1,false positive
business,metric,6716,user6716,malicious,attack 1,false positive
business,log,6716,user6716,malicious,attack 1,true positive
business,trace,6716,user6716,malicious,attack 1,false positive
infrastructure,metric,1151,user1151,malicious,attack 2,false positive
infrastructure,log,1151,user1151,malicious,attack 2,false positive
infrastructure,trace,1151,user1151,malicious,attack 2,true positive
infrastructure,metric,6320,user6320,malicious,attack 1,false positive
infrastructure,log,6320,user6320,malicious,attack 1,true positive
infrastructure,trace,6320,user6320,malicious,attack 1,false positive
infrastructure,metric,3073,user3073,malicious,attack 1,false positive
infrastructure,log,3073,user3073,malicious,attack 1,true positive
infrastructure,trace,3073,user3073,malicious,attack 1,false positive
business,metric,4731,user4731,malicious,attack 1,false positive
business,log,4731,user4731,malicious,attack 1,true positive
business,trace,4731,user4731,malicious,attack 1,false positive
infrastructure,metric,1509,user1509,malicious,attack 2,false positive
infrastructure,log,1509,user1509,malicious,attack 2,false positive
infrastructure,trace,1509,user1509,malicious,attack 2,true positive
infrastructure,metric,7830,user7830,regular,no attack,false positive
infrastructure,log,7830,user7830,regular,no attack,false positive
infrastructure,trace,7830,user7830,regular,no attack,false positive
infrastructure,metric,9291,user9291,malicious,attack 1,false positive
infrastructure,log,9291,user9291,malicious,attack 1,true positive
infrastructure,trace,9291,user9291,malicious,attack 1,false positive
infrastructure,metric,8753,user8753,malicious,attack 1,false positive
infrastructure,log,8753,user8753,malicious,attack 1,true positive
infrastructure,trace,8753,user8753,malicious,attack 1,false positive
business,metric,2269,user2269,regular,no attack,false positive
business,log,2269,user2269,regular,no attack,false positive
business,trace,2269,user2269,regular,no attack,false positive
business,metric,2188,user2188,malicious,attack 2,false positive
business,log,2188,user2188,malicious,attack 2,false positive
business,trace,2188,user2188,malicious,attack 2,true positive
business,metric,1640,user1640,malicious,attack 1,false positive
business,log,1640,user1640,malicious,attack 1,true positive
business,trace,1640,user1640,malicious,attack 1,false positive
business,metric,9662,user9662,malicious,attack 2,false positive
business,log,9662,user9662,malicious,attack 2,false positive
business,trace,9662,user9662,malicious,attack 2,true positive
infrastructure,metric,7250,user7250,regular,no attack,false positive
infrastructure,log,7250,user7250,regular,no attack,false positive
infrastructure,trace,7250,user7250,regular,no attack,false positive
infrastructure,metric,1834,user1834,regular,no attack,false positive
infrastructure,log,1834,user1834,regular,no attack,false positive
infrastructure,trace,1834,user1834,regular,no attack,false positive
infrastructure,metric,6761,user6761,regular,no attack,false positive
infrastructure,log,6761,user6761,regular,no attack,false positive
infrastructure,trace,6761,user6761,regular,no attack,false positive
business,metric,1762,user1762,malicious,attack 1,false positive
business,log,1762,user1762,malicious,attack 1,true positive
business,trace,1762,user1762,malicious,attack 1,false positive
business,metric,8991,user8991,malicious,attack 2,false positive
business,log,8991,user8991,malicious,attack 2,false positive
business,trace,8991,user8991,malicious,attack 2,true positive
infrastructure,metric,4836,user4836,malicious,attack 1,false positive
infrastructure,log,4836,user4836,malicious,attack 1,true positive
infrastructure,trace,4836,user4836,malicious,attack 1,false positive
infrastructure,metric,6973,user6973,regular,no attack,false positive
infrastructure,log,6973,user6973,regular,no attack,false positive
infrastructure,trace,6973,user6973,regular,no attack,false positive
business,metric,7485,user7485,malicious,attack 1,false positive
business,log,7485,user7485,malicious,attack 1,true positive
business,trace,7485,user7485,malicious,attack 1,false positive
infrastructure,metric,3040,user3040,malicious,attack 1,false positive
infrastructure,log,3040,user3040,malicious,attack 1,true positive
infrastructure,trace,3040,user3040,malicious,attack 1,false positive
business,metric,6375,user6375,regular,no attack,false positive
business,log,6375,user6375,regular,no attack,false positive
business,trace,6375,user6375,regular,no attack,false positive
business,metric,441,user441,regular,no attack,false positive
business,log,441,user441,regular,no attack,false positive
business,trace,441,user441,regular,no attack,false positive
business,metric,1696,user1696,regular,no attack,false positive
business,log,1696,user1696,regular,no attack,false positive
business,trace,1696,user1696,regular,no attack,false positive
business,metric,1402,user1402,malicious,attack 1,false positive
business,log,1402,user1402,malicious,attack 1,true positive
business,trace,1402,user1402,malicious,attack 1,false positive
infrastructure,metric,2378,user2378,regular,no attack,false positive
infrastructure,log,2378,user2378,regular,no attack,false positive
infrastructure,trace,2378,user2378,regular,no attack,false positive
infrastructure,metric,7354,user7354,malicious,attack 2,false positive
infrastructure,log,7354,user7354,malicious,attack 2,false positive
infrastructure,trace,7354,user7354,malicious,attack 2,true positive
business,metric,4544,user4544,malicious,attack 2,false positive
business,log,4544,user4544,malicious,attack 2,false positive
business,trace,4544,user4544,malicious,attack 2,true positive
business,metric,6280,user6280,regular,no attack,false positive
business,log,6280,user6280,regular,no attack,false positive
business,trace,6280,user6280,regular,no attack,false positive
business,metric,879,user879,malicious,attack 2,false positive
business,log,879,user879,malicious,attack 2,false positive
business,trace,879,user879,malicious,attack 2,true positive
infrastructure,metric,4510,user4510,regular,no attack,false positive
infrastructure,log,4510,user4510,regular,no attack,false positive
infrastructure,trace,4510,user4510,regular,no attack,false positive
business,metric,3683,user3683,malicious,attack 2,false positive
business,log,3683,user3683,malicious,attack 2,false positive
business,trace,3683,user3683,malicious,attack 2,true positive
infrastructure,metric,576,user576,malicious,attack 2,false positive
infrastructure,log,576,user576,malicious,attack 2,false positive
infrastructure,trace,576,user576,malicious,attack 2,true positive
business,metric,609,user609,malicious,attack 1,false positive
business,log,609,user609,malicious,attack 1,true positive
business,trace,609,user609,malicious,attack 1,false positive
business,metric,7705,user7705,malicious,attack 2,false positive
business,log,7705,user7705,malicious,attack 2,false positive
business,trace,7705,user7705,malicious,attack 2,true positive
infrastructure,metric,900,user900,malicious,attack 1,false positive
infrastructure,log,900,user900,malicious,attack 1,true positive
infrastructure,trace,900,user900,malicious,attack 1,false positive
infrastructure,metric,7943,user7943,regular,no attack,false positive
infrastructure,log,7943,user7943,regular,no attack,false positive
infrastructure,trace,7943,user7943,regular,no attack,false positive
infrastructure,metric,6480,user6480,malicious,attack 1,false positive
infrastructure,log,6480,user6480,malicious,attack 1,true positive
infrastructure,trace,6480,user6480,malicious,attack 1,false positive
business,metric,7801,user7801,malicious,attack 1,false positive
business,log,7801,user7801,malicious,attack 1,true positive
business,trace,7801,user7801,malicious,attack 1,false positive
infrastructure,metric,2323,user2323,regular,no attack,false positive
infrastructure,log,2323,user2323,regular,no attack,false positive
infrastructure,trace,2323,user2323,regular,no attack,false positive
infrastructure,metric,5732,user5732,malicious,attack 1,false positive
infrastructure,log,5732,user5732,malicious,attack 1,true positive
infrastructure,trace,5732,user5732,malicious,attack 1,false positive
business,metric,7538,user7538,regular,no attack,false positive
business,log,7538,user7538,regular,no attack,false positive
business,trace,7538,user7538,regular,no attack,false positive
business,metric,4536,user4536,regular,no attack,false positive
business,log,4536,user4536,regular,no attack,false positive
business,trace,4536,user4536,regular,no attack,false positive
business,metric,8741,user8741,regular,no attack,false positive
business,log,8741,user8741,regular,no attack,false positive
business,trace,8741,user8741,regular,no attack,false positive
business,metric,5658,user5658,regular,no attack,false positive
business,log,5658,user5658,regular,no attack,false positive
business,trace,5658,user5658,regular,no attack,false positive
business,metric,407,user407,regular,no attack,false positive
business,log,407,user407,regular,no attack,false positive
business,trace,407,user407,regular,no attack,false positive
business,metric,8625,user8625,regular,no attack,false positive
business,log,8625,user8625,regular,no attack,false positive
business,trace,8625,user8625,regular,no attack,false positive
infrastructure,metric,6825,user6825,malicious,attack 1,false positive
infrastructure,log,6825,user6825,malicious,attack 1,true positive
infrastructure,trace,6825,user6825,malicious,attack 1,false positive
business,metric,7224,user7224,malicious,attack 2,false positive
business,log,7224,user7224,malicious,attack 2,false positive
business,trace,7224,user7224,malicious,attack 2,true positive
business,metric,2275,user2275,malicious,attack 1,false positive
business,log,2275,user2275,malicious,attack 1,true positive
business,trace,2275,user2275,malicious,attack 1,false positive
infrastructure,metric,5204,user5204,malicious,attack 2,false positive
infrastructure,log,5204,user5204,malicious,attack 2,false positive
infrastructure,trace,5204,user5204,malicious,attack 2,true positive
infrastructure,metric,700,user700,regular,no attack,false positive
infrastructure,log,700,user700,regular,no attack,false positive
infrastructure,trace,700,user700,regular,no attack,false positive
business,metric,9723,user9723,malicious,attack 2,false positive
business,log,9723,user9723,malicious,attack 2,false positive
business,trace,9723,user9723,malicious,attack 2,true positive
business,metric,8983,user8983,malicious,attack 1,false positive
business,log,8983,user8983,malicious,attack 1,true positive
business,trace,8983,user8983,malicious,attack 1,false positive
business,metric,8624,user8624,regular,no attack,false positive
business,log,8624,user8624,regular,no attack,false positive
business,trace,8624,user8624,regular,no attack,false positive
business,metric,7426,user7426,malicious,attack 1,false positive
business,log,7426,user7426,malicious,attack 1,true positive
business,trace,7426,user7426,malicious,attack 1,false positive
infrastructure,metric,5343,user5343,malicious,attack 1,false positive
infrastructure,log,5343,user5343,malicious,attack 1,true positive
infrastructure,trace,5343,user5343,malicious,attack 1,false positive
business,metric,4907,user4907,malicious,attack 2,false positive
business,log,4907,user4907,malicious,attack 2,false positive
business,trace,4907,user4907,malicious,attack 2,true positive
business,metric,7745,user7745,malicious,attack 1,false positive
business,log,7745,user7745,malicious,attack 1,true positive
business,trace,7745,user7745,malicious,attack 1,false positive
business,metric,397,user397,malicious,attack 2,false positive
business,log,397,user397,malicious,attack 2,false positive
business,trace,397,user397,malicious,attack 2,true positive
business,metric,2874,user2874,malicious,attack 1,false positive
business,log,2874,user2874,malicious,attack 1,true positive
business,trace,2874,user2874,malicious,attack 1,false positive
infrastructure,metric,7071,user7071,malicious,attack 1,false positive
infrastructure,log,7071,user7071,malicious,attack 1,true positive
infrastructure,trace,7071,user7071,malicious,attack 1,false positive
infrastructure,metric,9781,user9781,malicious,attack 1,false positive
infrastructure,log,9781,user9781,malicious,attack 1,true positive
infrastructure,trace,9781,user9781,malicious,attack 1,false positive
business,metric,1687,user1687,malicious,attack 1,false positive
business,log,1687,user1687,malicious,attack 1,true positive
business,trace,1687,user1687,malicious,attack 1,false positive
infrastructure,metric,7541,user7541,malicious,attack 2,false positive
infrastructure,log,7541,user7541,malicious,attack 2,false positive
infrastructure,trace,7541,user7541,malicious,attack 2,true positive
business,metric,2015,user2015,regular,no attack,false positive
business,log,2015,user2015,regular,no attack,false positive
business,trace,2015,user2015,regular,no attack,false positive
business,metric,8063,user8063,malicious,attack 1,false positive
business,log,8063,user8063,malicious,attack 1,true positive
business,trace,8063,user8063,malicious,attack 1,false positive
business,metric,2728,user2728,regular,no attack,false positive
business,log,2728,user2728,regular,no attack,false positive
business,trace,2728,user2728,regular,no attack,false positive
infrastructure,metric,8482,user8482,regular,no attack,false positive
infrastructure,log,8482,user8482,regular,no attack,false positive
infrastructure,trace,8482,user8482,regular,no attack,false positive
infrastructure,metric,4584,user4584,malicious,attack 1,false positive
infrastructure,log,4584,user4584,malicious,attack 1,true positive
infrastructure,trace,4584,user4584,malicious,attack 1,false positive
business,metric,2910,user2910,malicious,attack 1,false positive
business,log,2910,user2910,malicious,attack 1,true positive
business,trace,2910,user2910,malicious,attack 1,false positive
infrastructure,metric,8250,user8250,malicious,attack 1,false positive
infrastructure,log,8250,user8250,malicious,attack 1,true positive
infrastructure,trace,8250,user8250,malicious,attack 1,false positive
business,metric,6976,user6976,malicious,attack 2,false positive
business,log,6976,user6976,malicious,attack 2,false positive
business,trace,6976,user6976,malicious,attack 2,true positive
infrastructure,metric,5539,user5539,malicious,attack 2,false positive
infrastructure,log,5539,user5539,malicious,attack 2,false positive
infrastructure,trace,5539,user5539,malicious,attack 2,true positive
infrastructure,metric,6727,user6727,malicious,attack 1,false positive
infrastructure,log,6727,user6727,malicious,attack 1,true positive
infrastructure,trace,6727,user6727,malicious,attack 1,false positive
business,metric,3415,user3415,regular,no attack,false positive
business,log,3415,user3415,regular,no attack,false positive
business,trace,3415,user3415,regular,no attack,false positive
business,metric,4764,user4764,malicious,attack 2,false positive
business,log,4764,user4764,malicious,attack 2,false positive
business,trace,4764,user4764,malicious,attack 2,true positive
infrastructure,metric,5182,user5182,malicious,attack 2,false positive
infrastructure,log,5182,user5182,malicious,attack 2,false positive
infrastructure,trace,5182,user5182,malicious,attack 2,true positive
infrastructure,metric,187,user187,malicious,attack 1,false positive
infrastructure,log,187,user187,malicious,attack 1,true positive
infrastructure,trace,187,user187,malicious,attack 1,false positive
infrastructure,metric,7209,user7209,malicious,attack 1,false positive
infrastructure,log,7209,user7209,malicious,attack 1,true positive
infrastructure,trace,7209,user7209,malicious,attack 1,false positive
business,metric,458,user458,malicious,attack 2,false positive
business,log,458,user458,malicious,attack 2,false positive
business,trace,458,user458,malicious,attack 2,true positive
business,metric,88,user88,malicious,attack 2,false positive
business,log,88,user88,malicious,attack 2,false positive
business,trace,88,user88,malicious,attack 2,true positive
infrastructure,metric,2876,user2876,malicious,attack 1,false positive
infrastructure,log,2876,user2876,malicious,attack 1,true positive
infrastructure,trace,2876,user2876,malicious,attack 1,false positive
business,metric,6667,user6667,regular,no attack,false positive
business,log,6667,user6667,regular,no attack,false positive
business,trace,6667,user6667,regular,no attack,false positive
infrastructure,metric,7824,user7824,malicious,attack 2,false positive
infrastructure,log,7824,user7824,malicious,attack 2,false positive
infrastructure,trace,7824,user7824,malicious,attack 2,true positive
infrastructure,metric,1733,user1733,malicious,attack 1,false positive
infrastructure,log,1733,user1733,malicious,attack 1,true positive
infrastructure,trace,1733,user1733,malicious,attack 1,false positive
infrastructure,metric,4258,user4258,malicious,attack 1,false positive
infrastructure,log,4258,user4258,malicious,attack 1,true positive
infrastructure,trace,4258,user4258,malicious,attack 1,false positive
infrastructure,metric,6915,user6915,malicious,attack 1,false positive
infrastructure,log,6915,user6915,malicious,attack 1,true positive
infrastructure,trace,6915,user6915,malicious,attack 1,false positive
infrastructure,metric,6724,user6724,regular,no attack,false positive
infrastructure,log,6724,user6724,regular,no attack,false positive
infrastructure,trace,6724,user6724,regular,no attack,false positive
infrastructure,metric,1494,user1494,malicious,attack 2,false positive
infrastructure,log,1494,user1494,malicious,attack 2,false positive
infrastructure,trace,1494,user1494,malicious,attack 2,true positive
infrastructure,metric,6399,user6399,malicious,attack 2,false positive
infrastructure,log,6399,user6399,malicious,attack 2,false positive
infrastructure,trace,6399,user6399,malicious,attack 2,true positive
infrastructure,metric,6149,user6149,regular,no attack,false positive
infrastructure,log,6149,user6149,regular,no attack,false positive
infrastructure,trace,6149,user6149,regular,no attack,false positive
infrastructure,metric,1846,user1846,regular,no attack,false positive
infrastructure,log,1846,user1846,regular,no attack,false positive
infrastructure,trace,1846,user1846,regular,no attack,false positive
business,metric,5893,user5893,malicious,attack 1,false positive
business,log,5893,user5893,malicious,attack 1,true positive
business,trace,5893,user5893,malicious,attack 1,false positive
infrastructure,metric,5504,user5504,malicious,attack 1,false positive
infrastructure,log,5504,user5504,malicious,attack 1,true positive
infrastructure,trace,5504,user5504,malicious,attack 1,false positive
infrastructure,metric,2441,user2441,malicious,attack 2,false positive
infrastructure,log,2441,user2441,malicious,attack 2,false positive
infrastructure,trace,2441,user2441,malicious,attack 2,true positive
business,metric,296,user296,malicious,attack 2,false positive
business,log,296,user296,malicious,attack 2,false positive
business,trace,296,user296,malicious,attack 2,true positive
business,metric,9561,user9561,malicious,attack 2,false positive
business,log,9561,user9561,malicious,attack 2,false positive
business,trace,9561,user9561,malicious,attack 2,true positive
infrastructure,metric,8929,user8929,malicious,attack 1,false positive
infrastructure,log,8929,user8929,malicious,attack 1,true positive
infrastructure,trace,8929,user8929,malicious,attack 1,false positive
infrastructure,metric,2,user2,regular,no attack,false positive
infrastructure,log,2,user2,regular,no attack,false positive
infrastructure,trace,2,user2,regular,no attack,false positive
business,metric,4949,user4949,malicious,attack 2,false positive
business,log,4949,user4949,malicious,attack 2,false positive
business,trace,4949,user4949,malicious,attack 2,true positive
infrastructure,metric,4593,user4593,malicious,attack 2,false positive
infrastructure,log,4593,user4593,malicious,attack 2,false positive
infrastructure,trace,4593,user4593,malicious,attack 2,true positive
business,metric,4313,user4313,regular,no attack,false positive
business,log,4313,user4313,regular,no attack,false positive
business,trace,4313,user4313,regular,no attack,false positive
business,metric,8330,user8330,malicious,attack 1,false positive
business,log,8330,user8330,malicious,attack 1,true positive
business,trace,8330,user8330,malicious,attack 1,false positive
infrastructure,metric,1781,user1781,malicious,attack 1,false positive
infrastructure,log,1781,user1781,malicious,attack 1,true positive
infrastructure,trace,1781,user1781,malicious,attack 1,false positive
infrastructure,metric,1661,user1661,regular,no attack,false positive
infrastructure,log,1661,user1661,regular,no attack,false positive
infrastructure,trace,1661,user1661,regular,no attack,false positive
infrastructure,metric,2924,user2924,malicious,attack 1,false positive
infrastructure,log,2924,user2924,malicious,attack 1,true positive
infrastructure,trace,2924,user2924,malicious,attack 1,false positive
infrastructure,metric,9358,user9358,malicious,attack 1,false positive
infrastructure,log,9358,user9358,malicious,attack 1,true positive
infrastructure,trace,9358,user9358,malicious,attack 1,false positive
business,metric,4950,user4950,malicious,attack 2,false positive
business,log,4950,user4950,malicious,attack 2,false positive
business,trace,4950,user4950,malicious,attack 2,true positive
infrastructure,metric,3372,user3372,malicious,attack 2,false positive
infrastructure,log,3372,user3372,malicious,attack 2,false positive
infrastructure,trace,3372,user3372,malicious,attack 2,true positive
business,metric,4021,user4021,malicious,attack 1,false positive
business,log,4021,user4021,malicious,attack 1,true positive
business,trace,4021,user4021,malicious,attack 1,false positive
business,metric,1755,user1755,regular,no attack,false positive
business,log,1755,user1755,regular,no attack,false positive
business,trace,1755,user1755,regular,no attack,false positive
infrastructure,metric,5357,user5357,malicious,attack 2,false positive
infrastructure,log,5357,user5357,malicious,attack 2,false positive
infrastructure,trace,5357,user5357,malicious,attack 2,true positive
infrastructure,metric,8315,user8315,malicious,attack 1,false positive
infrastructure,log,8315,user8315,malicious,attack 1,true positive
infrastructure,trace,8315,user8315,malicious,attack 1,false positive
infrastructure,metric,6225,user6225,malicious,attack 2,false positive
infrastructure,log,6225,user6225,malicious,attack 2,false positive
infrastructure,trace,6225,user6225,malicious,attack 2,true positive
business,metric,6608,user6608,malicious,attack 2,false positive
business,log,6608,user6608,malicious,attack 2,false positive
business,trace,6608,user6608,malicious,attack 2,true positive
infrastructure,metric,7453,user7453,malicious,attack 1,false positive
infrastructure,log,7453,user7453,malicious,attack 1,true positive
infrastructure,trace,7453,user7453,malicious,attack 1,false positive
business,metric,6921,user6921,malicious,attack 2,false positive
business,log,6921,user6921,malicious,attack 2,false positive
business,trace,6921,user6921,malicious,attack 2,true positive
business,metric,7046,user7046,regular,no attack,false positive
business,log,7046,user7046,regular,no attack,false positive
business,trace,7046,user7046,regular,no attack,false positive
business,metric,5929,user5929,malicious,attack 2,false positive
business,log,5929,user5929,malicious,attack 2,false positive
business,trace,5929,user5929,malicious,attack 2,true positive
business,metric,6359,user6359,malicious,attack 1,false positive
business,log,6359,user6359,malicious,attack 1,true positive
business,trace,6359,user6359,malicious,attack 1,false positive
business,metric,84,user84,regular,no attack,false positive
business,log,84,user84,regular,no attack,false positive
business,trace,84,user84,regular,no attack,false positive
business,metric,4552,user4552,malicious,attack 1,false positive
business,log,4552,user4552,malicious,attack 1,true positive
business,trace,4552,user4552,malicious,attack 1,false positive
business,metric,8755,user8755,regular,no attack,false positive
business,log,8755,user8755,regular,no attack,false positive
business,trace,8755,user8755,regular,no attack,false positive
infrastructure,metric,1393,user1393,malicious,attack 1,false positive
infrastructure,log,1393,user1393,malicious,attack 1,true positive
infrastructure,trace,1393,user1393,malicious,attack 1,false positive
business,metric,927,user927,malicious,attack 1,false positive
business,log,927,user927,malicious,attack 1,true positive
business,trace,927,user927,malicious,attack 1,false positive
business,metric,1490,user1490,regular,no attack,false positive
business,log,1490,user1490,regular,no attack,false positive
business,trace,1490,user1490,regular,no attack,false positive
business,metric,2713,user2713,malicious,attack 2,false positive
business,log,2713,user2713,malicious,attack 2,false positive
business,trace,2713,user2713,malicious,attack 2,true positive
business,metric,3941,user3941,malicious,attack 2,false positive
business,log,3941,user3941,malicious,attack 2,false positive
business,trace,3941,user3941,malicious,attack 2,true positive
infrastructure,metric,1801,user1801,malicious,attack 2,false positive
infrastructure,log,1801,user1801,malicious,attack 2,false positive
infrastructure,trace,1801,user1801,malicious,attack 2,true positive
infrastructure,metric,4655,user4655,malicious,attack 1,false positive
infrastructure,log,4655,user4655,malicious,attack 1,true positive
infrastructure,trace,4655,user4655,malicious,attack 1,false positive
business,metric,7626,user7626,malicious,attack 1,false positive
business,log,7626,user7626,malicious,attack 1,true positive
business,trace,7626,user7626,malicious,attack 1,false positive
infrastructure,metric,8331,user8331,malicious,attack 1,false positive
infrastructure,log,8331,user8331,malicious,attack 1,true positive
infrastructure,trace,8331,user8331,malicious,attack 1,false positive
business,metric,5682,user5682,malicious,attack 1,false positive
business,log,5682,user5682,malicious,attack 1,true positive
business,trace,5682,user5682,malicious,attack 1,false positive
business,metric,9694,user9694,malicious,attack 2,false positive
business,log,9694,user9694,malicious,attack 2,false positive
business,trace,9694,user9694,malicious,attack 2,true positive
business,metric,1920,user1920,malicious,attack 1,false positive
business,log,1920,user1920,malicious,attack 1,true positive
business,trace,1920,user1920,malicious,attack 1,false positive
business,metric,9454,user9454,malicious,attack 2,false positive
business,log,9454,user9454,malicious,attack 2,false positive
business,trace,9454,user9454,malicious,attack 2,true positive
business,metric,906,user906,malicious,attack 1,false positive
business,log,906,user906,malicious,attack 1,true positive
business,trace,906,user906,malicious,attack 1,false positive
business,metric,8836,user8836,malicious,attack 1,false positive
business,log,8836,user8836,malicious,attack 1,true positive
business,trace,8836,user8836,malicious,attack 1,false positive
infrastructure,metric,3177,user3177,malicious,attack 2,false positive
infrastructure,log,3177,user3177,malicious,attack 2,false positive
infrastructure,trace,3177,user3177,malicious,attack 2,true positive
business,metric,5282,user5282,malicious,attack 2,false positive
business,log,5282,user5282,malicious,attack 2,false positive
business,trace,5282,user5282,malicious,attack 2,true positive
infrastructure,metric,3021,user3021,malicious,attack 2,false positive
infrastructure,log,3021,user3021,malicious,attack 2,false positive
infrastructure,trace,3021,user3021,malicious,attack 2,true positive
infrastructure,metric,4317,user4317,malicious,attack 1,false positive
infrastructure,log,4317,user4317,malicious,attack 1,true positive
infrastructure,trace,4317,user4317,malicious,attack 1,false positive
infrastructure,metric,2761,user2761,regular,no attack,false positive
infrastructure,log,2761,user2761,regular,no attack,false positive
infrastructure,trace,2761,user2761,regular,no attack,false positive
business,metric,2992,user2992,malicious,attack 1,false positive
business,log,2992,user2992,malicious,attack 1,true positive
business,trace,2992,user2992,malicious,attack 1,false positive
infrastructure,metric,7960,user7960,regular,no attack,false positive
infrastructure,log,7960,user7960,regular,no attack,false positive
infrastructure,trace,7960,user7960,regular,no attack,false positive
business,metric,2760,user2760,regular,no attack,false positive
business,log,2760,user2760,regular,no attack,false positive
business,trace,2760,user2760,regular,no attack,false positive
infrastructure,metric,6419,user6419,malicious,attack 2,false positive
infrastructure,log,6419,user6419,malicious,attack 2,false positive
infrastructure,trace,6419,user6419,malicious,attack 2,true positive
business,metric,8730,user8730,malicious,attack 1,false positive
business,log,8730,user8730,malicious,attack 1,true positive
business,trace,8730,user8730,malicious,attack 1,false positive
business,metric,5836,user5836,malicious,attack 1,false positive
business,log,5836,user5836,malicious,attack 1,true positive
business,trace,5836,user5836,malicious,attack 1,false positive
infrastructure,metric,597,user597,malicious,attack 1,false positive
infrastructure,log,597,user597,malicious,attack 1,true positive
infrastructure,trace,597,user597,malicious,attack 1,false positive
business,metric,8196,user8196,malicious,attack 2,false positive
business,log,8196,user8196,malicious,attack 2,false positive
business,trace,8196,user8196,malicious,attack 2,true positive
business,metric,2319,user2319,regular,no attack,false positive
business,log,2319,user2319,regular,no attack,false positive
business,trace,2319,user2319,regular,no attack,false positive
infrastructure,metric,209,user209,malicious,attack 2,false positive
infrastructure,log,209,user209,malicious,attack 2,false positive
infrastructure,trace,209,user209,malicious,attack 2,true positive
business,metric,9225,user9225,malicious,attack 1,false positive
business,log,9225,user9225,malicious,attack 1,true positive
business,trace,9225,user9225,malicious,attack 1,false positive
business,metric,3182,user3182,malicious,attack 1,false positive
business,log,3182,user3182,malicious,attack 1,true positive
business,trace,3182,user3182,malicious,attack 1,false positive
infrastructure,metric,2779,user2779,regular,no attack,false positive
infrastructure,log,2779,user2779,regular,no attack,false positive
infrastructure,trace,2779,user2779,regular,no attack,false positive
infrastructure,metric,2919,user2919,regular,no attack,false positive
infrastructure,log,2919,user2919,regular,no attack,false positive
infrastructure,trace,2919,user2919,regular,no attack,false positive
infrastructure,metric,5460,user5460,regular,no attack,false positive
infrastructure,log,5460,user5460,regular,no attack,false positive
infrastructure,trace,5460,user5460,regular,no attack,false positive
infrastructure,metric,7896,user7896,malicious,attack 2,false positive
infrastructure,log,7896,user7896,malicious,attack 2,false positive
infrastructure,trace,7896,user7896,malicious,attack 2,true positive
business,metric,4733,user4733,malicious,attack 1,false positive
business,log,4733,user4733,malicious,attack 1,true positive
business,trace,4733,user4733,malicious,attack 1,false positive
business,metric,249,user249,malicious,attack 2,false positive
business,log,249,user249,malicious,attack 2,false positive
business,trace,249,user249,malicious,attack 2,true positive
business,metric,6633,user6633,malicious,attack 2,false positive
business,log,6633,user6633,malicious,attack 2,false positive
business,trace,6633,user6633,malicious,attack 2,true positive
infrastructure,metric,7433,user7433,regular,no attack,false positive
infrastructure,log,7433,user7433,regular,no attack,false positive
infrastructure,trace,7433,user7433,regular,no attack,false positive
infrastructure,metric,5669,user5669,regular,no attack,false positive
infrastructure,log,5669,user5669,regular,no attack,false positive
infrastructure,trace,5669,user5669,regular,no attack,false positive
business,metric,7993,user7993,regular,no attack,false positive
business,log,7993,user7993,regular,no attack,false positive
business,trace,7993,user7993,regular,no attack,false positive
infrastructure,metric,1400,user1400,malicious,attack 1,false positive
infrastructure,log,1400,user1400,malicious,attack 1,true positive
infrastructure,trace,1400,user1400,malicious,attack 1,false positive
business,metric,2427,user2427,malicious,attack 1,false positive
business,log,2427,user2427,malicious,attack 1,true positive
business,trace,2427,user2427,malicious,attack 1,false positive
business,metric,898,user898,malicious,attack 1,false positive
business,log,898,user898,malicious,attack 1,true positive
business,trace,898,user898,malicious,attack 1,false positive
infrastructure,metric,8972,user8972,regular,no attack,false positive
infrastructure,log,8972,user8972,regular,no attack,false positive
infrastructure,trace,8972,user8972,regular,no attack,false positive
business,metric,2721,user2721,malicious,attack 2,false positive
business,log,2721,user2721,malicious,attack 2,false positive
business,trace,2721,user2721,malicious,attack 2,true positive
infrastructure,metric,3623,user3623,malicious,attack 1,false positive
infrastructure,log,3623,user3623,malicious,attack 1,true positive
infrastructure,trace,3623,user3623,malicious,attack 1,false positive
business,metric,8537,user8537,malicious,attack 1,false positive
business,log,8537,user8537,malicious,attack 1,true positive
business,trace,8537,user8537,malicious,attack 1,false positive
business,metric,7526,user7526,malicious,attack 1,false positive
business,log,7526,user7526,malicious,attack 1,true positive
business,trace,7526,user7526,malicious,attack 1,false positive
infrastructure,metric,767,user767,regular,no attack,false positive
infrastructure,log,767,user767,regular,no attack,false positive
infrastructure,trace,767,user767,regular,no attack,false positive
business,metric,6773,user6773,malicious,attack 2,false positive
business,log,6773,user6773,malicious,attack 2,false positive
business,trace,6773,user6773,malicious,attack 2,true positive
infrastructure,metric,1118,user1118,regular,no attack,false positive
infrastructure,log,1118,user1118,regular,no attack,false positive
infrastructure,trace,1118,user1118,regular,no attack,false positive
business,metric,1479,user1479,malicious,attack 1,false positive
business,log,1479,user1479,malicious,attack 1,true positive
business,trace,1479,user1479,malicious,attack 1,false positive
business,metric,5903,user5903,malicious,attack 1,false positive
business,log,5903,user5903,malicious,attack 1,true positive
business,trace,5903,user5903,malicious,attack 1,false positive
business,metric,7327,user7327,malicious,attack 2,false positive
business,log,7327,user7327,malicious,attack 2,false positive
business,trace,7327,user7327,malicious,attack 2,true positive
infrastructure,metric,8197,user8197,malicious,attack 2,false positive
infrastructure,log,8197,user8197,malicious,attack 2,false positive
infrastructure,trace,8197,user8197,malicious,attack 2,true positive
business,metric,3496,user3496,malicious,attack 2,false positive
business,log,3496,user3496,malicious,attack 2,false positive
business,trace,3496,user3496,malicious,attack 2,true positive
business,metric,4727,user4727,malicious,attack 1,false positive
business,log,4727,user4727,malicious,attack 1,true positive
business,trace,4727,user4727,malicious,attack 1,false positive
business,metric,4834,user4834,malicious,attack 1,false positive
business,log,4834,user4834,malicious,attack 1,true positive
business,trace,4834,user4834,malicious,attack 1,false positive
business,metric,2508,user2508,malicious,attack 1,false positive
business,log,2508,user2508,malicious,attack 1,true positive
business,trace,2508,user2508,malicious,attack 1,false positive
business,metric,7142,user7142,regular,no attack,false positive
business,log,7142,user7142,regular,no attack,false positive
business,trace,7142,user7142,regular,no attack,false positive
business,metric,2905,user2905,malicious,attack 1,false positive
business,log,2905,user2905,malicious,attack 1,true positive
business,trace,2905,user2905,malicious,attack 1,false positive
business,metric,2940,user2940,regular,no attack,false positive
business,log,2940,user2940,regular,no attack,false positive
business,trace,2940,user2940,regular,no attack,false positive
business,metric,4862,user4862,malicious,attack 1,false positive
business,log,4862,user4862,malicious,attack 1,true positive
business,trace,4862,user4862,malicious,attack 1,false positive
business,metric,2491,user2491,malicious,attack 2,false positive
business,log,2491,user2491,malicious,attack 2,false positive
business,trace,2491,user2491,malicious,attack 2,true positive
business,metric,2810,user2810,regular,no attack,false positive
business,log,2810,user2810,regular,no attack,false positive
business,trace,2810,user2810,regular,no attack,false positive
infrastructure,metric,3046,user3046,malicious,attack 2,false positive
infrastructure,log,3046,user3046,malicious,attack 2,false positive
infrastructure,trace,3046,user3046,malicious,attack 2,true positive
infrastructure,metric,6511,user6511,malicious,attack 1,false positive
infrastructure,log,6511,user6511,malicious,attack 1,true positive
infrastructure,trace,6511,user6511,malicious,attack 1,false positive
business,metric,8946,user8946,malicious,attack 2,false positive
business,log,8946,user8946,malicious,attack 2,false positive
business,trace,8946,user8946,malicious,attack 2,true positive
infrastructure,metric,8908,user8908,regular,no attack,false positive
infrastructure,log,8908,user8908,regular,no attack,false positive
infrastructure,trace,8908,user8908,regular,no attack,false positive
business,metric,2924,user2924,malicious,attack 2,false positive
business,log,2924,user2924,malicious,attack 2,false positive
business,trace,2924,user2924,malicious,attack 2,true positive
infrastructure,metric,6259,user6259,regular,no attack,false positive
infrastructure,log,6259,user6259,regular,no attack,false positive
infrastructure,trace,6259,user6259,regular,no attack,false positive
infrastructure,metric,6767,user6767,malicious,attack 2,false positive
infrastructure,log,6767,user6767,malicious,attack 2,false positive
infrastructure,trace,6767,user6767,malicious,attack 2,true positive
business,metric,9977,user9977,regular,no attack,false positive
business,log,9977,user9977,regular,no attack,false positive
business,trace,9977,user9977,regular,no attack,false positive
infrastructure,metric,2561,user2561,malicious,attack 1,false positive
infrastructure,log,2561,user2561,malicious,attack 1,true positive
infrastructure,trace,2561,user2561,malicious,attack 1,false positive
infrastructure,metric,6792,user6792,regular,no attack,false positive
infrastructure,log,6792,user6792,regular,no attack,false positive
infrastructure,trace,6792,user6792,regular,no attack,false positive
business,metric,3492,user3492,malicious,attack 1,false positive
business,log,3492,user3492,malicious,attack 1,true positive
business,trace,3492,user3492,malicious,attack 1,false positive
infrastructure,metric,4619,user4619,malicious,attack 1,false positive
infrastructure,log,4619,user4619,malicious,attack 1,true positive
infrastructure,trace,4619,user4619,malicious,attack 1,false positive
business,metric,9741,user9741,malicious,attack 2,false positive
business,log,9741,user9741,malicious,attack 2,false positive
business,trace,9741,user9741,malicious,attack 2,true positive
infrastructure,metric,7534,user7534,malicious,attack 2,false positive
infrastructure,log,7534,user7534,malicious,attack 2,false positive
infrastructure,trace,7534,user7534,malicious,attack 2,true positive
business,metric,8358,user8358,malicious,attack 1,false positive
business,log,8358,user8358,malicious,attack 1,true positive
business,trace,8358,user8358,malicious,attack 1,false positive
business,metric,1500,user1500,malicious,attack 1,false positive
business,log,1500,user1500,malicious,attack 1,true positive
business,trace,1500,user1500,malicious,attack 1,false positive
infrastructure,metric,1343,user1343,malicious,attack 1,false positive
infrastructure,log,1343,user1343,malicious,attack 1,true positive
infrastructure,trace,1343,user1343,malicious,attack 1,false positive
infrastructure,metric,3299,user3299,malicious,attack 2,false positive
infrastructure,log,3299,user3299,malicious,attack 2,false positive
infrastructure,trace,3299,user3299,malicious,attack 2,true positive
business,metric,4352,user4352,regular,no attack,false positive
business,log,4352,user4352,regular,no attack,false positive
business,trace,4352,user4352,regular,no attack,false positive
business,metric,8479,user8479,regular,no attack,false positive
business,log,8479,user8479,regular,no attack,false positive
business,trace,8479,user8479,regular,no attack,false positive
infrastructure,metric,7779,user7779,malicious,attack 1,false positive
infrastructure,log,7779,user7779,malicious,attack 1,true positive
infrastructure,trace,7779,user7779,malicious,attack 1,false positive
infrastructure,metric,255,user255,regular,no attack,false positive
infrastructure,log,255,user255,regular,no attack,false positive
infrastructure,trace,255,user255,regular,no attack,false positive
infrastructure,metric,6067,user6067,malicious,attack 1,false positive
infrastructure,log,6067,user6067,malicious,attack 1,true positive
infrastructure,trace,6067,user6067,malicious,attack 1,false positive
infrastructure,metric,8121,user8121,regular,no attack,false positive
infrastructure,log,8121,user8121,regular,no attack,false positive
infrastructure,trace,8121,user8121,regular,no attack,false positive
infrastructure,metric,467,user467,malicious,attack 2,false positive
infrastructure,log,467,user467,malicious,attack 2,false positive
infrastructure,trace,467,user467,malicious,attack 2,true positive
infrastructure,metric,1300,user1300,malicious,attack 2,false positive
infrastructure,log,1300,user1300,malicious,attack 2,false positive
infrastructure,trace,1300,user1300,malicious,attack 2,true positive
infrastructure,metric,6740,user6740,malicious,attack 1,false positive
infrastructure,log,6740,user6740,malicious,attack 1,true positive
infrastructure,trace,6740,user6740,malicious,attack 1,false positive
infrastructure,metric,9704,user9704,malicious,attack 2,false positive
infrastructure,log,9704,user9704,malicious,attack 2,false positive
infrastructure,trace,9704,user9704,malicious,attack 2,true positive
business,metric,7258,user7258,malicious,attack 2,false positive
business,log,7258,user7258,malicious,attack 2,false positive
business,trace,7258,user7258,malicious,attack 2,true positive
infrastructure,metric,6886,user6886,malicious,attack 1,false positive
infrastructure,log,6886,user6886,malicious,attack 1,true positive
infrastructure,trace,6886,user6886,malicious,attack 1,false positive
business,metric,222,user222,regular,no attack,false positive
business,log,222,user222,regular,no attack,false positive
business,trace,222,user222,regular,no attack,false positive
infrastructure,metric,1268,user1268,malicious,attack 2,false positive
infrastructure,log,1268,user1268,malicious,attack 2,false positive
infrastructure,trace,1268,user1268,malicious,attack 2,true positive
business,metric,9594,user9594,malicious,attack 1,false positive
business,log,9594,user9594,malicious,attack 1,true positive
business,trace,9594,user9594,malicious,attack 1,false positive
business,metric,8036,user8036,malicious,attack 1,false positive
business,log,8036,user8036,malicious,attack 1,true positive
business,trace,8036,user8036,malicious,attack 1,false positive
business,metric,843,user843,malicious,attack 2,false positive
business,log,843,user843,malicious,attack 2,false positive
business,trace,843,user843,malicious,attack 2,true positive
business,metric,4351,user4351,malicious,attack 2,false positive
business,log,4351,user4351,malicious,attack 2,false positive
business,trace,4351,user4351,malicious,attack 2,true positive
business,metric,480,user480,malicious,attack 2,false positive
business,log,480,user480,malicious,attack 2,false positive
business,trace,480,user480,malicious,attack 2,true positive
infrastructure,metric,1556,user1556,malicious,attack 1,false positive
infrastructure,log,1556,user1556,malicious,attack 1,true positive
infrastructure,trace,1556,user1556,malicious,attack 1,false positive
business,metric,3922,user3922,malicious,attack 2,false positive
business,log,3922,user3922,malicious,attack 2,false positive
business,trace,3922,user3922,malicious,attack 2,true positive
business,metric,440,user440,malicious,attack 2,false positive
business,log,440,user440,malicious,attack 2,false positive
business,trace,440,user440,malicious,attack 2,true positive
infrastructure,metric,5623,user5623,regular,no attack,false positive
infrastructure,log,5623,user5623,regular,no attack,false positive
infrastructure,trace,5623,user5623,regular,no attack,false positive
business,metric,1711,user1711,malicious,attack 2,false positive
business,log,1711,user1711,malicious,attack 2,false positive
business,trace,1711,user1711,malicious,attack 2,true positive
infrastructure,metric,8955,user8955,regular,no attack,false positive
infrastructure,log,8955,user8955,regular,no attack,false positive
infrastructure,trace,8955,user8955,regular,no attack,false positive
infrastructure,metric,6180,user6180,malicious,attack 2,false positive
infrastructure,log,6180,user6180,malicious,attack 2,false positive
infrastructure,trace,6180,user6180,malicious,attack 2,true positive
infrastructure,metric,8511,user8511,regular,no attack,false positive
infrastructure,log,8511,user8511,regular,no attack,false positive
infrastructure,trace,8511,user8511,regular,no attack,false positive
infrastructure,metric,6693,user6693,malicious,attack 2,false positive
infrastructure,log,6693,user6693,malicious,attack 2,false positive
infrastructure,trace,6693,user6693,malicious,attack 2,true positive
infrastructure,metric,6647,user6647,malicious,attack 1,false positive
infrastructure,log,6647,user6647,malicious,attack 1,true positive
infrastructure,trace,6647,user6647,malicious,attack 1,false positive
business,metric,9586,user9586,malicious,attack 2,false positive
business,log,9586,user9586,malicious,attack 2,false positive
business,trace,9586,user9586,malicious,attack 2,true positive
infrastructure,metric,9691,user9691,malicious,attack 1,false positive
infrastructure,log,9691,user9691,malicious,attack 1,true positive
infrastructure,trace,9691,user9691,malicious,attack 1,false positive
infrastructure,metric,1056,user1056,malicious,attack 2,false positive
infrastructure,log,1056,user1056,malicious,attack 2,false positive
infrastructure,trace,1056,user1056,malicious,attack 2,true positive
infrastructure,metric,2744,user2744,malicious,attack 1,false positive
infrastructure,log,2744,user2744,malicious,attack 1,true positive
infrastructure,trace,2744,user2744,malicious,attack 1,false positive
infrastructure,metric,9393,user9393,malicious,attack 1,false positive
infrastructure,log,9393,user9393,malicious,attack 1,true positive
infrastructure,trace,9393,user9393,malicious,attack 1,false positive
infrastructure,metric,1534,user1534,malicious,attack 1,false positive
infrastructure,log,1534,user1534,malicious,attack 1,true positive
infrastructure,trace,1534,user1534,malicious,attack 1,false positive
infrastructure,metric,3949,user3949,malicious,attack 1,false positive
infrastructure,log,3949,user3949,malicious,attack 1,true positive
infrastructure,trace,3949,user3949,malicious,attack 1,false positive
business,metric,397,user397,malicious,attack 2,false positive
business,log,397,user397,malicious,attack 2,false positive
business,trace,397,user397,malicious,attack 2,true positive
infrastructure,metric,9374,user9374,malicious,attack 2,false positive
infrastructure,log,9374,user9374,malicious,attack 2,false positive
infrastructure,trace,9374,user9374,malicious,attack 2,true positive
infrastructure,metric,9445,user9445,regular,no attack,false positive
infrastructure,log,9445,user9445,regular,no attack,false positive
infrastructure,trace,9445,user9445,regular,no attack,false positive
infrastructure,metric,8432,user8432,malicious,attack 2,false positive
infrastructure,log,8432,user8432,malicious,attack 2,false positive
infrastructure,trace,8432,user8432,malicious,attack 2,true positive
business,metric,7458,user7458,malicious,attack 2,false positive
business,log,7458,user7458,malicious,attack 2,false positive
business,trace,7458,user7458,malicious,attack 2,true positive
business,metric,6660,user6660,malicious,attack 1,false positive
business,log,6660,user6660,malicious,attack 1,true positive
business,trace,6660,user6660,malicious,attack 1,false positive
infrastructure,metric,1762,user1762,malicious,attack 1,false positive
infrastructure,log,1762,user1762,malicious,attack 1,true positive
infrastructure,trace,1762,user1762,malicious,attack 1,false positive
infrastructure,metric,4043,user4043,malicious,attack 2,false positive
infrastructure,log,4043,user4043,malicious,attack 2,false positive
infrastructure,trace,4043,user4043,malicious,attack 2,true positive
infrastructure,metric,617,user617,malicious,attack 1,false positive
infrastructure,log,617,user617,malicious,attack 1,true positive
infrastructure,trace,617,user617,malicious,attack 1,false positive
infrastructure,metric,8934,user8934,malicious,attack 1,false positive
infrastructure,log,8934,user8934,malicious,attack 1,true positive
infrastructure,trace,8934,user8934,malicious,attack 1,false positive
infrastructure,metric,2820,user2820,malicious,attack 1,false positive
infrastructure,log,2820,user2820,malicious,attack 1,true positive
infrastructure,trace,2820,user2820,malicious,attack 1,false positive
infrastructure,metric,3759,user3759,regular,no attack,false positive
infrastructure,log,3759,user3759,regular,no attack,false positive
infrastructure,trace,3759,user3759,regular,no attack,false positive
infrastructure,metric,9479,user9479,regular,no attack,false positive
infrastructure,log,9479,user9479,regular,no attack,false positive
infrastructure,trace,9479,user9479,regular,no attack,false positive
infrastructure,metric,8170,user8170,malicious,attack 2,false positive
infrastructure,log,8170,user8170,malicious,attack 2,false positive
infrastructure,trace,8170,user8170,malicious,attack 2,true positive
infrastructure,metric,2073,user2073,malicious,attack 2,false positive
infrastructure,log,2073,user2073,malicious,attack 2,false positive
infrastructure,trace,2073,user2073,malicious,attack 2,true positive
business,metric,6736,user6736,malicious,attack 2,false positive
business,log,6736,user6736,malicious,attack 2,false positive
business,trace,6736,user6736,malicious,attack 2,true positive
business,metric,763,user763,malicious,attack 1,false positive
business,log,763,user763,malicious,attack 1,true positive
business,trace,763,user763,malicious,attack 1,false positive
business,metric,8474,user8474,regular,no attack,false positive
business,log,8474,user8474,regular,no attack,false positive
business,trace,8474,user8474,regular,no attack,false positive
infrastructure,metric,1619,user1619,malicious,attack 1,false positive
infrastructure,log,1619,user1619,malicious,attack 1,true positive
infrastructure,trace,1619,user1619,malicious,attack 1,false positive
infrastructure,metric,7597,user7597,malicious,attack 1,false positive
infrastructure,log,7597,user7597,malicious,attack 1,true positive
infrastructure,trace,7597,user7597,malicious,attack 1,false positive
infrastructure,metric,4284,user4284,regular,no attack,false positive
infrastructure,log,4284,user4284,regular,no attack,false positive
infrastructure,trace,4284,user4284,regular,no attack,false positive
business,metric,7855,user7855,malicious,attack 1,false positive
business,log,7855,user7855,malicious,attack 1,true positive
business,trace,7855,user7855,malicious,attack 1,false positive
infrastructure,metric,9628,user9628,malicious,attack 2,false positive
infrastructure,log,9628,user9628,malicious,attack 2,false positive
infrastructure,trace,9628,user9628,malicious,attack 2,true positive
business,metric,6910,user6910,malicious,attack 1,false positive
business,log,6910,user6910,malicious,attack 1,true positive
business,trace,6910,user6910,malicious,attack 1,false positive
infrastructure,metric,6697,user6697,malicious,attack 1,false positive
infrastructure,log,6697,user6697,malicious,attack 1,true positive
infrastructure,trace,6697,user6697,malicious,attack 1,false positive
infrastructure,metric,4748,user4748,malicious,attack 1,false positive
infrastructure,log,4748,user4748,malicious,attack 1,true positive
infrastructure,trace,4748,user4748,malicious,attack 1,false positive
business,metric,593,user593,malicious,attack 1,false positive
business,log,593,user593,malicious,attack 1,true positive
business,trace,593,user593,malicious,attack 1,false positive
business,metric,183,user183,malicious,attack 1,false positive
business,log,183,user183,malicious,attack 1,true positive
business,trace,183,user183,malicious,attack 1,false positive
business,metric,2447,user2447,malicious,attack 1,false positive
business,log,2447,user2447,malicious,attack 1,true positive
business,trace,2447,user2447,malicious,attack 1,false positive
infrastructure,metric,9135,user9135,malicious,attack 2,false positive
infrastructure,log,9135,user9135,malicious,attack 2,false positive
infrastructure,trace,9135,user9135,malicious,attack 2,true positive
business,metric,6261,user6261,malicious,attack 1,false positive
business,log,6261,user6261,malicious,attack 1,true positive
business,trace,6261,user6261,malicious,attack 1,false positive
business,metric,1081,user1081,malicious,attack 1,false positive
business,log,1081,user1081,malicious,attack 1,true positive
business,trace,1081,user1081,malicious,attack 1,false positive
business,metric,7869,user7869,regular,no attack,false positive
business,log,7869,user7869,regular,no attack,false positive
business,trace,7869,user7869,regular,no attack,false positive
business,metric,7341,user7341,regular,no attack,false positive
business,log,7341,user7341,regular,no attack,false positive
business,trace,7341,user7341,regular,no attack,false positive
infrastructure,metric,2423,user2423,malicious,attack 1,false positive
infrastructure,log,2423,user2423,malicious,attack 1,true positive
infrastructure,trace,2423,user2423,malicious,attack 1,false positive
business,metric,2518,user2518,malicious,attack 2,false positive
business,log,2518,user2518,malicious,attack 2,false positive
business,trace,2518,user2518,malicious,attack 2,true positive
infrastructure,metric,7033,user7033,regular,no attack,false positive
infrastructure,log,7033,user7033,regular,no attack,false positive
infrastructure,trace,7033,user7033,regular,no attack,false positive
infrastructure,metric,6574,user6574,malicious,attack 1,false positive
infrastructure,log,6574,user6574,malicious,attack 1,true positive
infrastructure,trace,6574,user6574,malicious,attack 1,false positive
infrastructure,metric,8269,user8269,malicious,attack 1,false positive
infrastructure,log,8269,user8269,malicious,attack 1,true positive
infrastructure,trace,8269,user8269,malicious,attack 1,false positive
business,metric,1257,user1257,regular,no attack,false positive
business,log,1257,user1257,regular,no attack,false positive
business,trace,1257,user1257,regular,no attack,false positive
infrastructure,metric,1061,user1061,malicious,attack 2,false positive
infrastructure,log,1061,user1061,malicious,attack 2,false positive
infrastructure,trace,1061,user1061,malicious,attack 2,true positive
infrastructure,metric,6144,user6144,malicious,attack 1,false positive
infrastructure,log,6144,user6144,malicious,attack 1,true positive
infrastructure,trace,6144,user6144,malicious,attack 1,false positive
infrastructure,metric,8495,user8495,malicious,attack 1,false positive
infrastructure,log,8495,user8495,malicious,attack 1,true positive
infrastructure,trace,8495,user8495,malicious,attack 1,false positive
business,metric,8309,user8309,malicious,attack 1,false positive
business,log,8309,user8309,malicious,attack 1,true positive
business,trace,8309,user8309,malicious,attack 1,false positive
infrastructure,metric,4182,user4182,malicious,attack 2,false positive
infrastructure,log,4182,user4182,malicious,attack 2,false positive
infrastructure,trace,4182,user4182,malicious,attack 2,true positive
infrastructure,metric,8317,user8317,regular,no attack,false positive
infrastructure,log,8317,user8317,regular,no attack,false positive
infrastructure,trace,8317,user8317,regular,no attack,false positive
business,metric,1280,user1280,malicious,attack 1,false positive
business,log,1280,user1280,malicious,attack 1,true positive
business,trace,1280,user1280,malicious,attack 1,false positive
business,metric,2063,user2063,malicious,attack 2,false positive
business,log,2063,user2063,malicious,attack 2,false positive
business,trace,2063,user2063,malicious,attack 2,true positive
business,metric,837,user837,malicious,attack 1,false positive
business,log,837,user837,malicious,attack 1,true positive
business,trace,837,user837,malicious,attack 1,false positive
business,metric,7784,user7784,malicious,attack 1,false positive
business,log,7784,user7784,malicious,attack 1,true positive
business,trace,7784,user7784,malicious,attack 1,false positive
infrastructure,metric,847,user847,malicious,attack 2,false positive
infrastructure,log,847,user847,malicious,attack 2,false positive
infrastructure,trace,847,user847,malicious,attack 2,true positive
business,metric,2994,user2994,regular,no attack,false positive
business,log,2994,user2994,regular,no attack,false positive
business,trace,2994,user2994,regular,no attack,false positive
infrastructure,metric,950,user950,malicious,attack 2,false positive
infrastructure,log,950,user950,malicious,attack 2,false positive
infrastructure,trace,950,user950,malicious,attack 2,true positive
infrastructure,metric,5887,user5887,malicious,attack 2,false positive
infrastructure,log,5887,user5887,malicious,attack 2,false positive
infrastructure,trace,5887,user5887,malicious,attack 2,true positive
infrastructure,metric,4802,user4802,malicious,attack 2,false positive
infrastructure,log,4802,user4802,malicious,attack 2,false positive
infrastructure,trace,4802,user4802,malicious,attack 2,true positive
infrastructure,metric,6241,user6241,malicious,attack 2,false positive
infrastructure,log,6241,user6241,malicious,attack 2,false positive
infrastructure,trace,6241,user6241,malicious,attack 2,true positive
infrastructure,metric,5697,user5697,malicious,attack 1,false positive
infrastructure,log,5697,user5697,malicious,attack 1,true positive
infrastructure,trace,5697,user5697,malicious,attack 1,false positive
infrastructure,metric,2634,user2634,malicious,attack 1,false positive
infrastructure,log,2634,user2634,malicious,attack 1,true positive
infrastructure,trace,2634,user2634,malicious,attack 1,false positive
business,metric,4396,user4396,malicious,attack 1,false positive
business,log,4396,user4396,malicious,attack 1,true positive
business,trace,4396,user4396,malicious,attack 1,false positive
infrastructure,metric,4677,user4677,malicious,attack 1,false positive
infrastructure,log,4677,user4677,malicious,attack 1,true positive
infrastructure,trace,4677,user4677,malicious,attack 1,false positive
infrastructure,metric,4964,user4964,malicious,attack 1,false positive
infrastructure,log,4964,user4964,malicious,attack 1,true positive
infrastructure,trace,4964,user4964,malicious,attack 1,false positive
business,metric,1287,user1287,malicious,attack 2,false positive
business,log,1287,user1287,malicious,attack 2,false positive
business,trace,1287,user1287,malicious,attack 2,true positive
infrastructure,metric,3638,user3638,malicious,attack 1,false positive
infrastructure,log,3638,user3638,malicious,attack 1,true positive
infrastructure,trace,3638,user3638,malicious,attack 1,false positive
business,metric,5113,user5113,regular,no attack,false positive
business,log,5113,user5113,regular,no attack,false positive
business,trace,5113,user5113,regular,no attack,false positive
business,metric,5959,user5959,malicious,attack 1,false positive
business,log,5959,user5959,malicious,attack 1,true positive
business,trace,5959,user5959,malicious,attack 1,false positive
business,metric,2638,user2638,regular,no attack,false positive
business,log,2638,user2638,regular,no attack,false positive
business,trace,2638,user2638,regular,no attack,false positive
infrastructure,metric,3131,user3131,malicious,attack 1,false positive
infrastructure,log,3131,user3131,malicious,attack 1,true positive
infrastructure,trace,3131,user3131,malicious,attack 1,false positive
business,metric,4520,user4520,malicious,attack 1,false positive
business,log,4520,user4520,malicious,attack 1,true positive
business,trace,4520,user4520,malicious,attack 1,false positive
infrastructure,metric,5520,user5520,malicious,attack 1,false positive
infrastructure,log,5520,user5520,malicious,attack 1,true positive
infrastructure,trace,5520,user5520,malicious,attack 1,false positive
infrastructure,metric,6691,user6691,malicious,attack 2,false positive
infrastructure,log,6691,user6691,malicious,attack 2,false positive
infrastructure,trace,6691,user6691,malicious,attack 2,true positive
business,metric,1004,user1004,malicious,attack 1,false positive
business,log,1004,user1004,malicious,attack 1,true positive
business,trace,1004,user1004,malicious,attack 1,false positive
infrastructure,metric,2180,user2180,malicious,attack 2,false positive
infrastructure,log,2180,user2180,malicious,attack 2,false positive
infrastructure,trace,2180,user2180,malicious,attack 2,true positive
business,metric,9460,user9460,regular,no attack,false positive
business,log,9460,user9460,regular,no attack,false positive
business,trace,9460,user9460,regular,no attack,false positive
infrastructure,metric,5314,user5314,malicious,attack 1,false positive
infrastructure,log,5314,user5314,malicious,attack 1,true positive
infrastructure,trace,5314,user5314,malicious,attack 1,false positive
business,metric,3522,user3522,malicious,attack 1,false positive
business,log,3522,user3522,malicious,attack 1,true positive
business,trace,3522,user3522,malicious,attack 1,false positive
infrastructure,metric,68,user68,malicious,attack 2,false positive
infrastructure,log,68,user68,malicious,attack 2,false positive
infrastructure,trace,68,user68,malicious,attack 2,true positive
business,metric,4599,user4599,regular,no attack,false positive
business,log,4599,user4599,regular,no attack,false positive
business,trace,4599,user4599,regular,no attack,false positive
infrastructure,metric,5808,user5808,malicious,attack 2,false positive
infrastructure,log,5808,user5808,malicious,attack 2,false positive
infrastructure,trace,5808,user5808,malicious,attack 2,true positive
business,metric,6303,user6303,regular,no attack,false positive
business,log,6303,user6303,regular,no attack,false positive
business,trace,6303,user6303,regular,no attack,false positive
infrastructure,metric,5634,user5634,malicious,attack 1,false positive
infrastructure,log,5634,user5634,malicious,attack 1,true positive
infrastructure,trace,5634,user5634,malicious,attack 1,false positive
business,metric,5176,user5176,malicious,attack 2,false positive
business,log,5176,user5176,malicious,attack 2,false positive
business,trace,5176,user5176,malicious,attack 2,true positive
business,metric,6485,user6485,malicious,attack 2,false positive
business,log,6485,user6485,malicious,attack 2,false positive
business,trace,6485,user6485,malicious,attack 2,true positive
infrastructure,metric,9564,user9564,regular,no attack,false positive
infrastructure,log,9564,user9564,regular,no attack,false positive
infrastructure,trace,9564,user9564,regular,no attack,false positive
infrastructure,metric,5834,user5834,regular,no attack,false positive
infrastructure,log,5834,user5834,regular,no attack,false positive
infrastructure,trace,5834,user5834,regular,no attack,false positive
infrastructure,metric,7218,user7218,malicious,attack 1,false positive
infrastructure,log,7218,user7218,malicious,attack 1,true positive
infrastructure,trace,7218,user7218,malicious,attack 1,false positive
business,metric,2798,user2798,malicious,attack 2,false positive
business,log,2798,user2798,malicious,attack 2,false positive
business,trace,2798,user2798,malicious,attack 2,true positive
infrastructure,metric,5564,user5564,malicious,attack 2,false positive
infrastructure,log,5564,user5564,malicious,attack 2,false positive
infrastructure,trace,5564,user5564,malicious,attack 2,true positive
business,metric,786,user786,regular,no attack,false positive
business,log,786,user786,regular,no attack,false positive
business,trace,786,user786,regular,no attack,false positive
business,metric,6038,user6038,malicious,attack 1,false positive
business,log,6038,user6038,malicious,attack 1,true positive
business,trace,6038,user6038,malicious,attack 1,false positive
infrastructure,metric,450,user450,malicious,attack 2,false positive
infrastructure,log,450,user450,malicious,attack 2,false positive
infrastructure,trace,450,user450,malicious,attack 2,true positive
business,metric,2879,user2879,malicious,attack 2,false positive
business,log,2879,user2879,malicious,attack 2,false positive
business,trace,2879,user2879,malicious,attack 2,true positive
infrastructure,metric,218,user218,malicious,attack 2,false positive
infrastructure,log,218,user218,malicious,attack 2,false positive
infrastructure,trace,218,user218,malicious,attack 2,true positive
business,metric,5985,user5985,regular,no attack,false positive
business,log,5985,user5985,regular,no attack,false positive
business,trace,5985,user5985,regular,no attack,false positive
business,metric,1417,user1417,malicious,attack 2,false positive
business,log,1417,user1417,malicious,attack 2,false positive
business,trace,1417,user1417,malicious,attack 2,true positive
infrastructure,metric,7778,user7778,regular,no attack,false positive
infrastructure,log,7778,user7778,regular,no attack,false positive
infrastructure,trace,7778,user7778,regular,no attack,false positive
infrastructure,metric,7079,user7079,malicious,attack 2,false positive
infrastructure,log,7079,user7079,malicious,attack 2,false positive
infrastructure,trace,7079,user7079,malicious,attack 2,true positive
business,metric,2727,user2727,malicious,attack 2,false positive
business,log,2727,user2727,malicious,attack 2,false positive
business,trace,2727,user2727,malicious,attack 2,true positive
business,metric,7686,user7686,malicious,attack 1,false positive
business,log,7686,user7686,malicious,attack 1,true positive
business,trace,7686,user7686,malicious,attack 1,false positive
business,metric,936,user936,malicious,attack 2,false positive
business,log,936,user936,malicious,attack 2,false positive
business,trace,936,user936,malicious,attack 2,true positive
business,metric,4196,user4196,malicious,attack 2,false positive
business,log,4196,user4196,malicious,attack 2,false positive
business,trace,4196,user4196,malicious,attack 2,true positive
infrastructure,metric,8364,user8364,malicious,attack 1,false positive
infrastructure,log,8364,user8364,malicious,attack 1,true positive
infrastructure,trace,8364,user8364,malicious,attack 1,false positive
infrastructure,metric,6789,user6789,malicious,attack 2,false positive
infrastructure,log,6789,user6789,malicious,attack 2,false positive
infrastructure,trace,6789,user6789,malicious,attack 2,true positive
business,metric,2424,user2424,regular,no attack,false positive
business,log,2424,user2424,regular,no attack,false positive
business,trace,2424,user2424,regular,no attack,false positive
business,metric,7948,user7948,malicious,attack 1,false positive
business,log,7948,user7948,malicious,attack 1,true positive
business,trace,7948,user7948,malicious,attack 1,false positive
infrastructure,metric,4402,user4402,regular,no attack,false positive
infrastructure,log,4402,user4402,regular,no attack,false positive
infrastructure,trace,4402,user4402,regular,no attack,false positive
infrastructure,metric,1975,user1975,regular,no attack,false positive
infrastructure,log,1975,user1975,regular,no attack,false positive
infrastructure,trace,1975,user1975,regular,no attack,false positive
infrastructure,metric,2431,user2431,regular,no attack,false positive
infrastructure,log,2431,user2431,regular,no attack,false positive
infrastructure,trace,2431,user2431,regular,no attack,false positive
infrastructure,metric,6341,user6341,regular,no attack,false positive
infrastructure,log,6341,user6341,regular,no attack,false positive
infrastructure,trace,6341,user6341,regular,no attack,false positive
infrastructure,metric,2286,user2286,regular,no attack,false positive
infrastructure,log,2286,user2286,regular,no attack,false positive
infrastructure,trace,2286,user2286,regular,no attack,false positive
business,metric,1609,user1609,malicious,attack 1,false positive
business,log,1609,user1609,malicious,attack 1,true positive
business,trace,1609,user1609,malicious,attack 1,false positive
business,metric,7071,user7071,malicious,attack 2,false positive
business,log,7071,user7071,malicious,attack 2,false positive
business,trace,7071,user7071,malicious,attack 2,true positive
business,metric,1489,user1489,malicious,attack 2,false positive
business,log,1489,user1489,malicious,attack 2,false positive
business,trace,1489,user1489,malicious,attack 2,true positive
infrastructure,metric,3728,user3728,malicious,attack 1,false positive
infrastructure,log,3728,user3728,malicious,attack 1,true positive
infrastructure,trace,3728,user3728,malicious,attack 1,false positive
business,metric,7098,user7098,malicious,attack 1,false positive
business,log,7098,user7098,malicious,attack 1,true positive
business,trace,7098,user7098,malicious,attack 1,false positive
infrastructure,metric,4753,user4753,malicious,attack 2,false positive
infrastructure,log,4753,user4753,malicious,attack 2,false positive
infrastructure,trace,4753,user4753,malicious,attack 2,true positive
business,metric,7945,user7945,malicious,attack 1,false positive
business,log,7945,user7945,malicious,attack 1,true positive
business,trace,7945,user7945,malicious,attack 1,false positive
business,metric,4538,user4538,regular,no attack,false positive
business,log,4538,user4538,regular,no attack,false positive
business,trace,4538,user4538,regular,no attack,false positive
infrastructure,metric,243,user243,regular,no attack,false positive
infrastructure,log,243,user243,regular,no attack,false positive
infrastructure,trace,243,user243,regular,no attack,false positive
business,metric,786,user786,regular,no attack,false positive
business,log,786,user786,regular,no attack,false positive
business,trace,786,user786,regular,no attack,false positive
business,metric,8821,user8821,regular,no attack,false positive
business,log,8821,user8821,regular,no attack,false positive
business,trace,8821,user8821,regular,no attack,false positive
infrastructure,metric,4843,user4843,malicious,attack 1,false positive
infrastructure,log,4843,user4843,malicious,attack 1,true positive
infrastructure,trace,4843,user4843,malicious,attack 1,false positive
business,metric,6103,user6103,malicious,attack 1,false positive
business,log,6103,user6103,malicious,attack 1,true positive
business,trace,6103,user6103,malicious,attack 1,false positive
infrastructure,metric,8149,user8149,malicious,attack 1,false positive
infrastructure,log,8149,user8149,malicious,attack 1,true positive
infrastructure,trace,8149,user8149,malicious,attack 1,false positive
infrastructure,metric,2734,user2734,malicious,attack 2,false positive
infrastructure,log,2734,user2734,malicious,attack 2,false positive
infrastructure,trace,2734,user2734,malicious,attack 2,true positive
business,metric,6091,user6091,regular,no attack,false positive
business,log,6091,user6091,regular,no attack,false positive
business,trace,6091,user6091,regular,no attack,false positive
infrastructure,metric,8419,user8419,malicious,attack 2,false positive
infrastructure,log,8419,user8419,malicious,attack 2,false positive
infrastructure,trace,8419,user8419,malicious,attack 2,true positive
business,metric,2897,user2897,malicious,attack 2,false positive
business,log,2897,user2897,malicious,attack 2,false positive
business,trace,2897,user2897,malicious,attack 2,true positive
infrastructure,metric,168,user168,malicious,attack 1,false positive
infrastructure,log,168,user168,malicious,attack 1,true positive
infrastructure,trace,168,user168,malicious,attack 1,false positive
infrastructure,metric,343,user343,malicious,attack 1,false positive
infrastructure,log,343,user343,malicious,attack 1,true positive
infrastructure,trace,343,user343,malicious,attack 1,false positive
business,metric,9607,user9607,regular,no attack,false positive
business,log,9607,user9607,regular,no attack,false positive
business,trace,9607,user9607,regular,no attack,false positive
infrastructure,metric,8248,user8248,malicious,attack 1,false positive
infrastructure,log,8248,user8248,malicious,attack 1,true positive
infrastructure,trace,8248,user8248,malicious,attack 1,false positive
infrastructure,metric,6576,user6576,malicious,attack 2,false positive
infrastructure,log,6576,user6576,malicious,attack 2,false positive
infrastructure,trace,6576,user6576,malicious,attack 2,true positive
infrastructure,metric,3412,user3412,malicious,attack 2,false positive
infrastructure,log,3412,user3412,malicious,attack 2,false positive
infrastructure,trace,3412,user3412,malicious,attack 2,true positive
infrastructure,metric,2975,user2975,regular,no attack,false positive
infrastructure,log,2975,user2975,regular,no attack,false positive
infrastructure,trace,2975,user2975,regular,no attack,false positive
business,metric,2572,user2572,malicious,attack 1,false positive
business,log,2572,user2572,malicious,attack 1,true positive
business,trace,2572,user2572,malicious,attack 1,false positive
infrastructure,metric,4942,user4942,regular,no attack,false positive
infrastructure,log,4942,user4942,regular,no attack,false positive
infrastructure,trace,4942,user4942,regular,no attack,false positive
business,metric,3507,user3507,malicious,attack 2,false positive
business,log,3507,user3507,malicious,attack 2,false positive
business,trace,3507,user3507,malicious,attack 2,true positive
infrastructure,metric,910,user910,malicious,attack 1,false positive
infrastructure,log,910,user910,malicious,attack 1,true positive
infrastructure,trace,910,user910,malicious,attack 1,false positive
business,metric,8009,user8009,malicious,attack 2,false positive
business,log,8009,user8009,malicious,attack 2,false positive
business,trace,8009,user8009,malicious,attack 2,true positive
infrastructure,metric,7956,user7956,malicious,attack 2,false positive
infrastructure,log,7956,user7956,malicious,attack 2,false positive
infrastructure,trace,7956,user7956,malicious,attack 2,true positive
infrastructure,metric,4309,user4309,regular,no attack,false positive
infrastructure,log,4309,user4309,regular,no attack,false positive
infrastructure,trace,4309,user4309,regular,no attack,false positive
business,metric,6574,user6574,malicious,attack 1,false positive
business,log,6574,user6574,malicious,attack 1,true positive
business,trace,6574,user6574,malicious,attack 1,false positive
business,metric,6576,user6576,malicious,attack 2,false positive
business,log,6576,user6576,malicious,attack 2,false positive
business,trace,6576,user6576,malicious,attack 2,true positive
business,metric,2696,user2696,malicious,attack 2,false positive
business,log,2696,user2696,malicious,attack 2,false positive
business,trace,2696,user2696,malicious,attack 2,true positive
business,metric,6741,user6741,malicious,attack 1,false positive
business,log,6741,user6741,malicious,attack 1,true positive
business,trace,6741,user6741,malicious,attack 1,false positive
infrastructure,metric,8372,user8372,malicious,attack 1,false positive
infrastructure,log,8372,user8372,malicious,attack 1,true positive
infrastructure,trace,8372,user8372,malicious,attack 1,false positive
infrastructure,metric,7867,user7867,regular,no attack,false positive
infrastructure,log,7867,user7867,regular,no attack,false positive
infrastructure,trace,7867,user7867,regular,no attack,false positive
business,metric,7692,user7692,malicious,attack 1,false positive
business,log,7692,user7692,malicious,attack 1,true positive
business,trace,7692,user7692,malicious,attack 1,false positive
infrastructure,metric,3361,user3361,regular,no attack,false positive
infrastructure,log,3361,user3361,regular,no attack,false positive
infrastructure,trace,3361,user3361,regular,no attack,false positive
infrastructure,metric,8260,user8260,malicious,attack 2,false positive
infrastructure,log,8260,user8260,malicious,attack 2,false positive
infrastructure,trace,8260,user8260,malicious,attack 2,true positive
business,metric,6154,user6154,malicious,attack 1,false positive
business,log,6154,user6154,malicious,attack 1,true positive
business,trace,6154,user6154,malicious,attack 1,false positive
infrastructure,metric,7367,user7367,regular,no attack,false positive
infrastructure,log,7367,user7367,regular,no attack,false positive
infrastructure,trace,7367,user7367,regular,no attack,false positive
business,metric,8336,user8336,regular,no attack,false positive
business,log,8336,user8336,regular,no attack,false positive
business,trace,8336,user8336,regular,no attack,false positive
infrastructure,metric,8301,user8301,malicious,attack 1,false positive
infrastructure,log,8301,user8301,malicious,attack 1,true positive
infrastructure,trace,8301,user8301,malicious,attack 1,false positive
business,metric,3883,user3883,malicious,attack 1,false positive
business,log,3883,user3883,malicious,attack 1,true positive
business,trace,3883,user3883,malicious,attack 1,false positive
infrastructure,metric,1208,user1208,regular,no attack,false positive
infrastructure,log,1208,user1208,regular,no attack,false positive
infrastructure,trace,1208,user1208,regular,no attack,false positive
business,metric,9884,user9884,malicious,attack 1,false positive
business,log,9884,user9884,malicious,attack 1,true positive
business,trace,9884,user9884,malicious,attack 1,false positive
business,metric,7541,user7541,malicious,attack 2,false positive
business,log,7541,user7541,malicious,attack 2,false positive
business,trace,7541,user7541,malicious,attack 2,true positive
infrastructure,metric,6150,user6150,malicious,attack 2,false positive
infrastructure,log,6150,user6150,malicious,attack 2,false positive
infrastructure,trace,6150,user6150,malicious,attack 2,true positive
infrastructure,metric,6950,user6950,malicious,attack 1,false positive
infrastructure,log,6950,user6950,malicious,attack 1,true positive
infrastructure,trace,6950,user6950,malicious,attack 1,false positive
business,metric,7197,user7197,regular,no attack,false positive
business,log,7197,user7197,regular,no attack,false positive
business,trace,7197,user7197,regular,no attack,false positive
business,metric,4071,user4071,malicious,attack 2,false positive
business,log,4071,user4071,malicious,attack 2,false positive
business,trace,4071,user4071,malicious,attack 2,true positive
business,metric,2222,user2222,malicious,attack 1,false positive
business,log,2222,user2222,malicious,attack 1,true positive
business,trace,2222,user2222,malicious,attack 1,false positive
business,metric,4304,user4304,malicious,attack 2,false positive
business,log,4304,user4304,malicious,attack 2,false positive
business,trace,4304,user4304,malicious,attack 2,true positive
business,metric,7212,user7212,malicious,attack 2,false positive
business,log,7212,user7212,malicious,attack 2,false positive
business,trace,7212,user7212,malicious,attack 2,true positive
business,metric,1241,user1241,regular,no attack,false positive
business,log,1241,user1241,regular,no attack,false positive
business,trace,1241,user1241,regular,no attack,false positive
business,metric,7337,user7337,malicious,attack 1,false positive
business,log,7337,user7337,malicious,attack 1,true positive
business,trace,7337,user7337,malicious,attack 1,false positive
business,metric,2515,user2515,malicious,attack 1,false positive
business,log,2515,user2515,malicious,attack 1,true positive
business,trace,2515,user2515,malicious,attack 1,false positive
business,metric,1042,user1042,malicious,attack 2,false positive
business,log,1042,user1042,malicious,attack 2,false positive
business,trace,1042,user1042,malicious,attack 2,true positive
business,metric,3903,user3903,malicious,attack 2,false positive
business,log,3903,user3903,malicious,attack 2,false positive
business,trace,3903,user3903,malicious,attack 2,true positive
business,metric,7078,user7078,regular,no attack,false positive
business,log,7078,user7078,regular,no attack,false positive
business,trace,7078,user7078,regular,no attack,false positive
infrastructure,metric,2971,user2971,malicious,attack 1,false positive
infrastructure,log,2971,user2971,malicious,attack 1,true positive
infrastructure,trace,2971,user2971,malicious,attack 1,false positive
infrastructure,metric,667,user667,malicious,attack 2,false positive
infrastructure,log,667,user667,malicious,attack 2,false positive
infrastructure,trace,667,user667,malicious,attack 2,true positive
business,metric,6917,user6917,malicious,attack 1,false positive
business,log,6917,user6917,malicious,attack 1,true positive
business,trace,6917,user6917,malicious,attack 1,false positive
infrastructure,metric,4563,user4563,malicious,attack 1,false positive
infrastructure,log,4563,user4563,malicious,attack 1,true positive
infrastructure,trace,4563,user4563,malicious,attack 1,false positive
business,metric,1969,user1969,malicious,attack 2,false positive
business,log,1969,user1969,malicious,attack 2,false positive
business,trace,1969,user1969,malicious,attack 2,true positive
infrastructure,metric,754,user754,regular,no attack,false positive
infrastructure,log,754,user754,regular,no attack,false positive
infrastructure,trace,754,user754,regular,no attack,false positive
infrastructure,metric,7114,user7114,malicious,attack 1,false positive
infrastructure,log,7114,user7114,malicious,attack 1,true positive
infrastructure,trace,7114,user7114,malicious,attack 1,false positive
infrastructure,metric,4699,user4699,malicious,attack 2,false positive
infrastructure,log,4699,user4699,malicious,attack 2,false positive
infrastructure,trace,4699,user4699,malicious,attack 2,true positive
business,metric,7067,user7067,malicious,attack 1,false positive
business,log,7067,user7067,malicious,attack 1,true positive
business,trace,7067,user7067,malicious,attack 1,false positive
business,metric,4018,user4018,malicious,attack 1,false positive
business,log,4018,user4018,malicious,attack 1,true positive
business,trace,4018,user4018,malicious,attack 1,false positive
business,metric,275,user275,malicious,attack 2,false positive
business,log,275,user275,malicious,attack 2,false positive
business,trace,275,user275,malicious,attack 2,true positive
business,metric,2987,user2987,malicious,attack 2,false positive
business,log,2987,user2987,malicious,attack 2,false positive
business,trace,2987,user2987,malicious,attack 2,true positive
business,metric,887,user887,malicious,attack 2,false positive
business,log,887,user887,malicious,attack 2,false positive
business,trace,887,user887,malicious,attack 2,true positive
business,metric,5401,user5401,regular,no attack,false positive
business,log,5401,user5401,regular,no attack,false positive
business,trace,5401,user5401,regular,no attack,false positive
infrastructure,metric,6207,user6207,malicious,attack 1,false positive
infrastructure,log,6207,user6207,malicious,attack 1,true positive
infrastructure,trace,6207,user6207,malicious,attack 1,false positive
infrastructure,metric,8157,user8157,malicious,attack 2,false positive
infrastructure,log,8157,user8157,malicious,attack 2,false positive
infrastructure,trace,8157,user8157,malicious,attack 2,true positive
business,metric,8427,user8427,regular,no attack,false positive
business,log,8427,user8427,regular,no attack,false positive
business,trace,8427,user8427,regular,no attack,false positive
business,metric,4359,user4359,malicious,attack 2,false positive
business,log,4359,user4359,malicious,attack 2,false positive
business,trace,4359,user4359,malicious,attack 2,true positive
infrastructure,metric,4105,user4105,malicious,attack 1,false positive
infrastructure,log,4105,user4105,malicious,attack 1,true positive
infrastructure,trace,4105,user4105,malicious,attack 1,false positive
business,metric,1475,user1475,malicious,attack 1,false positive
business,log,1475,user1475,malicious,attack 1,true positive
business,trace,1475,user1475,malicious,attack 1,false positive
business,metric,9996,user9996,malicious,attack 1,false positive
business,log,9996,user9996,malicious,attack 1,true positive
business,trace,9996,user9996,malicious,attack 1,false positive
infrastructure,metric,16,user16,malicious,attack 1,false positive
infrastructure,log,16,user16,malicious,attack 1,true positive
infrastructure,trace,16,user16,malicious,attack 1,false positive
business,metric,4669,user4669,malicious,attack 2,false positive
business,log,4669,user4669,malicious,attack 2,false positive
business,trace,4669,user4669,malicious,attack 2,true positive
infrastructure,metric,9157,user9157,malicious,attack 1,false positive
infrastructure,log,9157,user9157,malicious,attack 1,true positive
infrastructure,trace,9157,user9157,malicious,attack 1,false positive
business,metric,3997,user3997,malicious,attack 2,false positive
business,log,3997,user3997,malicious,attack 2,false positive
business,trace,3997,user3997,malicious,attack 2,true positive
business,metric,6048,user6048,malicious,attack 1,false positive
business,log,6048,user6048,malicious,attack 1,true positive
business,trace,6048,user6048,malicious,attack 1,false positive
business,metric,1244,user1244,malicious,attack 2,false positive
business,log,1244,user1244,malicious,attack 2,false positive
business,trace,1244,user1244,malicious,attack 2,true positive
infrastructure,metric,3272,user3272,malicious,attack 2,false positive
infrastructure,log,3272,user3272,malicious,attack 2,false positive
infrastructure,trace,3272,user3272,malicious,attack 2,true positive
infrastructure,metric,5416,user5416,malicious,attack 1,false positive
infrastructure,log,5416,user5416,malicious,attack 1,true positive
infrastructure,trace,5416,user5416,malicious,attack 1,false positive
business,metric,8724,user8724,malicious,attack 1,false positive
business,log,8724,user8724,malicious,attack 1,true positive
business,trace,8724,user8724,malicious,attack 1,false positive
business,metric,1086,user1086,malicious,attack 1,false positive
business,log,1086,user1086,malicious,attack 1,true positive
business,trace,1086,user1086,malicious,attack 1,false positive
infrastructure,metric,4310,user4310,malicious,attack 2,false positive
infrastructure,log,4310,user4310,malicious,attack 2,false positive
infrastructure,trace,4310,user4310,malicious,attack 2,true positive
business,metric,5611,user5611,malicious,attack 2,false positive
business,log,5611,user5611,malicious,attack 2,false positive
business,trace,5611,user5611,malicious,attack 2,true positive
business,metric,7516,user7516,malicious,attack 2,false positive
business,log,7516,user7516,malicious,attack 2,false positive
business,trace,7516,user7516,malicious,attack 2,true positive
infrastructure,metric,8649,user8649,malicious,attack 1,false positive
infrastructure,log,8649,user8649,malicious,attack 1,true positive
infrastructure,trace,8649,user8649,malicious,attack 1,false positive
infrastructure,metric,3560,user3560,malicious,attack 2,false positive
infrastructure,log,3560,user3560,malicious,attack 2,false positive
infrastructure,trace,3560,user3560,malicious,attack 2,true positive
infrastructure,metric,5559,user5559,regular,no attack,false positive
infrastructure,log,5559,user5559,regular,no attack,false positive
infrastructure,trace,5559,user5559,regular,no attack,false positive
business,metric,8319,user8319,malicious,attack 1,false positive
business,log,8319,user8319,malicious,attack 1,true positive
business,trace,8319,user8319,malicious,attack 1,false positive
business,metric,5417,user5417,malicious,attack 1,false positive
business,log,5417,user5417,malicious,attack 1,true positive
business,trace,5417,user5417,malicious,attack 1,false positive
business,metric,3673,user3673,malicious,attack 1,false positive
business,log,3673,user3673,malicious,attack 1,true positive
business,trace,3673,user3673,malicious,attack 1,false positive
infrastructure,metric,3754,user3754,malicious,attack 1,false positive
infrastructure,log,3754,user3754,malicious,attack 1,true positive
infrastructure,trace,3754,user3754,malicious,attack 1,false positive
infrastructure,metric,5471,user5471,regular,no attack,false positive
infrastructure,log,5471,user5471,regular,no attack,false positive
infrastructure,trace,5471,user5471,regular,no attack,false positive
business,metric,390,user390,malicious,attack 1,false positive
business,log,390,user390,malicious,attack 1,true positive
business,trace,390,user390,malicious,attack 1,false positive
infrastructure,metric,196,user196,malicious,attack 2,false positive
infrastructure,log,196,user196,malicious,attack 2,false positive
infrastructure,trace,196,user196,malicious,attack 2,true positive
infrastructure,metric,9601,user9601,malicious,attack 1,false positive
infrastructure,log,9601,user9601,malicious,attack 1,true positive
infrastructure,trace,9601,user9601,malicious,attack 1,false positive
business,metric,4876,user4876,malicious,attack 1,false positive
business,log,4876,user4876,malicious,attack 1,true positive
business,trace,4876,user4876,malicious,attack 1,false positive
infrastructure,metric,431,user431,malicious,attack 2,false positive
infrastructure,log,431,user431,malicious,attack 2,false positive
infrastructure,trace,431,user431,malicious,attack 2,true positive
infrastructure,metric,3132,user3132,malicious,attack 2,false positive
infrastructure,log,3132,user3132,malicious,attack 2,false positive
infrastructure,trace,3132,user3132,malicious,attack 2,true positive
business,metric,7294,user7294,regular,no attack,false positive
business,log,7294,user7294,regular,no attack,false positive
business,trace,7294,user7294,regular,no attack,false positive
business,metric,2218,user2218,malicious,attack 1,false positive
business,log,2218,user2218,malicious,attack 1,true positive
business,trace,2218,user2218,malicious,attack 1,false positive
infrastructure,metric,3325,user3325,regular,no attack,false positive
infrastructure,log,3325,user3325,regular,no attack,false positive
infrastructure,trace,3325,user3325,regular,no attack,false positive
business,metric,5867,user5867,malicious,attack 2,false positive
business,log,5867,user5867,malicious,attack 2,false positive
business,trace,5867,user5867,malicious,attack 2,true positive
business,metric,3791,user3791,malicious,attack 1,false positive
business,log,3791,user3791,malicious,attack 1,true positive
business,trace,3791,user3791,malicious,attack 1,false positive
business,metric,3721,user3721,malicious,attack 2,false positive
business,log,3721,user3721,malicious,attack 2,false positive
business,trace,3721,user3721,malicious,attack 2,true positive
business,metric,343,user343,malicious,attack 2,false positive
business,log,343,user343,malicious,attack 2,false positive
business,trace,343,user343,malicious,attack 2,true positive
business,metric,3079,user3079,malicious,attack 2,false positive
business,log,3079,user3079,malicious,attack 2,false positive
business,trace,3079,user3079,malicious,attack 2,true positive
business,metric,3771,user3771,malicious,attack 2,false positive
business,log,3771,user3771,malicious,attack 2,false positive
business,trace,3771,user3771,malicious,attack 2,true positive
infrastructure,metric,1827,user1827,regular,no attack,false positive
infrastructure,log,1827,user1827,regular,no attack,false positive
infrastructure,trace,1827,user1827,regular,no attack,false positive
business,metric,7760,user7760,regular,no attack,false positive
business,log,7760,user7760,regular,no attack,false positive
business,trace,7760,user7760,regular,no attack,false positive
infrastructure,metric,6764,user6764,malicious,attack 1,false positive
infrastructure,log,6764,user6764,malicious,attack 1,true positive
infrastructure,trace,6764,user6764,malicious,attack 1,false positive
business,metric,3118,user3118,malicious,attack 2,false positive
business,log,3118,user3118,malicious,attack 2,false positive
business,trace,3118,user3118,malicious,attack 2,true positive
infrastructure,metric,4395,user4395,regular,no attack,false positive
infrastructure,log,4395,user4395,regular,no attack,false positive
infrastructure,trace,4395,user4395,regular,no attack,false positive
infrastructure,metric,1659,user1659,malicious,attack 1,false positive
infrastructure,log,1659,user1659,malicious,attack 1,true positive
infrastructure,trace,1659,user1659,malicious,attack 1,false positive
infrastructure,metric,2802,user2802,malicious,attack 1,false positive
infrastructure,log,2802,user2802,malicious,attack 1,true positive
infrastructure,trace,2802,user2802,malicious,attack 1,false positive
infrastructure,metric,6330,user6330,malicious,attack 1,false positive
infrastructure,log,6330,user6330,malicious,attack 1,true positive
infrastructure,trace,6330,user6330,malicious,attack 1,false positive
business,metric,7965,user7965,malicious,attack 2,false positive
business,log,7965,user7965,malicious,attack 2,false positive
business,trace,7965,user7965,malicious,attack 2,true positive
infrastructure,metric,5352,user5352,regular,no attack,false positive
infrastructure,log,5352,user5352,regular,no attack,false positive
infrastructure,trace,5352,user5352,regular,no attack,false positive
infrastructure,metric,1650,user1650,malicious,attack 2,false positive
infrastructure,log,1650,user1650,malicious,attack 2,false positive
infrastructure,trace,1650,user1650,malicious,attack 2,true positive
business,metric,1175,user1175,malicious,attack 1,false positive
business,log,1175,user1175,malicious,attack 1,true positive
business,trace,1175,user1175,malicious,attack 1,false positive
business,metric,2983,user2983,malicious,attack 2,false positive
business,log,2983,user2983,malicious,attack 2,false positive
business,trace,2983,user2983,malicious,attack 2,true positive
infrastructure,metric,9471,user9471,malicious,attack 1,false positive
infrastructure,log,9471,user9471,malicious,attack 1,true positive
infrastructure,trace,9471,user9471,malicious,attack 1,false positive
business,metric,5643,user5643,malicious,attack 1,false positive
business,log,5643,user5643,malicious,attack 1,true positive
business,trace,5643,user5643,malicious,attack 1,false positive
infrastructure,metric,7895,user7895,malicious,attack 2,false positive
infrastructure,log,7895,user7895,malicious,attack 2,false positive
infrastructure,trace,7895,user7895,malicious,attack 2,true positive
business,metric,3677,user3677,regular,no attack,false positive
business,log,3677,user3677,regular,no attack,false positive
business,trace,3677,user3677,regular,no attack,false positive
infrastructure,metric,2570,user2570,malicious,attack 1,false positive
infrastructure,log,2570,user2570,malicious,attack 1,true positive
infrastructure,trace,2570,user2570,malicious,attack 1,false positive
infrastructure,metric,1294,user1294,malicious,attack 2,false positive
infrastructure,log,1294,user1294,malicious,attack 2,false positive
infrastructure,trace,1294,user1294,malicious,attack 2,true positive
infrastructure,metric,9410,user9410,malicious,attack 2,false positive
infrastructure,log,9410,user9410,malicious,attack 2,false positive
infrastructure,trace,9410,user9410,malicious,attack 2,true positive
infrastructure,metric,995,user995,regular,no attack,false positive
infrastructure,log,995,user995,regular,no attack,false positive
infrastructure,trace,995,user995,regular,no attack,false positive
infrastructure,metric,7100,user7100,regular,no attack,false positive
infrastructure,log,7100,user7100,regular,no attack,false positive
infrastructure,trace,7100,user7100,regular,no attack,false positive
infrastructure,metric,9834,user9834,malicious,attack 1,false positive
infrastructure,log,9834,user9834,malicious,attack 1,true positive
infrastructure,trace,9834,user9834,malicious,attack 1,false positive
infrastructure,metric,2095,user2095,malicious,attack 2,false positive
infrastructure,log,2095,user2095,malicious,attack 2,false positive
infrastructure,trace,2095,user2095,malicious,attack 2,true positive
business,metric,2670,user2670,malicious,attack 2,false positive
business,log,2670,user2670,malicious,attack 2,false positive
business,trace,2670,user2670,malicious,attack 2,true positive
business,metric,2721,user2721,malicious,attack 2,false positive
business,log,2721,user2721,malicious,attack 2,false positive
business,trace,2721,user2721,malicious,attack 2,true positive
business,metric,8716,user8716,malicious,attack 1,false positive
business,log,8716,user8716,malicious,attack 1,true positive
business,trace,8716,user8716,malicious,attack 1,false positive
infrastructure,metric,8947,user8947,malicious,attack 1,false positive
infrastructure,log,8947,user8947,malicious,attack 1,true positive
infrastructure,trace,8947,user8947,malicious,attack 1,false positive
infrastructure,metric,7639,user7639,malicious,attack 2,false positive
infrastructure,log,7639,user7639,malicious,attack 2,false positive
infrastructure,trace,7639,user7639,malicious,attack 2,true positive
infrastructure,metric,8844,user8844,regular,no attack,false positive
infrastructure,log,8844,user8844,regular,no attack,false positive
infrastructure,trace,8844,user8844,regular,no attack,false positive
infrastructure,metric,7042,user7042,malicious,attack 1,false positive
infrastructure,log,7042,user7042,malicious,attack 1,true positive
infrastructure,trace,7042,user7042,malicious,attack 1,false positive
business,metric,7918,user7918,malicious,attack 2,false positive
business,log,7918,user7918,malicious,attack 2,false positive
business,trace,7918,user7918,malicious,attack 2,true positive
infrastructure,metric,2232,user2232,malicious,attack 2,false positive
infrastructure,log,2232,user2232,malicious,attack 2,false positive
infrastructure,trace,2232,user2232,malicious,attack 2,true positive
infrastructure,metric,7028,user7028,malicious,attack 2,false positive
infrastructure,log,7028,user7028,malicious,attack 2,false positive
infrastructure,trace,7028,user7028,malicious,attack 2,true positive
business,metric,6045,user6045,malicious,attack 1,false positive
business,log,6045,user6045,malicious,attack 1,true positive
business,trace,6045,user6045,malicious,attack 1,false positive
business,metric,1065,user1065,malicious,attack 2,false positive
business,log,1065,user1065,malicious,attack 2,false positive
business,trace,1065,user1065,malicious,attack 2,true positive
infrastructure,metric,6185,user6185,malicious,attack 1,false positive
infrastructure,log,6185,user6185,malicious,attack 1,true positive
infrastructure,trace,6185,user6185,malicious,attack 1,false positive
business,metric,6108,user6108,malicious,attack 1,false positive
business,log,6108,user6108,malicious,attack 1,true positive
business,trace,6108,user6108,malicious,attack 1,false positive
infrastructure,metric,5361,user5361,malicious,attack 2,false positive
infrastructure,log,5361,user5361,malicious,attack 2,false positive
infrastructure,trace,5361,user5361,malicious,attack 2,true positive
business,metric,5340,user5340,malicious,attack 1,false positive
business,log,5340,user5340,malicious,attack 1,true positive
business,trace,5340,user5340,malicious,attack 1,false positive
business,metric,7704,user7704,regular,no attack,false positive
business,log,7704,user7704,regular,no attack,false positive
business,trace,7704,user7704,regular,no attack,false positive
business,metric,5147,user5147,regular,no attack,false positive
business,log,5147,user5147,regular,no attack,false positive
business,trace,5147,user5147,regular,no attack,false positive
business,metric,1446,user1446,regular,no attack,false positive
business,log,1446,user1446,regular,no attack,false positive
business,trace,1446,user1446,regular,no attack,false positive
business,metric,7260,user7260,regular,no attack,false positive
business,log,7260,user7260,regular,no attack,false positive
business,trace,7260,user7260,regular,no attack,false positive
infrastructure,metric,2671,user2671,regular,no attack,false positive
infrastructure,log,2671,user2671,regular,no attack,false positive
infrastructure,trace,2671,user2671,regular,no attack,false positive
infrastructure,metric,7217,user7217,regular,no attack,false positive
infrastructure,log,7217,user7217,regular,no attack,false positive
infrastructure,trace,7217,user7217,regular,no attack,false positive
business,metric,4090,user4090,malicious,attack 1,false positive
business,log,4090,user4090,malicious,attack 1,true positive
business,trace,4090,user4090,malicious,attack 1,false positive
business,metric,1894,user1894,malicious,attack 2,false positive
business,log,1894,user1894,malicious,attack 2,false positive
business,trace,1894,user1894,malicious,attack 2,true positive
business,metric,2797,user2797,malicious,attack 1,false positive
business,log,2797,user2797,malicious,attack 1,true positive
business,trace,2797,user2797,malicious,attack 1,false positive
business,metric,2532,user2532,malicious,attack 1,false positive
business,log,2532,user2532,malicious,attack 1,true positive
business,trace,2532,user2532,malicious,attack 1,false positive
infrastructure,metric,4293,user4293,malicious,attack 1,false positive
infrastructure,log,4293,user4293,malicious,attack 1,true positive
infrastructure,trace,4293,user4293,malicious,attack 1,false positive
infrastructure,metric,3558,user3558,malicious,attack 1,false positive
infrastructure,log,3558,user3558,malicious,attack 1,true positive
infrastructure,trace,3558,user3558,malicious,attack 1,false positive
business,metric,3328,user3328,regular,no attack,false positive
business,log,3328,user3328,regular,no attack,false positive
business,trace,3328,user3328,regular,no attack,false positive
business,metric,2628,user2628,malicious,attack 1,false positive
business,log,2628,user2628,malicious,attack 1,true positive
business,trace,2628,user2628,malicious,attack 1,false positive
business,metric,835,user835,regular,no attack,false positive
business,log,835,user835,regular,no attack,false positive
business,trace,835,user835,regular,no attack,false positive
infrastructure,metric,7047,user7047,malicious,attack 2,false positive
infrastructure,log,7047,user7047,malicious,attack 2,false positive
infrastructure,trace,7047,user7047,malicious,attack 2,true positive
infrastructure,metric,7257,user7257,regular,no attack,false positive
infrastructure,log,7257,user7257,regular,no attack,false positive
infrastructure,trace,7257,user7257,regular,no attack,false positive
business,metric,9041,user9041,regular,no attack,false positive
business,log,9041,user9041,regular,no attack,false positive
business,trace,9041,user9041,regular,no attack,false positive
business,metric,3775,user3775,regular,no attack,false positive
business,log,3775,user3775,regular,no attack,false positive
business,trace,3775,user3775,regular,no attack,false positive
infrastructure,metric,9013,user9013,regular,no attack,false positive
infrastructure,log,9013,user9013,regular,no attack,false positive
infrastructure,trace,9013,user9013,regular,no attack,false positive
business,metric,5269,user5269,malicious,attack 1,false positive
business,log,5269,user5269,malicious,attack 1,true positive
business,trace,5269,user5269,malicious,attack 1,false positive
infrastructure,metric,104,user104,malicious,attack 2,false positive
infrastructure,log,104,user104,malicious,attack 2,false positive
infrastructure,trace,104,user104,malicious,attack 2,true positive
business,metric,5612,user5612,malicious,attack 1,false positive
business,log,5612,user5612,malicious,attack 1,true positive
business,trace,5612,user5612,malicious,attack 1,false positive
business,metric,2470,user2470,malicious,attack 1,false positive
business,log,2470,user2470,malicious,attack 1,true positive
business,trace,2470,user2470,malicious,attack 1,false positive
infrastructure,metric,9276,user9276,regular,no attack,false positive
infrastructure,log,9276,user9276,regular,no attack,false positive
infrastructure,trace,9276,user9276,regular,no attack,false positive
infrastructure,metric,8336,user8336,regular,no attack,false positive
infrastructure,log,8336,user8336,regular,no attack,false positive
infrastructure,trace,8336,user8336,regular,no attack,false positive
business,metric,2670,user2670,malicious,attack 2,false positive
business,log,2670,user2670,malicious,attack 2,false positive
business,trace,2670,user2670,malicious,attack 2,true positive
infrastructure,metric,3394,user3394,malicious,attack 2,false positive
infrastructure,log,3394,user3394,malicious,attack 2,false positive
infrastructure,trace,3394,user3394,malicious,attack 2,true positive
infrastructure,metric,8462,user8462,malicious,attack 1,false positive
infrastructure,log,8462,user8462,malicious,attack 1,true positive
infrastructure,trace,8462,user8462,malicious,attack 1,false positive
business,metric,1035,user1035,malicious,attack 2,false positive
business,log,1035,user1035,malicious,attack 2,false positive
business,trace,1035,user1035,malicious,attack 2,true positive
infrastructure,metric,4575,user4575,regular,no attack,false positive
infrastructure,log,4575,user4575,regular,no attack,false positive
infrastructure,trace,4575,user4575,regular,no attack,false positive
infrastructure,metric,5429,user5429,malicious,attack 1,false positive
infrastructure,log,5429,user5429,malicious,attack 1,true positive
infrastructure,trace,5429,user5429,malicious,attack 1,false positive
business,metric,5857,user5857,malicious,attack 1,false positive
business,log,5857,user5857,malicious,attack 1,true positive
business,trace,5857,user5857,malicious,attack 1,false positive
infrastructure,metric,7705,user7705,malicious,attack 1,false positive
infrastructure,log,7705,user7705,malicious,attack 1,true positive
infrastructure,trace,7705,user7705,malicious,attack 1,false positive
infrastructure,metric,5894,user5894,malicious,attack 1,false positive
infrastructure,log,5894,user5894,malicious,attack 1,true positive
infrastructure,trace,5894,user5894,malicious,attack 1,false positive
business,metric,3813,user3813,malicious,attack 1,false positive
business,log,3813,user3813,malicious,attack 1,true positive
business,trace,3813,user3813,malicious,attack 1,false positive
infrastructure,metric,1347,user1347,malicious,attack 2,false positive
infrastructure,log,1347,user1347,malicious,attack 2,false positive
infrastructure,trace,1347,user1347,malicious,attack 2,true positive
infrastructure,metric,5269,user5269,malicious,attack 2,false positive
infrastructure,log,5269,user5269,malicious,attack 2,false positive
infrastructure,trace,5269,user5269,malicious,attack 2,true positive
infrastructure,metric,6603,user6603,malicious,attack 1,false positive
infrastructure,log,6603,user6603,malicious,attack 1,true positive
infrastructure,trace,6603,user6603,malicious,attack 1,false positive
infrastructure,metric,8750,user8750,regular,no attack,false positive
infrastructure,log,8750,user8750,regular,no attack,false positive
infrastructure,trace,8750,user8750,regular,no attack,false positive
infrastructure,metric,4742,user4742,regular,no attack,false positive
infrastructure,log,4742,user4742,regular,no attack,false positive
infrastructure,trace,4742,user4742,regular,no attack,false positive
business,metric,7284,user7284,malicious,attack 2,false positive
business,log,7284,user7284,malicious,attack 2,false positive
business,trace,7284,user7284,malicious,attack 2,true positive
infrastructure,metric,8984,user8984,malicious,attack 1,false positive
infrastructure,log,8984,user8984,malicious,attack 1,true positive
infrastructure,trace,8984,user8984,malicious,attack 1,false positive
business,metric,5731,user5731,malicious,attack 1,false positive
business,log,5731,user5731,malicious,attack 1,true positive
business,trace,5731,user5731,malicious,attack 1,false positive
business,metric,8461,user8461,malicious,attack 2,false positive
business,log,8461,user8461,malicious,attack 2,false positive
business,trace,8461,user8461,malicious,attack 2,true positive
infrastructure,metric,4963,user4963,malicious,attack 2,false positive
infrastructure,log,4963,user4963,malicious,attack 2,false positive
infrastructure,trace,4963,user4963,malicious,attack 2,true positive
business,metric,1511,user1511,malicious,attack 2,false positive
business,log,1511,user1511,malicious,attack 2,false positive
business,trace,1511,user1511,malicious,attack 2,true positive
infrastructure,metric,3754,user3754,malicious,attack 1,false positive
infrastructure,log,3754,user3754,malicious,attack 1,true positive
infrastructure,trace,3754,user3754,malicious,attack 1,false positive
infrastructure,metric,5121,user5121,malicious,attack 1,false positive
infrastructure,log,5121,user5121,malicious,attack 1,true positive
infrastructure,trace,5121,user5121,malicious,attack 1,false positive
business,metric,8908,user8908,regular,no attack,false positive
business,log,8908,user8908,regular,no attack,false positive
business,trace,8908,user8908,regular,no attack,false positive
infrastructure,metric,2152,user2152,malicious,attack 2,false positive
infrastructure,log,2152,user2152,malicious,attack 2,false positive
infrastructure,trace,2152,user2152,malicious,attack 2,true positive
infrastructure,metric,4393,user4393,malicious,attack 1,false positive
infrastructure,log,4393,user4393,malicious,attack 1,true positive
infrastructure,trace,4393,user4393,malicious,attack 1,false positive
infrastructure,metric,9809,user9809,malicious,attack 2,false positive
infrastructure,log,9809,user9809,malicious,attack 2,false positive
infrastructure,trace,9809,user9809,malicious,attack 2,true positive
business,metric,6754,user6754,malicious,attack 2,false positive
business,log,6754,user6754,malicious,attack 2,false positive
business,trace,6754,user6754,malicious,attack 2,true positive
business,metric,3426,user3426,malicious,attack 1,false positive
business,log,3426,user3426,malicious,attack 1,true positive
business,trace,3426,user3426,malicious,attack 1,false positive
business,metric,3451,user3451,malicious,attack 2,false positive
business,log,3451,user3451,malicious,attack 2,false positive
business,trace,3451,user3451,malicious,attack 2,true positive
business,metric,3253,user3253,malicious,attack 2,false positive
business,log,3253,user3253,malicious,attack 2,false positive
business,trace,3253,user3253,malicious,attack 2,true positive
infrastructure,metric,2668,user2668,malicious,attack 1,false positive
infrastructure,log,2668,user2668,malicious,attack 1,true positive
infrastructure,trace,2668,user2668,malicious,attack 1,false positive
business,metric,8554,user8554,regular,no attack,false positive
business,log,8554,user8554,regular,no attack,false positive
business,trace,8554,user8554,regular,no attack,false positive
infrastructure,metric,4996,user4996,regular,no attack,false positive
infrastructure,log,4996,user4996,regular,no attack,false positive
infrastructure,trace,4996,user4996,regular,no attack,false positive
business,metric,5632,user5632,regular,no attack,false positive
business,log,5632,user5632,regular,no attack,false positive
business,trace,5632,user5632,regular,no attack,false positive
infrastructure,metric,6553,user6553,regular,no attack,false positive
infrastructure,log,6553,user6553,regular,no attack,false positive
infrastructure,trace,6553,user6553,regular,no attack,false positive
business,metric,7515,user7515,regular,no attack,false positive
business,log,7515,user7515,regular,no attack,false positive
business,trace,7515,user7515,regular,no attack,false positive
infrastructure,metric,7354,user7354,malicious,attack 1,false positive
infrastructure,log,7354,user7354,malicious,attack 1,true positive
infrastructure,trace,7354,user7354,malicious,attack 1,false positive
business,metric,4293,user4293,malicious,attack 2,false positive
business,log,4293,user4293,malicious,attack 2,false positive
business,trace,4293,user4293,malicious,attack 2,true positive
business,metric,1111,user1111,malicious,attack 1,false positive
business,log,1111,user1111,malicious,attack 1,true positive
business,trace,1111,user1111,malicious,attack 1,false positive
infrastructure,metric,4798,user4798,malicious,attack 2,false positive
infrastructure,log,4798,user4798,malicious,attack 2,false positive
infrastructure,trace,4798,user4798,malicious,attack 2,true positive
infrastructure,metric,2181,user2181,malicious,attack 2,false positive
infrastructure,log,2181,user2181,malicious,attack 2,false positive
infrastructure,trace,2181,user2181,malicious,attack 2,true positive
business,metric,7222,user7222,regular,no attack,false positive
business,log,7222,user7222,regular,no attack,false positive
business,trace,7222,user7222,regular,no attack,false positive
infrastructure,metric,475,user475,malicious,attack 1,false positive
infrastructure,log,475,user475,malicious,attack 1,true positive
infrastructure,trace,475,user475,malicious,attack 1,false positive
business,metric,2888,user2888,malicious,attack 2,false positive
business,log,2888,user2888,malicious,attack 2,false positive
business,trace,2888,user2888,malicious,attack 2,true positive
infrastructure,metric,6290,user6290,malicious,attack 1,false positive
infrastructure,log,6290,user6290,malicious,attack 1,true positive
infrastructure,trace,6290,user6290,malicious,attack 1,false positive
business,metric,8635,user8635,malicious,attack 1,false positive
business,log,8635,user8635,malicious,attack 1,true positive
business,trace,8635,user8635,malicious,attack 1,false positive
business,metric,3918,user3918,malicious,attack 1,false positive
business,log,3918,user3918,malicious,attack 1,true positive
business,trace,3918,user3918,malicious,attack 1,false positive
business,metric,3725,user3725,malicious,attack 1,false positive
business,log,3725,user3725,malicious,attack 1,true positive
business,trace,3725,user3725,malicious,attack 1,false positive
business,metric,9395,user9395,malicious,attack 2,false positive
business,log,9395,user9395,malicious,attack 2,false positive
business,trace,9395,user9395,malicious,attack 2,true positive
business,metric,5458,user5458,regular,no attack,false positive
business,log,5458,user5458,regular,no attack,false positive
business,trace,5458,user5458,regular,no attack,false positive
infrastructure,metric,9914,user9914,malicious,attack 1,false positive
infrastructure,log,9914,user9914,malicious,attack 1,true positive
infrastructure,trace,9914,user9914,malicious,attack 1,false positive
business,metric,5458,user5458,regular,no attack,false positive
business,log,5458,user5458,regular,no attack,false positive
business,trace,5458,user5458,regular,no attack,false positive
infrastructure,metric,451,user451,malicious,attack 1,false positive
infrastructure,log,451,user451,malicious,attack 1,true positive
infrastructure,trace,451,user451,malicious,attack 1,false positive
infrastructure,metric,1359,user1359,malicious,attack 2,false positive
infrastructure,log,1359,user1359,malicious,attack 2,false positive
infrastructure,trace,1359,user1359,malicious,attack 2,true positive
infrastructure,metric,9293,user9293,malicious,attack 1,false positive
infrastructure,log,9293,user9293,malicious,attack 1,true positive
infrastructure,trace,9293,user9293,malicious,attack 1,false positive
business,metric,8716,user8716,malicious,attack 1,false positive
business,log,8716,user8716,malicious,attack 1,true positive
business,trace,8716,user8716,malicious,attack 1,false positive
infrastructure,metric,7993,user7993,regular,no attack,false positive
infrastructure,log,7993,user7993,regular,no attack,false positive
infrastructure,trace,7993,user7993,regular,no attack,false positive
business,metric,3057,user3057,regular,no attack,false positive
business,log,3057,user3057,regular,no attack,false positive
business,trace,3057,user3057,regular,no attack,false positive
infrastructure,metric,9983,user9983,malicious,attack 2,false positive
infrastructure,log,9983,user9983,malicious,attack 2,false positive
infrastructure,trace,9983,user9983,malicious,attack 2,true positive
infrastructure,metric,558,user558,regular,no attack,false positive
infrastructure,log,558,user558,regular,no attack,false positive
infrastructure,trace,558,user558,regular,no attack,false positive
business,metric,1019,user1019,malicious,attack 1,false positive
business,log,1019,user1019,malicious,attack 1,true positive
business,trace,1019,user1019,malicious,attack 1,false positive
business,metric,1501,user1501,regular,no attack,false positive
business,log,1501,user1501,regular,no attack,false positive
business,trace,1501,user1501,regular,no attack,false positive
infrastructure,metric,4605,user4605,regular,no attack,false positive
infrastructure,log,4605,user4605,regular,no attack,false positive
infrastructure,trace,4605,user4605,regular,no attack,false positive
infrastructure,metric,6642,user6642,regular,no attack,false positive
infrastructure,log,6642,user6642,regular,no attack,false positive
infrastructure,trace,6642,user6642,regular,no attack,false positive
infrastructure,metric,3252,user3252,malicious,attack 2,false positive
infrastructure,log,3252,user3252,malicious,attack 2,false positive
infrastructure,trace,3252,user3252,malicious,attack 2,true positive
infrastructure,metric,3334,user3334,malicious,attack 2,false positive
infrastructure,log,3334,user3334,malicious,attack 2,false positive
infrastructure,trace,3334,user3334,malicious,attack 2,true positive
infrastructure,metric,7140,user7140,malicious,attack 1,false positive
infrastructure,log,7140,user7140,malicious,attack 1,true positive
infrastructure,trace,7140,user7140,malicious,attack 1,false positive
business,metric,2132,user2132,regular,no attack,false positive
business,log,2132,user2132,regular,no attack,false positive
business,trace,2132,user2132,regular,no attack,false positive
business,metric,4527,user4527,malicious,attack 2,false positive
business,log,4527,user4527,malicious,attack 2,false positive
business,trace,4527,user4527,malicious,attack 2,true positive
business,metric,2933,user2933,malicious,attack 2,false positive
business,log,2933,user2933,malicious,attack 2,false positive
business,trace,2933,user2933,malicious,attack 2,true positive
business,metric,2483,user2483,regular,no attack,false positive
business,log,2483,user2483,regular,no attack,false positive
business,trace,2483,user2483,regular,no attack,false positive
business,metric,4645,user4645,regular,no attack,false positive
business,log,4645,user4645,regular,no attack,false positive
business,trace,4645,user4645,regular,no attack,false positive
business,metric,5049,user5049,malicious,attack 2,false positive
business,log,5049,user5049,malicious,attack 2,false positive
business,trace,5049,user5049,malicious,attack 2,true positive
infrastructure,metric,3534,user3534,regular,no attack,false positive
infrastructure,log,3534,user3534,regular,no attack,false positive
infrastructure,trace,3534,user3534,regular,no attack,false positive
infrastructure,metric,1780,user1780,regular,no attack,false positive
infrastructure,log,1780,user1780,regular,no attack,false positive
infrastructure,trace,1780,user1780,regular,no attack,false positive
infrastructure,metric,6498,user6498,malicious,attack 2,false positive
infrastructure,log,6498,user6498,malicious,attack 2,false positive
infrastructure,trace,6498,user6498,malicious,attack 2,true positive
infrastructure,metric,3606,user3606,malicious,attack 2,false positive
infrastructure,log,3606,user3606,malicious,attack 2,false positive
infrastructure,trace,3606,user3606,malicious,attack 2,true positive
infrastructure,metric,9117,user9117,malicious,attack 1,false positive
infrastructure,log,9117,user9117,malicious,attack 1,true positive
infrastructure,trace,9117,user9117,malicious,attack 1,false positive
infrastructure,metric,1874,user1874,regular,no attack,false positive
infrastructure,log,1874,user1874,regular,no attack,false positive
infrastructure,trace,1874,user1874,regular,no attack,false positive
business,metric,2426,user2426,regular,no attack,false positive
business,log,2426,user2426,regular,no attack,false positive
business,trace,2426,user2426,regular,no attack,false positive
business,metric,1737,user1737,regular,no attack,false positive
business,log,1737,user1737,regular,no attack,false positive
business,trace,1737,user1737,regular,no attack,false positive
business,metric,2867,user2867,malicious,attack 1,false positive
business,log,2867,user2867,malicious,attack 1,true positive
business,trace,2867,user2867,malicious,attack 1,false positive
infrastructure,metric,9225,user9225,malicious,attack 2,false positive
infrastructure,log,9225,user9225,malicious,attack 2,false positive
infrastructure,trace,9225,user9225,malicious,attack 2,true positive
business,metric,5678,user5678,regular,no attack,false positive
business,log,5678,user5678,regular,no attack,false positive
business,trace,5678,user5678,regular,no attack,false positive
business,metric,5389,user5389,malicious,attack 2,false positive
business,log,5389,user5389,malicious,attack 2,false positive
business,trace,5389,user5389,malicious,attack 2,true positive
infrastructure,metric,3194,user3194,malicious,attack 2,false positive
infrastructure,log,3194,user3194,malicious,attack 2,false positive
infrastructure,trace,3194,user3194,malicious,attack 2,true positive
business,metric,7639,user7639,malicious,attack 1,false positive
business,log,7639,user7639,malicious,attack 1,true positive
business,trace,7639,user7639,malicious,attack 1,false positive
business,metric,6465,user6465,malicious,attack 2,false positive
business,log,6465,user6465,malicious,attack 2,false positive
business,trace,6465,user6465,malicious,attack 2,true positive
business,metric,7042,user7042,malicious,attack 2,false positive
business,log,7042,user7042,malicious,attack 2,false positive
business,trace,7042,user7042,malicious,attack 2,true positive
business,metric,8397,user8397,malicious,attack 2,false positive
business,log,8397,user8397,malicious,attack 2,false positive
business,trace,8397,user8397,malicious,attack 2,true positive
infrastructure,metric,1005,user1005,malicious,attack 1,false positive
infrastructure,log,1005,user1005,malicious,attack 1,true positive
infrastructure,trace,1005,user1005,malicious,attack 1,false positive
business,metric,9470,user9470,regular,no attack,false positive
business,log,9470,user9470,regular,no attack,false positive
business,trace,9470,user9470,regular,no attack,false positive
infrastructure,metric,7465,user7465,malicious,attack 2,false positive
infrastructure,log,7465,user7465,malicious,attack 2,false positive
infrastructure,trace,7465,user7465,malicious,attack 2,true positive
business,metric,5742,user5742,malicious,attack 1,false positive
business,log,5742,user5742,malicious,attack 1,true positive
business,trace,5742,user5742,malicious,attack 1,false positive
infrastructure,metric,3762,user3762,malicious,attack 1,false positive
infrastructure,log,3762,user3762,malicious,attack 1,true positive
infrastructure,trace,3762,user3762,malicious,attack 1,false positive
infrastructure,metric,4654,user4654,malicious,attack 1,false positive
infrastructure,log,4654,user4654,malicious,attack 1,true positive
infrastructure,trace,4654,user4654,malicious,attack 1,false positive
infrastructure,metric,6415,user6415,regular,no attack,false positive
infrastructure,log,6415,user6415,regular,no attack,false positive
infrastructure,trace,6415,user6415,regular,no attack,false positive
business,metric,7777,user7777,malicious,attack 2,false positive
business,log,7777,user7777,malicious,attack 2,false positive
business,trace,7777,user7777,malicious,attack 2,true positive
business,metric,2029,user2029,malicious,attack 2,false positive
business,log,2029,user2029,malicious,attack 2,false positive
business,trace,2029,user2029,malicious,attack 2,true positive
business,metric,5290,user5290,malicious,attack 2,false positive
business,log,5290,user5290,malicious,attack 2,false positive
business,trace,5290,user5290,malicious,attack 2,true positive
infrastructure,metric,5264,user5264,malicious,attack 2,false positive
infrastructure,log,5264,user5264,malicious,attack 2,false positive
infrastructure,trace,5264,user5264,malicious,attack 2,true positive
business,metric,5415,user5415,malicious,attack 1,false positive
business,log,5415,user5415,malicious,attack 1,true positive
business,trace,5415,user5415,malicious,attack 1,false positive
business,metric,270,user270,malicious,attack 2,false positive
business,log,270,user270,malicious,attack 2,false positive
business,trace,270,user270,malicious,attack 2,true positive
infrastructure,metric,3913,user3913,regular,no attack,false positive
infrastructure,log,3913,user3913,regular,no attack,false positive
infrastructure,trace,3913,user3913,regular,no attack,false positive
infrastructure,metric,9008,user9008,regular,no attack,false positive
infrastructure,log,9008,user9008,regular,no attack,false positive
infrastructure,trace,9008,user9008,regular,no attack,false positive
business,metric,7916,user7916,malicious,attack 2,false positive
business,log,7916,user7916,malicious,attack 2,false positive
business,trace,7916,user7916,malicious,attack 2,true positive
infrastructure,metric,7999,user7999,malicious,attack 2,false positive
infrastructure,log,7999,user7999,malicious,attack 2,false positive
infrastructure,trace,7999,user7999,malicious,attack 2,true positive
business,metric,5640,user5640,malicious,attack 2,false positive
business,log,5640,user5640,malicious,attack 2,false positive
business,trace,5640,user5640,malicious,attack 2,true positive
business,metric,6995,user6995,malicious,attack 1,false positive
business,log,6995,user6995,malicious,attack 1,true positive
business,trace,6995,user6995,malicious,attack 1,false positive
infrastructure,metric,3506,user3506,malicious,attack 2,false positive
infrastructure,log,3506,user3506,malicious,attack 2,false positive
infrastructure,trace,3506,user3506,malicious,attack 2,true positive
business,metric,4910,user4910,malicious,attack 2,false positive
business,log,4910,user4910,malicious,attack 2,false positive
business,trace,4910,user4910,malicious,attack 2,true positive
infrastructure,metric,2,user2,regular,no attack,false positive
infrastructure,log,2,user2,regular,no attack,false positive
infrastructure,trace,2,user2,regular,no attack,false positive
business,metric,1220,user1220,malicious,attack 1,false positive
business,log,1220,user1220,malicious,attack 1,true positive
business,trace,1220,user1220,malicious,attack 1,false positive
infrastructure,metric,6211,user6211,malicious,attack 2,false positive
infrastructure,log,6211,user6211,malicious,attack 2,false positive
infrastructure,trace,6211,user6211,malicious,attack 2,true positive
business,metric,3467,user3467,regular,no attack,false positive
business,log,3467,user3467,regular,no attack,false positive
business,trace,3467,user3467,regular,no attack,false positive
infrastructure,metric,3417,user3417,malicious,attack 2,false positive
infrastructure,log,3417,user3417,malicious,attack 2,false positive
infrastructure,trace,3417,user3417,malicious,attack 2,true positive
business,metric,9383,user9383,malicious,attack 2,false positive
business,log,9383,user9383,malicious,attack 2,false positive
business,trace,9383,user9383,malicious,attack 2,true positive
business,metric,3778,user3778,malicious,attack 1,false positive
business,log,3778,user3778,malicious,attack 1,true positive
business,trace,3778,user3778,malicious,attack 1,false positive
infrastructure,metric,7465,user7465,malicious,attack 1,false positive
infrastructure,log,7465,user7465,malicious,attack 1,true positive
infrastructure,trace,7465,user7465,malicious,attack 1,false positive
business,metric,775,user775,malicious,attack 2,false positive
business,log,775,user775,malicious,attack 2,false positive
business,trace,775,user775,malicious,attack 2,true positive
business,metric,4064,user4064,malicious,attack 1,false positive
business,log,4064,user4064,malicious,attack 1,true positive
business,trace,4064,user4064,malicious,attack 1,false positive
business,metric,7024,user7024,regular,no attack,false positive
business,log,7024,user7024,regular,no attack,false positive
business,trace,7024,user7024,regular,no attack,false positive
business,metric,5843,user5843,malicious,attack 2,false positive
business,log,5843,user5843,malicious,attack 2,false positive
business,trace,5843,user5843,malicious,attack 2,true positive
business,metric,4018,user4018,malicious,attack 1,false positive
business,log,4018,user4018,malicious,attack 1,true positive
business,trace,4018,user4018,malicious,attack 1,false positive
business,metric,6376,user6376,regular,no attack,false positive
business,log,6376,user6376,regular,no attack,false positive
business,trace,6376,user6376,regular,no attack,false positive
infrastructure,metric,9849,user9849,malicious,attack 2,false positive
infrastructure,log,9849,user9849,malicious,attack 2,false positive
infrastructure,trace,9849,user9849,malicious,attack 2,true positive
business,metric,9302,user9302,regular,no attack,false positive
business,log,9302,user9302,regular,no attack,false positive
business,trace,9302,user9302,regular,no attack,false positive
business,metric,6637,user6637,regular,no attack,false positive
business,log,6637,user6637,regular,no attack,false positive
business,trace,6637,user6637,regular,no attack,false positive
business,metric,9257,user9257,malicious,attack 2,false positive
business,log,9257,user9257,malicious,attack 2,false positive
business,trace,9257,user9257,malicious,attack 2,true positive
business,metric,3643,user3643,regular,no attack,false positive
business,log,3643,user3643,regular,no attack,false positive
business,trace,3643,user3643,regular,no attack,false positive
business,metric,8795,user8795,malicious,attack 1,false positive
business,log,8795,user8795,malicious,attack 1,true positive
business,trace,8795,user8795,malicious,attack 1,false positive
business,metric,8154,user8154,malicious,attack 2,false positive
business,log,8154,user8154,malicious,attack 2,false positive
business,trace,8154,user8154,malicious,attack 2,true positive
infrastructure,metric,1238,user1238,malicious,attack 1,false positive
infrastructure,log,1238,user1238,malicious,attack 1,true positive
infrastructure,trace,1238,user1238,malicious,attack 1,false positive
infrastructure,metric,3188,user3188,malicious,attack 1,false positive
infrastructure,log,3188,user3188,malicious,attack 1,true positive
infrastructure,trace,3188,user3188,malicious,attack 1,false positive
business,metric,5303,user5303,regular,no attack,false positive
business,log,5303,user5303,regular,no attack,false positive
business,trace,5303,user5303,regular,no attack,false positive
infrastructure,metric,6237,user6237,malicious,attack 1,false positive
infrastructure,log,6237,user6237,malicious,attack 1,true positive
infrastructure,trace,6237,user6237,malicious,attack 1,false positive
business,metric,7345,user7345,malicious,attack 2,false positive
business,log,7345,user7345,malicious,attack 2,false positive
business,trace,7345,user7345,malicious,attack 2,true positive
business,metric,7536,user7536,malicious,attack 2,false positive
business,log,7536,user7536,malicious,attack 2,false positive
business,trace,7536,user7536,malicious,attack 2,true positive
infrastructure,metric,1152,user1152,regular,no attack,false positive
infrastructure,log,1152,user1152,regular,no attack,false positive
infrastructure,trace,1152,user1152,regular,no attack,false positive
infrastructure,metric,9922,user9922,regular,no attack,false positive
infrastructure,log,9922,user9922,regular,no attack,false positive
infrastructure,trace,9922,user9922,regular,no attack,false positive
business,metric,7825,user7825,regular,no attack,false positive
business,log,7825,user7825,regular,no attack,false positive
business,trace,7825,user7825,regular,no attack,false positive
business,metric,7868,user7868,malicious,attack 1,false positive
business,log,7868,user7868,malicious,attack 1,true positive
business,trace,7868,user7868,malicious,attack 1,false positive
infrastructure,metric,7889,user7889,malicious,attack 2,false positive
infrastructure,log,7889,user7889,malicious,attack 2,false positive
infrastructure,trace,7889,user7889,malicious,attack 2,true positive
infrastructure,metric,5593,user5593,regular,no attack,false positive
infrastructure,log,5593,user5593,regular,no attack,false positive
infrastructure,trace,5593,user5593,regular,no attack,false positive
business,metric,585,user585,malicious,attack 2,false positive
business,log,585,user585,malicious,attack 2,false positive
business,trace,585,user585,malicious,attack 2,true positive
business,metric,2719,user2719,regular,no attack,false positive
business,log,2719,user2719,regular,no attack,false positive
business,trace,2719,user2719,regular,no attack,false positive
business,metric,5886,user5886,malicious,attack 2,false positive
business,log,5886,user5886,malicious,attack 2,false positive
business,trace,5886,user5886,malicious,attack 2,true positive
business,metric,7097,user7097,malicious,attack 1,false positive
business,log,7097,user7097,malicious,attack 1,true positive
business,trace,7097,user7097,malicious,attack 1,false positive
infrastructure,metric,6609,user6609,malicious,attack 2,false positive
infrastructure,log,6609,user6609,malicious,attack 2,false positive
infrastructure,trace,6609,user6609,malicious,attack 2,true positive
business,metric,6946,user6946,malicious,attack 1,false positive
business,log,6946,user6946,malicious,attack 1,true positive
business,trace,6946,user6946,malicious,attack 1,false positive
infrastructure,metric,6140,user6140,malicious,attack 2,false positive
infrastructure,log,6140,user6140,malicious,attack 2,false positive
infrastructure,trace,6140,user6140,malicious,attack 2,true positive
infrastructure,metric,4796,user4796,malicious,attack 2,false positive
infrastructure,log,4796,user4796,malicious,attack 2,false positive
infrastructure,trace,4796,user4796,malicious,attack 2,true positive
business,metric,753,user753,malicious,attack 1,false positive
business,log,753,user753,malicious,attack 1,true positive
business,trace,753,user753,malicious,attack 1,false positive
infrastructure,metric,7314,user7314,malicious,attack 1,false positive
infrastructure,log,7314,user7314,malicious,attack 1,true positive
infrastructure,trace,7314,user7314,malicious,attack 1,false positive
infrastructure,metric,805,user805,malicious,attack 1,false positive
infrastructure,log,805,user805,malicious,attack 1,true positive
infrastructure,trace,805,user805,malicious,attack 1,false positive
infrastructure,metric,760,user760,malicious,attack 2,false positive
infrastructure,log,760,user760,malicious,attack 2,false positive
infrastructure,trace,760,user760,malicious,attack 2,true positive
infrastructure,metric,5814,user5814,regular,no attack,false positive
infrastructure,log,5814,user5814,regular,no attack,false positive
infrastructure,trace,5814,user5814,regular,no attack,false positive
business,metric,9363,user9363,regular,no attack,false positive
business,log,9363,user9363,regular,no attack,false positive
business,trace,9363,user9363,regular,no attack,false positive
business,metric,7494,user7494,malicious,attack 2,false positive
business,log,7494,user7494,malicious,attack 2,false positive
business,trace,7494,user7494,malicious,attack 2,true positive
business,metric,3184,user3184,regular,no attack,false positive
business,log,3184,user3184,regular,no attack,false positive
business,trace,3184,user3184,regular,no attack,false positive
business,metric,1156,user1156,malicious,attack 1,false positive
business,log,1156,user1156,malicious,attack 1,true positive
business,trace,1156,user1156,malicious,attack 1,false positive
business,metric,1933,user1933,malicious,attack 1,false positive
business,log,1933,user1933,malicious,attack 1,true positive
business,trace,1933,user1933,malicious,attack 1,false positive
business,metric,3409,user3409,regular,no attack,false positive
business,log,3409,user3409,regular,no attack,false positive
business,trace,3409,user3409,regular,no attack,false positive
infrastructure,metric,563,user563,regular,no attack,false positive
infrastructure,log,563,user563,regular,no attack,false positive
infrastructure,trace,563,user563,regular,no attack,false positive
infrastructure,metric,5615,user5615,malicious,attack 1,false positive
infrastructure,log,5615,user5615,malicious,attack 1,true positive
infrastructure,trace,5615,user5615,malicious,attack 1,false positive
infrastructure,metric,8305,user8305,malicious,attack 2,false positive
infrastructure,log,8305,user8305,malicious,attack 2,false positive
infrastructure,trace,8305,user8305,malicious,attack 2,true positive
infrastructure,metric,7665,user7665,malicious,attack 2,false positive
infrastructure,log,7665,user7665,malicious,attack 2,false positive
infrastructure,trace,7665,user7665,malicious,attack 2,true positive
infrastructure,metric,3323,user3323,malicious,attack 2,false positive
infrastructure,log,3323,user3323,malicious,attack 2,false positive
infrastructure,trace,3323,user3323,malicious,attack 2,true positive
infrastructure,metric,8497,user8497,malicious,attack 1,false positive
infrastructure,log,8497,user8497,malicious,attack 1,true positive
infrastructure,trace,8497,user8497,malicious,attack 1,false positive
infrastructure,metric,9282,user9282,malicious,attack 1,false positive
infrastructure,log,9282,user9282,malicious,attack 1,true positive
infrastructure,trace,9282,user9282,malicious,attack 1,false positive
business,metric,61,user61,regular,no attack,false positive
business,log,61,user61,regular,no attack,false positive
business,trace,61,user61,regular,no attack,false positive
infrastructure,metric,2661,user2661,malicious,attack 2,false positive
infrastructure,log,2661,user2661,malicious,attack 2,false positive
infrastructure,trace,2661,user2661,malicious,attack 2,true positive
business,metric,4397,user4397,malicious,attack 1,false positive
business,log,4397,user4397,malicious,attack 1,true positive
business,trace,4397,user4397,malicious,attack 1,false positive
infrastructure,metric,8697,user8697,regular,no attack,false positive
infrastructure,log,8697,user8697,regular,no attack,false positive
infrastructure,trace,8697,user8697,regular,no attack,false positive
infrastructure,metric,3605,user3605,malicious,attack 1,false positive
infrastructure,log,3605,user3605,malicious,attack 1,true positive
infrastructure,trace,3605,user3605,malicious,attack 1,false positive
infrastructure,metric,2439,user2439,malicious,attack 2,false positive
infrastructure,log,2439,user2439,malicious,attack 2,false positive
infrastructure,trace,2439,user2439,malicious,attack 2,true positive
business,metric,1018,user1018,malicious,attack 1,false positive
business,log,1018,user1018,malicious,attack 1,true positive
business,trace,1018,user1018,malicious,attack 1,false positive
infrastructure,metric,1804,user1804,regular,no attack,false positive
infrastructure,log,1804,user1804,regular,no attack,false positive
infrastructure,trace,1804,user1804,regular,no attack,false positive
business,metric,5459,user5459,malicious,attack 2,false positive
business,log,5459,user5459,malicious,attack 2,false positive
business,trace,5459,user5459,malicious,attack 2,true positive
business,metric,9776,user9776,regular,no attack,false positive
business,log,9776,user9776,regular,no attack,false positive
business,trace,9776,user9776,regular,no attack,false positive
business,metric,5309,user5309,malicious,attack 2,false positive
business,log,5309,user5309,malicious,attack 2,false positive
business,trace,5309,user5309,malicious,attack 2,true positive
business,metric,4178,user4178,malicious,attack 2,false positive
business,log,4178,user4178,malicious,attack 2,false positive
business,trace,4178,user4178,malicious,attack 2,true positive
infrastructure,metric,2165,user2165,regular,no attack,false positive
infrastructure,log,2165,user2165,regular,no attack,false positive
infrastructure,trace,2165,user2165,regular,no attack,false positive
business,metric,6291,user6291,malicious,attack 2,false positive
business,log,6291,user6291,malicious,attack 2,false positive
business,trace,6291,user6291,malicious,attack 2,true positive
business,metric,4575,user4575,regular,no attack,false positive
business,log,4575,user4575,regular,no attack,false positive
business,trace,4575,user4575,regular,no attack,false positive
business,metric,9484,user9484,malicious,attack 2,false positive
business,log,9484,user9484,malicious,attack 2,false positive
business,trace,9484,user9484,malicious,attack 2,true positive
infrastructure,metric,1552,user1552,malicious,attack 1,false positive
infrastructure,log,1552,user1552,malicious,attack 1,true positive
infrastructure,trace,1552,user1552,malicious,attack 1,false positive
business,metric,2884,user2884,malicious,attack 2,false positive
business,log,2884,user2884,malicious,attack 2,false positive
business,trace,2884,user2884,malicious,attack 2,true positive
business,metric,8838,user8838,regular,no attack,false positive
business,log,8838,user8838,regular,no attack,false positive
business,trace,8838,user8838,regular,no attack,false positive
infrastructure,metric,8983,user8983,malicious,attack 1,false positive
infrastructure,log,8983,user8983,malicious,attack 1,true positive
infrastructure,trace,8983,user8983,malicious,attack 1,false positive
infrastructure,metric,9941,user9941,regular,no attack,false positive
infrastructure,log,9941,user9941,regular,no attack,false positive
infrastructure,trace,9941,user9941,regular,no attack,false positive
infrastructure,metric,1596,user1596,malicious,attack 2,false positive
infrastructure,log,1596,user1596,malicious,attack 2,false positive
infrastructure,trace,1596,user1596,malicious,attack 2,true positive
infrastructure,metric,1819,user1819,regular,no attack,false positive
infrastructure,log,1819,user1819,regular,no attack,false positive
infrastructure,trace,1819,user1819,regular,no attack,false positive
infrastructure,metric,6521,user6521,malicious,attack 1,false positive
infrastructure,log,6521,user6521,malicious,attack 1,true positive
infrastructure,trace,6521,user6521,malicious,attack 1,false positive
business,metric,2457,user2457,regular,no attack,false positive
business,log,2457,user2457,regular,no attack,false positive
business,trace,2457,user2457,regular,no attack,false positive
business,metric,9842,user9842,malicious,attack 1,false positive
business,log,9842,user9842,malicious,attack 1,true positive
business,trace,9842,user9842,malicious,attack 1,false positive
infrastructure,metric,1117,user1117,malicious,attack 2,false positive
infrastructure,log,1117,user1117,malicious,attack 2,false positive
infrastructure,trace,1117,user1117,malicious,attack 2,true positive
infrastructure,metric,808,user808,malicious,attack 1,false positive
infrastructure,log,808,user808,malicious,attack 1,true positive
infrastructure,trace,808,user808,malicious,attack 1,false positive
business,metric,8520,user8520,regular,no attack,false positive
business,log,8520,user8520,regular,no attack,false positive
business,trace,8520,user8520,regular,no attack,false positive
infrastructure,metric,5589,user5589,malicious,attack 2,false positive
infrastructure,log,5589,user5589,malicious,attack 2,false positive
infrastructure,trace,5589,user5589,malicious,attack 2,true positive
infrastructure,metric,9824,user9824,regular,no attack,false positive
infrastructure,log,9824,user9824,regular,no attack,false positive
infrastructure,trace,9824,user9824,regular,no attack,false positive
infrastructure,metric,1205,user1205,malicious,attack 1,false positive
infrastructure,log,1205,user1205,malicious,attack 1,true positive
infrastructure,trace,1205,user1205,malicious,attack 1,false positive
business,metric,8092,user8092,regular,no attack,false positive
business,log,8092,user8092,regular,no attack,false positive
business,trace,8092,user8092,regular,no attack,false positive
business,metric,6458,user6458,malicious,attack 1,false positive
business,log,6458,user6458,malicious,attack 1,true positive
business,trace,6458,user6458,malicious,attack 1,false positive
infrastructure,metric,5907,user5907,regular,no attack,false positive
infrastructure,log,5907,user5907,regular,no attack,false positive
infrastructure,trace,5907,user5907,regular,no attack,false positive
business,metric,3992,user3992,regular,no attack,false positive
business,log,3992,user3992,regular,no attack,false positive
business,trace,3992,user3992,regular,no attack,false positive
business,metric,4198,user4198,regular,no attack,false positive
business,log,4198,user4198,regular,no attack,false positive
business,trace,4198,user4198,regular,no attack,false positive
infrastructure,metric,2519,user2519,regular,no attack,false positive
infrastructure,log,2519,user2519,regular,no attack,false positive
infrastructure,trace,2519,user2519,regular,no attack,false positive
infrastructure,metric,284,user284,malicious,attack 1,false positive
infrastructure,log,284,user284,malicious,attack 1,true positive
infrastructure,trace,284,user284,malicious,attack 1,false positive
business,metric,1380,user1380,malicious,attack 2,false positive
business,log,1380,user1380,malicious,attack 2,false positive
business,trace,1380,user1380,malicious,attack 2,true positive
infrastructure,metric,9549,user9549,malicious,attack 1,false positive
infrastructure,log,9549,user9549,malicious,attack 1,true positive
infrastructure,trace,9549,user9549,malicious,attack 1,false positive
infrastructure,metric,2460,user2460,regular,no attack,false positive
infrastructure,log,2460,user2460,regular,no attack,false positive
infrastructure,trace,2460,user2460,regular,no attack,false positive
infrastructure,metric,8965,user8965,regular,no attack,false positive
infrastructure,log,8965,user8965,regular,no attack,false positive
infrastructure,trace,8965,user8965,regular,no attack,false positive
infrastructure,metric,8605,user8605,regular,no attack,false positive
infrastructure,log,8605,user8605,regular,no attack,false positive
infrastructure,trace,8605,user8605,regular,no attack,false positive
business,metric,3941,user3941,malicious,attack 1,false positive
business,log,3941,user3941,malicious,attack 1,true positive
business,trace,3941,user3941,malicious,attack 1,false positive
infrastructure,metric,6032,user6032,malicious,attack 2,false positive
infrastructure,log,6032,user6032,malicious,attack 2,false positive
infrastructure,trace,6032,user6032,malicious,attack 2,true positive
business,metric,3522,user3522,malicious,attack 1,false positive
business,log,3522,user3522,malicious,attack 1,true positive
business,trace,3522,user3522,malicious,attack 1,false positive
infrastructure,metric,2377,user2377,regular,no attack,false positive
infrastructure,log,2377,user2377,regular,no attack,false positive
infrastructure,trace,2377,user2377,regular,no attack,false positive
infrastructure,metric,5270,user5270,malicious,attack 2,false positive
infrastructure,log,5270,user5270,malicious,attack 2,false positive
infrastructure,trace,5270,user5270,malicious,attack 2,true positive
business,metric,6011,user6011,regular,no attack,false positive
business,log,6011,user6011,regular,no attack,false positive
business,trace,6011,user6011,regular,no attack,false positive
infrastructure,metric,6507,user6507,malicious,attack 1,false positive
infrastructure,log,6507,user6507,malicious,attack 1,true positive
infrastructure,trace,6507,user6507,malicious,attack 1,false positive
business,metric,7485,user7485,malicious,attack 1,false positive
business,log,7485,user7485,malicious,attack 1,true positive
business,trace,7485,user7485,malicious,attack 1,false positive
infrastructure,metric,1224,user1224,malicious,attack 1,false positive
infrastructure,log,1224,user1224,malicious,attack 1,true positive
infrastructure,trace,1224,user1224,malicious,attack 1,false positive
infrastructure,metric,9009,user9009,regular,no attack,false positive
infrastructure,log,9009,user9009,regular,no attack,false positive
infrastructure,trace,9009,user9009,regular,no attack,false positive
infrastructure,metric,5860,user5860,malicious,attack 2,false positive
infrastructure,log,5860,user5860,malicious,attack 2,false positive
infrastructure,trace,5860,user5860,malicious,attack 2,true positive
infrastructure,metric,9810,user9810,malicious,attack 2,false positive
infrastructure,log,9810,user9810,malicious,attack 2,false positive
infrastructure,trace,9810,user9810,malicious,attack 2,true positive
infrastructure,metric,5371,user5371,malicious,attack 1,false positive
infrastructure,log,5371,user5371,malicious,attack 1,true positive
infrastructure,trace,5371,user5371,malicious,attack 1,false positive
infrastructure,metric,1261,user1261,malicious,attack 2,false positive
infrastructure,log,1261,user1261,malicious,attack 2,false positive
infrastructure,trace,1261,user1261,malicious,attack 2,true positive
business,metric,7711,user7711,malicious,attack 2,false positive
business,log,7711,user7711,malicious,attack 2,false positive
business,trace,7711,user7711,malicious,attack 2,true positive
business,metric,672,user672,regular,no attack,false positive
business,log,672,user672,regular,no attack,false positive
business,trace,672,user672,regular,no attack,false positive
infrastructure,metric,4414,user4414,regular,no attack,false positive
infrastructure,log,4414,user4414,regular,no attack,false positive
infrastructure,trace,4414,user4414,regular,no attack,false positive
infrastructure,metric,2174,user2174,malicious,attack 1,false positive
infrastructure,log,2174,user2174,malicious,attack 1,true positive
infrastructure,trace,2174,user2174,malicious,attack 1,false positive
infrastructure,metric,8776,user8776,malicious,attack 1,false positive
infrastructure,log,8776,user8776,malicious,attack 1,true positive
infrastructure,trace,8776,user8776,malicious,attack 1,false positive
business,metric,1761,user1761,regular,no attack,false positive
business,log,1761,user1761,regular,no attack,false positive
business,trace,1761,user1761,regular,no attack,false positive
infrastructure,metric,314,user314,malicious,attack 2,false positive
infrastructure,log,314,user314,malicious,attack 2,false positive
infrastructure,trace,314,user314,malicious,attack 2,true positive
infrastructure,metric,2254,user2254,malicious,attack 1,false positive
infrastructure,log,2254,user2254,malicious,attack 1,true positive
infrastructure,trace,2254,user2254,malicious,attack 1,false positive
business,metric,5137,user5137,regular,no attack,false positive
business,log,5137,user5137,regular,no attack,false positive
business,trace,5137,user5137,regular,no attack,false positive
infrastructure,metric,4316,user4316,regular,no attack,false positive
infrastructure,log,4316,user4316,regular,no attack,false positive
infrastructure,trace,4316,user4316,regular,no attack,false positive
business,metric,1920,user1920,malicious,attack 1,false positive
business,log,1920,user1920,malicious,attack 1,true positive
business,trace,1920,user1920,malicious,attack 1,false positive
infrastructure,metric,2216,user2216,malicious,attack 1,false positive
infrastructure,log,2216,user2216,malicious,attack 1,true positive
infrastructure,trace,2216,user2216,malicious,attack 1,false positive
business,metric,3611,user3611,regular,no attack,false positive
business,log,3611,user3611,regular,no attack,false positive
business,trace,3611,user3611,regular,no attack,false positive
infrastructure,metric,8642,user8642,malicious,attack 2,false positive
infrastructure,log,8642,user8642,malicious,attack 2,false positive
infrastructure,trace,8642,user8642,malicious,attack 2,true positive
infrastructure,metric,5629,user5629,regular,no attack,false positive
infrastructure,log,5629,user5629,regular,no attack,false positive
infrastructure,trace,5629,user5629,regular,no attack,false positive
infrastructure,metric,7111,user7111,malicious,attack 2,false positive
infrastructure,log,7111,user7111,malicious,attack 2,false positive
infrastructure,trace,7111,user7111,malicious,attack 2,true positive
business,metric,6956,user6956,malicious,attack 1,false positive
business,log,6956,user6956,malicious,attack 1,true positive
business,trace,6956,user6956,malicious,attack 1,false positive
infrastructure,metric,5794,user5794,malicious,attack 1,false positive
infrastructure,log,5794,user5794,malicious,attack 1,true positive
infrastructure,trace,5794,user5794,malicious,attack 1,false positive
infrastructure,metric,4236,user4236,malicious,attack 1,false positive
infrastructure,log,4236,user4236,malicious,attack 1,true positive
infrastructure,trace,4236,user4236,malicious,attack 1,false positive
business,metric,7097,user7097,malicious,attack 1,false positive
business,log,7097,user7097,malicious,attack 1,true positive
business,trace,7097,user7097,malicious,attack 1,false positive
business,metric,7442,user7442,malicious,attack 1,false positive
business,log,7442,user7442,malicious,attack 1,true positive
business,trace,7442,user7442,malicious,attack 1,false positive
business,metric,8424,user8424,malicious,attack 1,false positive
business,log,8424,user8424,malicious,attack 1,true positive
business,trace,8424,user8424,malicious,attack 1,false positive
business,metric,8275,user8275,malicious,attack 1,false positive
business,log,8275,user8275,malicious,attack 1,true positive
business,trace,8275,user8275,malicious,attack 1,false positive
infrastructure,metric,1391,user1391,regular,no attack,false positive
infrastructure,log,1391,user1391,regular,no attack,false positive
infrastructure,trace,1391,user1391,regular,no attack,false positive
infrastructure,metric,4442,user4442,malicious,attack 1,false positive
infrastructure,log,4442,user4442,malicious,attack 1,true positive
infrastructure,trace,4442,user4442,malicious,attack 1,false positive
infrastructure,metric,3767,user3767,malicious,attack 1,false positive
infrastructure,log,3767,user3767,malicious,attack 1,true positive
infrastructure,trace,3767,user3767,malicious,attack 1,false positive
business,metric,2094,user2094,regular,no attack,false positive
business,log,2094,user2094,regular,no attack,false positive
business,trace,2094,user2094,regular,no attack,false positive
infrastructure,metric,1878,user1878,regular,no attack,false positive
infrastructure,log,1878,user1878,regular,no attack,false positive
infrastructure,trace,1878,user1878,regular,no attack,false positive
business,metric,9494,user9494,malicious,attack 2,false positive
business,log,9494,user9494,malicious,attack 2,false positive
business,trace,9494,user9494,malicious,attack 2,true positive
infrastructure,metric,4093,user4093,regular,no attack,false positive
infrastructure,log,4093,user4093,regular,no attack,false positive
infrastructure,trace,4093,user4093,regular,no attack,false positive
infrastructure,metric,239,user239,malicious,attack 2,false positive
infrastructure,log,239,user239,malicious,attack 2,false positive
infrastructure,trace,239,user239,malicious,attack 2,true positive
business,metric,2695,user2695,malicious,attack 2,false positive
business,log,2695,user2695,malicious,attack 2,false positive
business,trace,2695,user2695,malicious,attack 2,true positive
infrastructure,metric,9107,user9107,malicious,attack 2,false positive
infrastructure,log,9107,user9107,malicious,attack 2,false positive
infrastructure,trace,9107,user9107,malicious,attack 2,true positive
infrastructure,metric,2381,user2381,malicious,attack 1,false positive
infrastructure,log,2381,user2381,malicious,attack 1,true positive
infrastructure,trace,2381,user2381,malicious,attack 1,false positive
infrastructure,metric,2437,user2437,malicious,attack 2,false positive
infrastructure,log,2437,user2437,malicious,attack 2,false positive
infrastructure,trace,2437,user2437,malicious,attack 2,true positive
business,metric,4203,user4203,regular,no attack,false positive
business,log,4203,user4203,regular,no attack,false positive
business,trace,4203,user4203,regular,no attack,false positive
infrastructure,metric,3962,user3962,regular,no attack,false positive
infrastructure,log,3962,user3962,regular,no attack,false positive
infrastructure,trace,3962,user3962,regular,no attack,false positive
infrastructure,metric,6532,user6532,malicious,attack 2,false positive
infrastructure,log,6532,user6532,malicious,attack 2,false positive
infrastructure,trace,6532,user6532,malicious,attack 2,true positive
infrastructure,metric,7133,user7133,malicious,attack 1,false positive
infrastructure,log,7133,user7133,malicious,attack 1,true positive
infrastructure,trace,7133,user7133,malicious,attack 1,false positive
business,metric,8934,user8934,malicious,attack 2,false positive
business,log,8934,user8934,malicious,attack 2,false positive
business,trace,8934,user8934,malicious,attack 2,true positive
infrastructure,metric,2778,user2778,malicious,attack 1,false positive
infrastructure,log,2778,user2778,malicious,attack 1,true positive
infrastructure,trace,2778,user2778,malicious,attack 1,false positive
business,metric,2181,user2181,malicious,attack 2,false positive
business,log,2181,user2181,malicious,attack 2,false positive
business,trace,2181,user2181,malicious,attack 2,true positive
business,metric,4093,user4093,regular,no attack,false positive
business,log,4093,user4093,regular,no attack,false positive
business,trace,4093,user4093,regular,no attack,false positive
infrastructure,metric,9600,user9600,malicious,attack 1,false positive
infrastructure,log,9600,user9600,malicious,attack 1,true positive
infrastructure,trace,9600,user9600,malicious,attack 1,false positive
business,metric,7560,user7560,regular,no attack,false positive
business,log,7560,user7560,regular,no attack,false positive
business,trace,7560,user7560,regular,no attack,false positive
business,metric,5947,user5947,regular,no attack,false positive
business,log,5947,user5947,regular,no attack,false positive
business,trace,5947,user5947,regular,no attack,false positive
business,metric,1912,user1912,regular,no attack,false positive
business,log,1912,user1912,regular,no attack,false positive
business,trace,1912,user1912,regular,no attack,false positive
infrastructure,metric,1081,user1081,malicious,attack 1,false positive
infrastructure,log,1081,user1081,malicious,attack 1,true positive
infrastructure,trace,1081,user1081,malicious,attack 1,false positive
infrastructure,metric,6105,user6105,malicious,attack 1,false positive
infrastructure,log,6105,user6105,malicious,attack 1,true positive
infrastructure,trace,6105,user6105,malicious,attack 1,false positive
business,metric,7370,user7370,regular,no attack,false positive
business,log,7370,user7370,regular,no attack,false positive
business,trace,7370,user7370,regular,no attack,false positive
business,metric,6843,user6843,malicious,attack 2,false positive
business,log,6843,user6843,malicious,attack 2,false positive
business,trace,6843,user6843,malicious,attack 2,true positive
business,metric,4661,user4661,regular,no attack,false positive
business,log,4661,user4661,regular,no attack,false positive
business,trace,4661,user4661,regular,no attack,false positive
business,metric,2354,user2354,malicious,attack 1,false positive
business,log,2354,user2354,malicious,attack 1,true positive
business,trace,2354,user2354,malicious,attack 1,false positive
infrastructure,metric,86,user86,malicious,attack 1,false positive
infrastructure,log,86,user86,malicious,attack 1,true positive
infrastructure,trace,86,user86,malicious,attack 1,false positive
business,metric,8491,user8491,malicious,attack 2,false positive
business,log,8491,user8491,malicious,attack 2,false positive
business,trace,8491,user8491,malicious,attack 2,true positive
infrastructure,metric,3024,user3024,malicious,attack 2,false positive
infrastructure,log,3024,user3024,malicious,attack 2,false positive
infrastructure,trace,3024,user3024,malicious,attack 2,true positive
infrastructure,metric,1871,user1871,regular,no attack,false positive
infrastructure,log,1871,user1871,regular,no attack,false positive
infrastructure,trace,1871,user1871,regular,no attack,false positive
infrastructure,metric,2524,user2524,malicious,attack 2,false positive
infrastructure,log,2524,user2524,malicious,attack 2,false positive
infrastructure,trace,2524,user2524,malicious,attack 2,true positive
infrastructure,metric,6580,user6580,malicious,attack 1,false positive
infrastructure,log,6580,user6580,malicious,attack 1,true positive
infrastructure,trace,6580,user6580,malicious,attack 1,false positive
infrastructure,metric,8997,user8997,malicious,attack 1,false positive
infrastructure,log,8997,user8997,malicious,attack 1,true positive
infrastructure,trace,8997,user8997,malicious,attack 1,false positive
business,metric,9802,user9802,malicious,attack 2,false positive
business,log,9802,user9802,malicious,attack 2,false positive
business,trace,9802,user9802,malicious,attack 2,true positive
business,metric,5308,user5308,regular,no attack,false positive
business,log,5308,user5308,regular,no attack,false positive
business,trace,5308,user5308,regular,no attack,false positive
infrastructure,metric,5607,user5607,regular,no attack,false positive
infrastructure,log,5607,user5607,regular,no attack,false positive
infrastructure,trace,5607,user5607,regular,no attack,false positive
business,metric,1428,user1428,regular,no attack,false positive
business,log,1428,user1428,regular,no attack,false positive
business,trace,1428,user1428,regular,no attack,false positive
infrastructure,metric,2859,user2859,regular,no attack,false positive
infrastructure,log,2859,user2859,regular,no attack,false positive
infrastructure,trace,2859,user2859,regular,no attack,false positive
business,metric,3482,user3482,regular,no attack,false positive
business,log,3482,user3482,regular,no attack,false positive
business,trace,3482,user3482,regular,no attack,false positive
infrastructure,metric,8852,user8852,regular,no attack,false positive
infrastructure,log,8852,user8852,regular,no attack,false positive
infrastructure,trace,8852,user8852,regular,no attack,false positive
business,metric,6205,user6205,malicious,attack 2,false positive
business,log,6205,user6205,malicious,attack 2,false positive
business,trace,6205,user6205,malicious,attack 2,true positive
business,metric,3845,user3845,malicious,attack 1,false positive
business,log,3845,user3845,malicious,attack 1,true positive
business,trace,3845,user3845,malicious,attack 1,false positive
infrastructure,metric,2018,user2018,malicious,attack 1,false positive
infrastructure,log,2018,user2018,malicious,attack 1,true positive
infrastructure,trace,2018,user2018,malicious,attack 1,false positive
business,metric,613,user613,regular,no attack,false positive
business,log,613,user613,regular,no attack,false positive
business,trace,613,user613,regular,no attack,false positive
infrastructure,metric,8854,user8854,regular,no attack,false positive
infrastructure,log,8854,user8854,regular,no attack,false positive
infrastructure,trace,8854,user8854,regular,no attack,false positive
business,metric,6511,user6511,malicious,attack 1,false positive
business,log,6511,user6511,malicious,attack 1,true positive
business,trace,6511,user6511,malicious,attack 1,false positive
business,metric,467,user467,malicious,attack 2,false positive
business,log,467,user467,malicious,attack 2,false positive
business,trace,467,user467,malicious,attack 2,true positive
business,metric,9614,user9614,regular,no attack,false positive
business,log,9614,user9614,regular,no attack,false positive
business,trace,9614,user9614,regular,no attack,false positive
infrastructure,metric,5755,user5755,malicious,attack 1,false positive
infrastructure,log,5755,user5755,malicious,attack 1,true positive
infrastructure,trace,5755,user5755,malicious,attack 1,false positive
business,metric,5486,user5486,malicious,attack 2,false positive
business,log,5486,user5486,malicious,attack 2,false positive
business,trace,5486,user5486,malicious,attack 2,true positive
infrastructure,metric,8002,user8002,malicious,attack 1,false positive
infrastructure,log,8002,user8002,malicious,attack 1,true positive
infrastructure,trace,8002,user8002,malicious,attack 1,false positive
infrastructure,metric,1191,user1191,malicious,attack 1,false positive
infrastructure,log,1191,user1191,malicious,attack 1,true positive
infrastructure,trace,1191,user1191,malicious,attack 1,false positive
infrastructure,metric,8686,user8686,regular,no attack,false positive
infrastructure,log,8686,user8686,regular,no attack,false positive
infrastructure,trace,8686,user8686,regular,no attack,false positive
business,metric,8264,user8264,regular,no attack,false positive
business,log,8264,user8264,regular,no attack,false positive
business,trace,8264,user8264,regular,no attack,false positive
infrastructure,metric,5006,user5006,malicious,attack 2,false positive
infrastructure,log,5006,user5006,malicious,attack 2,false positive
infrastructure,trace,5006,user5006,malicious,attack 2,true positive
business,metric,5776,user5776,regular,no attack,false positive
business,log,5776,user5776,regular,no attack,false positive
business,trace,5776,user5776,regular,no attack,false positive
business,metric,3624,user3624,regular,no attack,false positive
business,log,3624,user3624,regular,no attack,false positive
business,trace,3624,user3624,regular,no attack,false positive
infrastructure,metric,9339,user9339,malicious,attack 2,false positive
infrastructure,log,9339,user9339,malicious,attack 2,false positive
infrastructure,trace,9339,user9339,malicious,attack 2,true positive
business,metric,9063,user9063,regular,no attack,false positive
business,log,9063,user9063,regular,no attack,false positive
business,trace,9063,user9063,regular,no attack,false positive
business,metric,8310,user8310,malicious,attack 2,false positive
business,log,8310,user8310,malicious,attack 2,false positive
business,trace,8310,user8310,malicious,attack 2,true positive
business,metric,2181,user2181,malicious,attack 1,false positive
business,log,2181,user2181,malicious,attack 1,true positive
business,trace,2181,user2181,malicious,attack 1,false positive
infrastructure,metric,5604,user5604,malicious,attack 2,false positive
infrastructure,log,5604,user5604,malicious,attack 2,false positive
infrastructure,trace,5604,user5604,malicious,attack 2,true positive
infrastructure,metric,3255,user3255,malicious,attack 1,false positive
infrastructure,log,3255,user3255,malicious,attack 1,true positive
infrastructure,trace,3255,user3255,malicious,attack 1,false positive
infrastructure,metric,6395,user6395,malicious,attack 1,false positive
infrastructure,log,6395,user6395,malicious,attack 1,true positive
infrastructure,trace,6395,user6395,malicious,attack 1,false positive
infrastructure,metric,962,user962,malicious,attack 2,false positive
infrastructure,log,962,user962,malicious,attack 2,false positive
infrastructure,trace,962,user962,malicious,attack 2,true positive
infrastructure,metric,5869,user5869,malicious,attack 2,false positive
infrastructure,log,5869,user5869,malicious,attack 2,false positive
infrastructure,trace,5869,user5869,malicious,attack 2,true positive
infrastructure,metric,6851,user6851,malicious,attack 2,false positive
infrastructure,log,6851,user6851,malicious,attack 2,false positive
infrastructure,trace,6851,user6851,malicious,attack 2,true positive
business,metric,1246,user1246,regular,no attack,false positive
business,log,1246,user1246,regular,no attack,false positive
business,trace,1246,user1246,regular,no attack,false positive
infrastructure,metric,839,user839,regular,no attack,false positive
infrastructure,log,839,user839,regular,no attack,false positive
infrastructure,trace,839,user839,regular,no attack,false positive
infrastructure,metric,1585,user1585,malicious,attack 1,false positive
infrastructure,log,1585,user1585,malicious,attack 1,true positive
infrastructure,trace,1585,user1585,malicious,attack 1,false positive
business,metric,2349,user2349,malicious,attack 2,false positive
business,log,2349,user2349,malicious,attack 2,false positive
business,trace,2349,user2349,malicious,attack 2,true positive
business,metric,7411,user7411,malicious,attack 2,false positive
business,log,7411,user7411,malicious,attack 2,false positive
business,trace,7411,user7411,malicious,attack 2,true positive
business,metric,4835,user4835,malicious,attack 1,false positive
business,log,4835,user4835,malicious,attack 1,true positive
business,trace,4835,user4835,malicious,attack 1,false positive
infrastructure,metric,9816,user9816,malicious,attack 2,false positive
infrastructure,log,9816,user9816,malicious,attack 2,false positive
infrastructure,trace,9816,user9816,malicious,attack 2,true positive
infrastructure,metric,8339,user8339,malicious,attack 2,false positive
infrastructure,log,8339,user8339,malicious,attack 2,false positive
infrastructure,trace,8339,user8339,malicious,attack 2,true positive
infrastructure,metric,6079,user6079,malicious,attack 2,false positive
infrastructure,log,6079,user6079,malicious,attack 2,false positive
infrastructure,trace,6079,user6079,malicious,attack 2,true positive
business,metric,8767,user8767,malicious,attack 1,false positive
business,log,8767,user8767,malicious,attack 1,true positive
business,trace,8767,user8767,malicious,attack 1,false positive
infrastructure,metric,3744,user3744,malicious,attack 2,false positive
infrastructure,log,3744,user3744,malicious,attack 2,false positive
infrastructure,trace,3744,user3744,malicious,attack 2,true positive
business,metric,6377,user6377,malicious,attack 1,false positive
business,log,6377,user6377,malicious,attack 1,true positive
business,trace,6377,user6377,malicious,attack 1,false positive
business,metric,9317,user9317,malicious,attack 2,false positive
business,log,9317,user9317,malicious,attack 2,false positive
business,trace,9317,user9317,malicious,attack 2,true positive
business,metric,130,user130,malicious,attack 2,false positive
business,log,130,user130,malicious,attack 2,false positive
business,trace,130,user130,malicious,attack 2,true positive
infrastructure,metric,7600,user7600,malicious,attack 1,false positive
infrastructure,log,7600,user7600,malicious,attack 1,true positive
infrastructure,trace,7600,user7600,malicious,attack 1,false positive
business,metric,3168,user3168,regular,no attack,false positive
business,log,3168,user3168,regular,no attack,false positive
business,trace,3168,user3168,regular,no attack,false positive
infrastructure,metric,1192,user1192,malicious,attack 1,false positive
infrastructure,log,1192,user1192,malicious,attack 1,true positive
infrastructure,trace,1192,user1192,malicious,attack 1,false positive
business,metric,3228,user3228,malicious,attack 2,false positive
business,log,3228,user3228,malicious,attack 2,false positive
business,trace,3228,user3228,malicious,attack 2,true positive
infrastructure,metric,258,user258,malicious,attack 2,false positive
infrastructure,log,258,user258,malicious,attack 2,false positive
infrastructure,trace,258,user258,malicious,attack 2,true positive
infrastructure,metric,4991,user4991,malicious,attack 2,false positive
infrastructure,log,4991,user4991,malicious,attack 2,false positive
infrastructure,trace,4991,user4991,malicious,attack 2,true positive
infrastructure,metric,3681,user3681,malicious,attack 2,false positive
infrastructure,log,3681,user3681,malicious,attack 2,false positive
infrastructure,trace,3681,user3681,malicious,attack 2,true positive
business,metric,5675,user5675,regular,no attack,false positive
business,log,5675,user5675,regular,no attack,false positive
business,trace,5675,user5675,regular,no attack,false positive
business,metric,2817,user2817,malicious,attack 1,false positive
business,log,2817,user2817,malicious,attack 1,true positive
business,trace,2817,user2817,malicious,attack 1,false positive
business,metric,3847,user3847,regular,no attack,false positive
business,log,3847,user3847,regular,no attack,false positive
business,trace,3847,user3847,regular,no attack,false positive
business,metric,6869,user6869,malicious,attack 2,false positive
business,log,6869,user6869,malicious,attack 2,false positive
business,trace,6869,user6869,malicious,attack 2,true positive
infrastructure,metric,127,user127,malicious,attack 2,false positive
infrastructure,log,127,user127,malicious,attack 2,false positive
infrastructure,trace,127,user127,malicious,attack 2,true positive
infrastructure,metric,6820,user6820,malicious,attack 2,false positive
infrastructure,log,6820,user6820,malicious,attack 2,false positive
infrastructure,trace,6820,user6820,malicious,attack 2,true positive
infrastructure,metric,8370,user8370,regular,no attack,false positive
infrastructure,log,8370,user8370,regular,no attack,false positive
infrastructure,trace,8370,user8370,regular,no attack,false positive
business,metric,233,user233,malicious,attack 1,false positive
business,log,233,user233,malicious,attack 1,true positive
business,trace,233,user233,malicious,attack 1,false positive
infrastructure,metric,737,user737,malicious,attack 1,false positive
infrastructure,log,737,user737,malicious,attack 1,true positive
infrastructure,trace,737,user737,malicious,attack 1,false positive
business,metric,3915,user3915,malicious,attack 1,false positive
business,log,3915,user3915,malicious,attack 1,true positive
business,trace,3915,user3915,malicious,attack 1,false positive
infrastructure,metric,8900,user8900,regular,no attack,false positive
infrastructure,log,8900,user8900,regular,no attack,false positive
infrastructure,trace,8900,user8900,regular,no attack,false positive
business,metric,815,user815,malicious,attack 2,false positive
business,log,815,user815,malicious,attack 2,false positive
business,trace,815,user815,malicious,attack 2,true positive
infrastructure,metric,9841,user9841,malicious,attack 2,false positive
infrastructure,log,9841,user9841,malicious,attack 2,false positive
infrastructure,trace,9841,user9841,malicious,attack 2,true positive
infrastructure,metric,8579,user8579,malicious,attack 2,false positive
infrastructure,log,8579,user8579,malicious,attack 2,false positive
infrastructure,trace,8579,user8579,malicious,attack 2,true positive
infrastructure,metric,3057,user3057,regular,no attack,false positive
infrastructure,log,3057,user3057,regular,no attack,false positive
infrastructure,trace,3057,user3057,regular,no attack,false positive
infrastructure,metric,2758,user2758,malicious,attack 1,false positive
infrastructure,log,2758,user2758,malicious,attack 1,true positive
infrastructure,trace,2758,user2758,malicious,attack 1,false positive
infrastructure,metric,3789,user3789,malicious,attack 2,false positive
infrastructure,log,3789,user3789,malicious,attack 2,false positive
infrastructure,trace,3789,user3789,malicious,attack 2,true positive
business,metric,6016,user6016,malicious,attack 2,false positive
business,log,6016,user6016,malicious,attack 2,false positive
business,trace,6016,user6016,malicious,attack 2,true positive
infrastructure,metric,4630,user4630,malicious,attack 1,false positive
infrastructure,log,4630,user4630,malicious,attack 1,true positive
infrastructure,trace,4630,user4630,malicious,attack 1,false positive
infrastructure,metric,9482,user9482,regular,no attack,false positive
infrastructure,log,9482,user9482,regular,no attack,false positive
infrastructure,trace,9482,user9482,regular,no attack,false positive
business,metric,1307,user1307,malicious,attack 2,false positive
business,log,1307,user1307,malicious,attack 2,false positive
business,trace,1307,user1307,malicious,attack 2,true positive
infrastructure,metric,4533,user4533,malicious,attack 1,false positive
infrastructure,log,4533,user4533,malicious,attack 1,true positive
infrastructure,trace,4533,user4533,malicious,attack 1,false positive
infrastructure,metric,7594,user7594,malicious,attack 1,false positive
infrastructure,log,7594,user7594,malicious,attack 1,true positive
infrastructure,trace,7594,user7594,malicious,attack 1,false positive
infrastructure,metric,8419,user8419,malicious,attack 1,false positive
infrastructure,log,8419,user8419,malicious,attack 1,true positive
infrastructure,trace,8419,user8419,malicious,attack 1,false positive
infrastructure,metric,4034,user4034,regular,no attack,false positive
infrastructure,log,4034,user4034,regular,no attack,false positive
infrastructure,trace,4034,user4034,regular,no attack,false positive
business,metric,1994,user1994,malicious,attack 1,false positive
business,log,1994,user1994,malicious,attack 1,true positive
business,trace,1994,user1994,malicious,attack 1,false positive
business,metric,392,user392,malicious,attack 1,false positive
business,log,392,user392,malicious,attack 1,true positive
business,trace,392,user392,malicious,attack 1,false positive
infrastructure,metric,5905,user5905,malicious,attack 2,false positive
infrastructure,log,5905,user5905,malicious,attack 2,false positive
infrastructure,trace,5905,user5905,malicious,attack 2,true positive
infrastructure,metric,2462,user2462,malicious,attack 1,false positive
infrastructure,log,2462,user2462,malicious,attack 1,true positive
infrastructure,trace,2462,user2462,malicious,attack 1,false positive
business,metric,5206,user5206,malicious,attack 1,false positive
business,log,5206,user5206,malicious,attack 1,true positive
business,trace,5206,user5206,malicious,attack 1,false positive
business,metric,3207,user3207,regular,no attack,false positive
business,log,3207,user3207,regular,no attack,false positive
business,trace,3207,user3207,regular,no attack,false positive
business,metric,5258,user5258,malicious,attack 2,false positive
business,log,5258,user5258,malicious,attack 2,false positive
business,trace,5258,user5258,malicious,attack 2,true positive
business,metric,8195,user8195,malicious,attack 1,false positive
business,log,8195,user8195,malicious,attack 1,true positive
business,trace,8195,user8195,malicious,attack 1,false positive
infrastructure,metric,3022,user3022,malicious,attack 2,false positive
infrastructure,log,3022,user3022,malicious,attack 2,false positive
infrastructure,trace,3022,user3022,malicious,attack 2,true positive
infrastructure,metric,4188,user4188,regular,no attack,false positive
infrastructure,log,4188,user4188,regular,no attack,false positive
infrastructure,trace,4188,user4188,regular,no attack,false positive
infrastructure,metric,4621,user4621,malicious,attack 2,false positive
infrastructure,log,4621,user4621,malicious,attack 2,false positive
infrastructure,trace,4621,user4621,malicious,attack 2,true positive
infrastructure,metric,6717,user6717,malicious,attack 1,false positive
infrastructure,log,6717,user6717,malicious,attack 1,true positive
infrastructure,trace,6717,user6717,malicious,attack 1,false positive
infrastructure,metric,7175,user7175,malicious,attack 2,false positive
infrastructure,log,7175,user7175,malicious,attack 2,false positive
infrastructure,trace,7175,user7175,malicious,attack 2,true positive
business,metric,4956,user4956,malicious,attack 1,false positive
business,log,4956,user4956,malicious,attack 1,true positive
business,trace,4956,user4956,malicious,attack 1,false positive
business,metric,3104,user3104,regular,no attack,false positive
business,log,3104,user3104,regular,no attack,false positive
business,trace,3104,user3104,regular,no attack,false positive
infrastructure,metric,4537,user4537,malicious,attack 2,false positive
infrastructure,log,4537,user4537,malicious,attack 2,false positive
infrastructure,trace,4537,user4537,malicious,attack 2,true positive
business,metric,8027,user8027,regular,no attack,false positive
business,log,8027,user8027,regular,no attack,false positive
business,trace,8027,user8027,regular,no attack,false positive
business,metric,3087,user3087,regular,no attack,false positive
business,log,3087,user3087,regular,no attack,false positive
business,trace,3087,user3087,regular,no attack,false positive
business,metric,8642,user8642,malicious,attack 1,false positive
business,log,8642,user8642,malicious,attack 1,true positive
business,trace,8642,user8642,malicious,attack 1,false positive
business,metric,917,user917,malicious,attack 2,false positive
business,log,917,user917,malicious,attack 2,false positive
business,trace,917,user917,malicious,attack 2,true positive
business,metric,4880,user4880,malicious,attack 2,false positive
business,log,4880,user4880,malicious,attack 2,false positive
business,trace,4880,user4880,malicious,attack 2,true positive
business,metric,2459,user2459,malicious,attack 2,false positive
business,log,2459,user2459,malicious,attack 2,false positive
business,trace,2459,user2459,malicious,attack 2,true positive
infrastructure,metric,4018,user4018,malicious,attack 2,false positive
infrastructure,log,4018,user4018,malicious,attack 2,false positive
infrastructure,trace,4018,user4018,malicious,attack 2,true positive
business,metric,6852,user6852,malicious,attack 2,false positive
business,log,6852,user6852,malicious,attack 2,false positive
business,trace,6852,user6852,malicious,attack 2,true positive
infrastructure,metric,9302,user9302,regular,no attack,false positive
infrastructure,log,9302,user9302,regular,no attack,false positive
infrastructure,trace,9302,user9302,regular,no attack,false positive
infrastructure,metric,77,user77,regular,no attack,false positive
infrastructure,log,77,user77,regular,no attack,false positive
infrastructure,trace,77,user77,regular,no attack,false positive
business,metric,1496,user1496,malicious,attack 1,false positive
business,log,1496,user1496,malicious,attack 1,true positive
business,trace,1496,user1496,malicious,attack 1,false positive
infrastructure,metric,4134,user4134,malicious,attack 2,false positive
infrastructure,log,4134,user4134,malicious,attack 2,false positive
infrastructure,trace,4134,user4134,malicious,attack 2,true positive
infrastructure,metric,9440,user9440,malicious,attack 2,false positive
infrastructure,log,9440,user9440,malicious,attack 2,false positive
infrastructure,trace,9440,user9440,malicious,attack 2,true positive
infrastructure,metric,9386,user9386,malicious,attack 1,false positive
infrastructure,log,9386,user9386,malicious,attack 1,true positive
infrastructure,trace,9386,user9386,malicious,attack 1,false positive
infrastructure,metric,7468,user7468,malicious,attack 2,false positive
infrastructure,log,7468,user7468,malicious,attack 2,false positive
infrastructure,trace,7468,user7468,malicious,attack 2,true positive
business,metric,8298,user8298,malicious,attack 1,false positive
business,log,8298,user8298,malicious,attack 1,true positive
business,trace,8298,user8298,malicious,attack 1,false positive
business,metric,538,user538,malicious,attack 1,false positive
business,log,538,user538,malicious,attack 1,true positive
business,trace,538,user538,malicious,attack 1,false positive
business,metric,8952,user8952,regular,no attack,false positive
business,log,8952,user8952,regular,no attack,false positive
business,trace,8952,user8952,regular,no attack,false positive
infrastructure,metric,2909,user2909,malicious,attack 1,false positive
infrastructure,log,2909,user2909,malicious,attack 1,true positive
infrastructure,trace,2909,user2909,malicious,attack 1,false positive
business,metric,6970,user6970,malicious,attack 2,false positive
business,log,6970,user6970,malicious,attack 2,false positive
business,trace,6970,user6970,malicious,attack 2,true positive
infrastructure,metric,1339,user1339,malicious,attack 2,false positive
infrastructure,log,1339,user1339,malicious,attack 2,false positive
infrastructure,trace,1339,user1339,malicious,attack 2,true positive
business,metric,905,user905,malicious,attack 2,false positive
business,log,905,user905,malicious,attack 2,false positive
business,trace,905,user905,malicious,attack 2,true positive
infrastructure,metric,3201,user3201,malicious,attack 1,false positive
infrastructure,log,3201,user3201,malicious,attack 1,true positive
infrastructure,trace,3201,user3201,malicious,attack 1,false positive
infrastructure,metric,194,user194,malicious,attack 2,false positive
infrastructure,log,194,user194,malicious,attack 2,false positive
infrastructure,trace,194,user194,malicious,attack 2,true positive
business,metric,8008,user8008,malicious,attack 1,false positive
business,log,8008,user8008,malicious,attack 1,true positive
business,trace,8008,user8008,malicious,attack 1,false positive
business,metric,2754,user2754,regular,no attack,false positive
business,log,2754,user2754,regular,no attack,false positive
business,trace,2754,user2754,regular,no attack,false positive
infrastructure,metric,3270,user3270,malicious,attack 1,false positive
infrastructure,log,3270,user3270,malicious,attack 1,true positive
infrastructure,trace,3270,user3270,malicious,attack 1,false positive
infrastructure,metric,7823,user7823,malicious,attack 1,false positive
infrastructure,log,7823,user7823,malicious,attack 1,true positive
infrastructure,trace,7823,user7823,malicious,attack 1,false positive
infrastructure,metric,6630,user6630,regular,no attack,false positive
infrastructure,log,6630,user6630,regular,no attack,false positive
infrastructure,trace,6630,user6630,regular,no attack,false positive
business,metric,4443,user4443,malicious,attack 1,false positive
business,log,4443,user4443,malicious,attack 1,true positive
business,trace,4443,user4443,malicious,attack 1,false positive
business,metric,1551,user1551,regular,no attack,false positive
business,log,1551,user1551,regular,no attack,false positive
business,trace,1551,user1551,regular,no attack,false positive
infrastructure,metric,7657,user7657,malicious,attack 1,false positive
infrastructure,log,7657,user7657,malicious,attack 1,true positive
infrastructure,trace,7657,user7657,malicious,attack 1,false positive
infrastructure,metric,3446,user3446,malicious,attack 1,false positive
infrastructure,log,3446,user3446,malicious,attack 1,true positive
infrastructure,trace,3446,user3446,malicious,attack 1,false positive
business,metric,2646,user2646,regular,no attack,false positive
business,log,2646,user2646,regular,no attack,false positive
business,trace,2646,user2646,regular,no attack,false positive
infrastructure,metric,1759,user1759,malicious,attack 1,false positive
infrastructure,log,1759,user1759,malicious,attack 1,true positive
infrastructure,trace,1759,user1759,malicious,attack 1,false positive
infrastructure,metric,7763,user7763,regular,no attack,false positive
infrastructure,log,7763,user7763,regular,no attack,false positive
infrastructure,trace,7763,user7763,regular,no attack,false positive
infrastructure,metric,3141,user3141,malicious,attack 1,false positive
infrastructure,log,3141,user3141,malicious,attack 1,true positive
infrastructure,trace,3141,user3141,malicious,attack 1,false positive
infrastructure,metric,7484,user7484,malicious,attack 1,false positive
infrastructure,log,7484,user7484,malicious,attack 1,true positive
infrastructure,trace,7484,user7484,malicious,attack 1,false positive
infrastructure,metric,6903,user6903,malicious,attack 1,false positive
infrastructure,log,6903,user6903,malicious,attack 1,true positive
infrastructure,trace,6903,user6903,malicious,attack 1,false positive
business,metric,5191,user5191,malicious,attack 2,false positive
business,log,5191,user5191,malicious,attack 2,false positive
business,trace,5191,user5191,malicious,attack 2,true positive
business,metric,2255,user2255,malicious,attack 1,false positive
business,log,2255,user2255,malicious,attack 1,true positive
business,trace,2255,user2255,malicious,attack 1,false positive
infrastructure,metric,7872,user7872,malicious,attack 2,false positive
infrastructure,log,7872,user7872,malicious,attack 2,false positive
infrastructure,trace,7872,user7872,malicious,attack 2,true positive
business,metric,5559,user5559,regular,no attack,false positive
business,log,5559,user5559,regular,no attack,false positive
business,trace,5559,user5559,regular,no attack,false positive
infrastructure,metric,7263,user7263,regular,no attack,false positive
infrastructure,log,7263,user7263,regular,no attack,false positive
infrastructure,trace,7263,user7263,regular,no attack,false positive
infrastructure,metric,2430,user2430,malicious,attack 2,false positive
infrastructure,log,2430,user2430,malicious,attack 2,false positive
infrastructure,trace,2430,user2430,malicious,attack 2,true positive
infrastructure,metric,1466,user1466,malicious,attack 1,false positive
infrastructure,log,1466,user1466,malicious,attack 1,true positive
infrastructure,trace,1466,user1466,malicious,attack 1,false positive
infrastructure,metric,8405,user8405,regular,no attack,false positive
infrastructure,log,8405,user8405,regular,no attack,false positive
infrastructure,trace,8405,user8405,regular,no attack,false positive
business,metric,965,user965,malicious,attack 2,false positive
business,log,965,user965,malicious,attack 2,false positive
business,trace,965,user965,malicious,attack 2,true positive
infrastructure,metric,6420,user6420,malicious,attack 1,false positive
infrastructure,log,6420,user6420,malicious,attack 1,true positive
infrastructure,trace,6420,user6420,malicious,attack 1,false positive
infrastructure,metric,7213,user7213,regular,no attack,false positive
infrastructure,log,7213,user7213,regular,no attack,false positive
infrastructure,trace,7213,user7213,regular,no attack,false positive
business,metric,7391,user7391,malicious,attack 1,false positive
business,log,7391,user7391,malicious,attack 1,true positive
business,trace,7391,user7391,malicious,attack 1,false positive
business,metric,485,user485,malicious,attack 1,false positive
business,log,485,user485,malicious,attack 1,true positive
business,trace,485,user485,malicious,attack 1,false positive
infrastructure,metric,8586,user8586,regular,no attack,false positive
infrastructure,log,8586,user8586,regular,no attack,false positive
infrastructure,trace,8586,user8586,regular,no attack,false positive
business,metric,4327,user4327,malicious,attack 2,false positive
business,log,4327,user4327,malicious,attack 2,false positive
business,trace,4327,user4327,malicious,attack 2,true positive
business,metric,9407,user9407,malicious,attack 2,false positive
business,log,9407,user9407,malicious,attack 2,false positive
business,trace,9407,user9407,malicious,attack 2,true positive
infrastructure,metric,5601,user5601,malicious,attack 2,false positive
infrastructure,log,5601,user5601,malicious,attack 2,false positive
infrastructure,trace,5601,user5601,malicious,attack 2,true positive
infrastructure,metric,5738,user5738,malicious,attack 1,false positive
infrastructure,log,5738,user5738,malicious,attack 1,true positive
infrastructure,trace,5738,user5738,malicious,attack 1,false positive
infrastructure,metric,2757,user2757,regular,no attack,false positive
infrastructure,log,2757,user2757,regular,no attack,false positive
infrastructure,trace,2757,user2757,regular,no attack,false positive
business,metric,3149,user3149,regular,no attack,false positive
business,log,3149,user3149,regular,no attack,false positive
business,trace,3149,user3149,regular,no attack,false positive
infrastructure,metric,4380,user4380,malicious,attack 2,false positive
infrastructure,log,4380,user4380,malicious,attack 2,false positive
infrastructure,trace,4380,user4380,malicious,attack 2,true positive
infrastructure,metric,5890,user5890,regular,no attack,false positive
infrastructure,log,5890,user5890,regular,no attack,false positive
infrastructure,trace,5890,user5890,regular,no attack,false positive
infrastructure,metric,7095,user7095,malicious,attack 2,false positive
infrastructure,log,7095,user7095,malicious,attack 2,false positive
infrastructure,trace,7095,user7095,malicious,attack 2,true positive
infrastructure,metric,2068,user2068,regular,no attack,false positive
infrastructure,log,2068,user2068,regular,no attack,false positive
infrastructure,trace,2068,user2068,regular,no attack,false positive
infrastructure,metric,3295,user3295,malicious,attack 2,false positive
infrastructure,log,3295,user3295,malicious,attack 2,false positive
infrastructure,trace,3295,user3295,malicious,attack 2,true positive
infrastructure,metric,9486,user9486,malicious,attack 1,false positive
infrastructure,log,9486,user9486,malicious,attack 1,true positive
infrastructure,trace,9486,user9486,malicious,attack 1,false positive
business,metric,1404,user1404,malicious,attack 1,false positive
business,log,1404,user1404,malicious,attack 1,true positive
business,trace,1404,user1404,malicious,attack 1,false positive
business,metric,9279,user9279,regular,no attack,false positive
business,log,9279,user9279,regular,no attack,false positive
business,trace,9279,user9279,regular,no attack,false positive
infrastructure,metric,5222,user5222,malicious,attack 2,false positive
infrastructure,log,5222,user5222,malicious,attack 2,false positive
infrastructure,trace,5222,user5222,malicious,attack 2,true positive
infrastructure,metric,5723,user5723,regular,no attack,false positive
infrastructure,log,5723,user5723,regular,no attack,false positive
infrastructure,trace,5723,user5723,regular,no attack,false positive
infrastructure,metric,8241,user8241,regular,no attack,false positive
infrastructure,log,8241,user8241,regular,no attack,false positive
infrastructure,trace,8241,user8241,regular,no attack,false positive
business,metric,7614,user7614,malicious,attack 1,false positive
business,log,7614,user7614,malicious,attack 1,true positive
business,trace,7614,user7614,malicious,attack 1,false positive
business,metric,5089,user5089,regular,no attack,false positive
business,log,5089,user5089,regular,no attack,false positive
business,trace,5089,user5089,regular,no attack,false positive
business,metric,9199,user9199,malicious,attack 1,false positive
business,log,9199,user9199,malicious,attack 1,true positive
business,trace,9199,user9199,malicious,attack 1,false positive
business,metric,2307,user2307,malicious,attack 1,false positive
business,log,2307,user2307,malicious,attack 1,true positive
business,trace,2307,user2307,malicious,attack 1,false positive
infrastructure,metric,7838,user7838,malicious,attack 2,false positive
infrastructure,log,7838,user7838,malicious,attack 2,false positive
infrastructure,trace,7838,user7838,malicious,attack 2,true positive
business,metric,9629,user9629,malicious,attack 2,false positive
business,log,9629,user9629,malicious,attack 2,false positive
business,trace,9629,user9629,malicious,attack 2,true positive
infrastructure,metric,2159,user2159,malicious,attack 1,false positive
infrastructure,log,2159,user2159,malicious,attack 1,true positive
infrastructure,trace,2159,user2159,malicious,attack 1,false positive
infrastructure,metric,1668,user1668,regular,no attack,false positive
infrastructure,log,1668,user1668,regular,no attack,false positive
infrastructure,trace,1668,user1668,regular,no attack,false positive
business,metric,7455,user7455,malicious,attack 1,false positive
business,log,7455,user7455,malicious,attack 1,true positive
business,trace,7455,user7455,malicious,attack 1,false positive
business,metric,962,user962,malicious,attack 1,false positive
business,log,962,user962,malicious,attack 1,true positive
business,trace,962,user962,malicious,attack 1,false positive
business,metric,8419,user8419,malicious,attack 1,false positive
business,log,8419,user8419,malicious,attack 1,true positive
business,trace,8419,user8419,malicious,attack 1,false positive
business,metric,1656,user1656,malicious,attack 1,false positive
business,log,1656,user1656,malicious,attack 1,true positive
business,trace,1656,user1656,malicious,attack 1,false positive
business,metric,9307,user9307,malicious,attack 1,false positive
business,log,9307,user9307,malicious,attack 1,true positive
business,trace,9307,user9307,malicious,attack 1,false positive
business,metric,5775,user5775,malicious,attack 1,false positive
business,log,5775,user5775,malicious,attack 1,true positive
business,trace,5775,user5775,malicious,attack 1,false positive
infrastructure,metric,412,user412,regular,no attack,false positive
infrastructure,log,412,user412,regular,no attack,false positive
infrastructure,trace,412,user412,regular,no attack,false positive
infrastructure,metric,4617,user4617,regular,no attack,false positive
infrastructure,log,4617,user4617,regular,no attack,false positive
infrastructure,trace,4617,user4617,regular,no attack,false positive
business,metric,7314,user7314,malicious,attack 1,false positive
business,log,7314,user7314,malicious,attack 1,true positive
business,trace,7314,user7314,malicious,attack 1,false positive
infrastructure,metric,6312,user6312,malicious,attack 1,false positive
infrastructure,log,6312,user6312,malicious,attack 1,true positive
infrastructure,trace,6312,user6312,malicious,attack 1,false positive
business,metric,8919,user8919,malicious,attack 2,false positive
business,log,8919,user8919,malicious,attack 2,false positive
business,trace,8919,user8919,malicious,attack 2,true positive
business,metric,796,user796,malicious,attack 1,false positive
business,log,796,user796,malicious,attack 1,true positive
business,trace,796,user796,malicious,attack 1,false positive
business,metric,8891,user8891,regular,no attack,false positive
business,log,8891,user8891,regular,no attack,false positive
business,trace,8891,user8891,regular,no attack,false positive
business,metric,8092,user8092,regular,no attack,false positive
business,log,8092,user8092,regular,no attack,false positive
business,trace,8092,user8092,regular,no attack,false positive
infrastructure,metric,7371,user7371,malicious,attack 2,false positive
infrastructure,log,7371,user7371,malicious,attack 2,false positive
infrastructure,trace,7371,user7371,malicious,attack 2,true positive
business,metric,2410,user2410,regular,no attack,false positive
business,log,2410,user2410,regular,no attack,false positive
business,trace,2410,user2410,regular,no attack,false positive
infrastructure,metric,6557,user6557,malicious,attack 2,false positive
infrastructure,log,6557,user6557,malicious,attack 2,false positive
infrastructure,trace,6557,user6557,malicious,attack 2,true positive
infrastructure,metric,4697,user4697,malicious,attack 2,false positive
infrastructure,log,4697,user4697,malicious,attack 2,false positive
infrastructure,trace,4697,user4697,malicious,attack 2,true positive
business,metric,1053,user1053,malicious,attack 2,false positive
business,log,1053,user1053,malicious,attack 2,false positive
business,trace,1053,user1053,malicious,attack 2,true positive
business,metric,9847,user9847,regular,no attack,false positive
business,log,9847,user9847,regular,no attack,false positive
business,trace,9847,user9847,regular,no attack,false positive
business,metric,408,user408,malicious,attack 2,false positive
business,log,408,user408,malicious,attack 2,false positive
business,trace,408,user408,malicious,attack 2,true positive
business,metric,6871,user6871,regular,no attack,false positive
business,log,6871,user6871,regular,no attack,false positive
business,trace,6871,user6871,regular,no attack,false positive
infrastructure,metric,4413,user4413,malicious,attack 1,false positive
infrastructure,log,4413,user4413,malicious,attack 1,true positive
infrastructure,trace,4413,user4413,malicious,attack 1,false positive
business,metric,3857,user3857,malicious,attack 2,false positive
business,log,3857,user3857,malicious,attack 2,false positive
business,trace,3857,user3857,malicious,attack 2,true positive
infrastructure,metric,7595,user7595,regular,no attack,false positive
infrastructure,log,7595,user7595,regular,no attack,false positive
infrastructure,trace,7595,user7595,regular,no attack,false positive
business,metric,895,user895,malicious,attack 1,false positive
business,log,895,user895,malicious,attack 1,true positive
business,trace,895,user895,malicious,attack 1,false positive
business,metric,7874,user7874,malicious,attack 2,false positive
business,log,7874,user7874,malicious,attack 2,false positive
business,trace,7874,user7874,malicious,attack 2,true positive
business,metric,6948,user6948,malicious,attack 1,false positive
business,log,6948,user6948,malicious,attack 1,true positive
business,trace,6948,user6948,malicious,attack 1,false positive
business,metric,4240,user4240,malicious,attack 2,false positive
business,log,4240,user4240,malicious,attack 2,false positive
business,trace,4240,user4240,malicious,attack 2,true positive
infrastructure,metric,858,user858,malicious,attack 2,false positive
infrastructure,log,858,user858,malicious,attack 2,false positive
infrastructure,trace,858,user858,malicious,attack 2,true positive
infrastructure,metric,7710,user7710,malicious,attack 2,false positive
infrastructure,log,7710,user7710,malicious,attack 2,false positive
infrastructure,trace,7710,user7710,malicious,attack 2,true positive
business,metric,2734,user2734,malicious,attack 1,false positive
business,log,2734,user2734,malicious,attack 1,true positive
business,trace,2734,user2734,malicious,attack 1,false positive
infrastructure,metric,7542,user7542,malicious,attack 2,false positive
infrastructure,log,7542,user7542,malicious,attack 2,false positive
infrastructure,trace,7542,user7542,malicious,attack 2,true positive
business,metric,3959,user3959,malicious,attack 2,false positive
business,log,3959,user3959,malicious,attack 2,false positive
business,trace,3959,user3959,malicious,attack 2,true positive
infrastructure,metric,2065,user2065,regular,no attack,false positive
infrastructure,log,2065,user2065,regular,no attack,false positive
infrastructure,trace,2065,user2065,regular,no attack,false positive
business,metric,4653,user4653,malicious,attack 1,false positive
business,log,4653,user4653,malicious,attack 1,true positive
business,trace,4653,user4653,malicious,attack 1,false positive
business,metric,6454,user6454,malicious,attack 2,false positive
business,log,6454,user6454,malicious,attack 2,false positive
business,trace,6454,user6454,malicious,attack 2,true positive
business,metric,6176,user6176,malicious,attack 2,false positive
business,log,6176,user6176,malicious,attack 2,false positive
business,trace,6176,user6176,malicious,attack 2,true positive
infrastructure,metric,9795,user9795,regular,no attack,false positive
infrastructure,log,9795,user9795,regular,no attack,false positive
infrastructure,trace,9795,user9795,regular,no attack,false positive
infrastructure,metric,6325,user6325,regular,no attack,false positive
infrastructure,log,6325,user6325,regular,no attack,false positive
infrastructure,trace,6325,user6325,regular,no attack,false positive
infrastructure,metric,3853,user3853,malicious,attack 2,false positive
infrastructure,log,3853,user3853,malicious,attack 2,false positive
infrastructure,trace,3853,user3853,malicious,attack 2,true positive
infrastructure,metric,4401,user4401,malicious,attack 2,false positive
infrastructure,log,4401,user4401,malicious,attack 2,false positive
infrastructure,trace,4401,user4401,malicious,attack 2,true positive
business,metric,8403,user8403,malicious,attack 2,false positive
business,log,8403,user8403,malicious,attack 2,false positive
business,trace,8403,user8403,malicious,attack 2,true positive
business,metric,7161,user7161,malicious,attack 2,false positive
business,log,7161,user7161,malicious,attack 2,false positive
business,trace,7161,user7161,malicious,attack 2,true positive
business,metric,971,user971,malicious,attack 1,false positive
business,log,971,user971,malicious,attack 1,true positive
business,trace,971,user971,malicious,attack 1,false positive
infrastructure,metric,3493,user3493,regular,no attack,false positive
infrastructure,log,3493,user3493,regular,no attack,false positive
infrastructure,trace,3493,user3493,regular,no attack,false positive
business,metric,1797,user1797,malicious,attack 2,false positive
business,log,1797,user1797,malicious,attack 2,false positive
business,trace,1797,user1797,malicious,attack 2,true positive
business,metric,6877,user6877,malicious,attack 1,false positive
business,log,6877,user6877,malicious,attack 1,true positive
business,trace,6877,user6877,malicious,attack 1,false positive
business,metric,8019,user8019,malicious,attack 2,false positive
business,log,8019,user8019,malicious,attack 2,false positive
business,trace,8019,user8019,malicious,attack 2,true positive
business,metric,7599,user7599,malicious,attack 2,false positive
business,log,7599,user7599,malicious,attack 2,false positive
business,trace,7599,user7599,malicious,attack 2,true positive
business,metric,7879,user7879,regular,no attack,false positive
business,log,7879,user7879,regular,no attack,false positive
business,trace,7879,user7879,regular,no attack,false positive
infrastructure,metric,3478,user3478,malicious,attack 2,false positive
infrastructure,log,3478,user3478,malicious,attack 2,false positive
infrastructure,trace,3478,user3478,malicious,attack 2,true positive
infrastructure,metric,4683,user4683,malicious,attack 2,false positive
infrastructure,log,4683,user4683,malicious,attack 2,false positive
infrastructure,trace,4683,user4683,malicious,attack 2,true positive
infrastructure,metric,4184,user4184,malicious,attack 2,false positive
infrastructure,log,4184,user4184,malicious,attack 2,false positive
infrastructure,trace,4184,user4184,malicious,attack 2,true positive
infrastructure,metric,373,user373,malicious,attack 1,false positive
infrastructure,log,373,user373,malicious,attack 1,true positive
infrastructure,trace,373,user373,malicious,attack 1,false positive
business,metric,9948,user9948,regular,no attack,false positive
business,log,9948,user9948,regular,no attack,false positive
business,trace,9948,user9948,regular,no attack,false positive
infrastructure,metric,9753,user9753,malicious,attack 2,false positive
infrastructure,log,9753,user9753,malicious,attack 2,false positive
infrastructure,trace,9753,user9753,malicious,attack 2,true positive
business,metric,2303,user2303,malicious,attack 2,false positive
business,log,2303,user2303,malicious,attack 2,false positive
business,trace,2303,user2303,malicious,attack 2,true positive
business,metric,9003,user9003,regular,no attack,false positive
business,log,9003,user9003,regular,no attack,false positive
business,trace,9003,user9003,regular,no attack,false positive
infrastructure,metric,119,user119,regular,no attack,false positive
infrastructure,log,119,user119,regular,no attack,false positive
infrastructure,trace,119,user119,regular,no attack,false positive
business,metric,5296,user5296,malicious,attack 1,false positive
business,log,5296,user5296,malicious,attack 1,true positive
business,trace,5296,user5296,malicious,attack 1,false positive
business,metric,2044,user2044,malicious,attack 2,false positive
business,log,2044,user2044,malicious,attack 2,false positive
business,trace,2044,user2044,malicious,attack 2,true positive
infrastructure,metric,5905,user5905,malicious,attack 2,false positive
infrastructure,log,5905,user5905,malicious,attack 2,false positive
infrastructure,trace,5905,user5905,malicious,attack 2,true positive
infrastructure,metric,8846,user8846,regular,no attack,false positive
infrastructure,log,8846,user8846,regular,no attack,false positive
infrastructure,trace,8846,user8846,regular,no attack,false positive
business,metric,4841,user4841,malicious,attack 1,false positive
business,log,4841,user4841,malicious,attack 1,true positive
business,trace,4841,user4841,malicious,attack 1,false positive
infrastructure,metric,8416,user8416,malicious,attack 2,false positive
infrastructure,log,8416,user8416,malicious,attack 2,false positive
infrastructure,trace,8416,user8416,malicious,attack 2,true positive
business,metric,9280,user9280,regular,no attack,false positive
business,log,9280,user9280,regular,no attack,false positive
business,trace,9280,user9280,regular,no attack,false positive
business,metric,9875,user9875,malicious,attack 2,false positive
business,log,9875,user9875,malicious,attack 2,false positive
business,trace,9875,user9875,malicious,attack 2,true positive
business,metric,6444,user6444,malicious,attack 2,false positive
business,log,6444,user6444,malicious,attack 2,false positive
business,trace,6444,user6444,malicious,attack 2,true positive
business,metric,6720,user6720,regular,no attack,false positive
business,log,6720,user6720,regular,no attack,false positive
business,trace,6720,user6720,regular,no attack,false positive
infrastructure,metric,4235,user4235,malicious,attack 1,false positive
infrastructure,log,4235,user4235,malicious,attack 1,true positive
infrastructure,trace,4235,user4235,malicious,attack 1,false positive
infrastructure,metric,9277,user9277,regular,no attack,false positive
infrastructure,log,9277,user9277,regular,no attack,false positive
infrastructure,trace,9277,user9277,regular,no attack,false positive
infrastructure,metric,4327,user4327,malicious,attack 1,false positive
infrastructure,log,4327,user4327,malicious,attack 1,true positive
infrastructure,trace,4327,user4327,malicious,attack 1,false positive
business,metric,3397,user3397,malicious,attack 2,false positive
business,log,3397,user3397,malicious,attack 2,false positive
business,trace,3397,user3397,malicious,attack 2,true positive
infrastructure,metric,5581,user5581,regular,no attack,false positive
infrastructure,log,5581,user5581,regular,no attack,false positive
infrastructure,trace,5581,user5581,regular,no attack,false positive
infrastructure,metric,1206,user1206,regular,no attack,false positive
infrastructure,log,1206,user1206,regular,no attack,false positive
infrastructure,trace,1206,user1206,regular,no attack,false positive
infrastructure,metric,3735,user3735,regular,no attack,false positive
infrastructure,log,3735,user3735,regular,no attack,false positive
infrastructure,trace,3735,user3735,regular,no attack,false positive
business,metric,7485,user7485,malicious,attack 2,false positive
business,log,7485,user7485,malicious,attack 2,false positive
business,trace,7485,user7485,malicious,attack 2,true positive
business,metric,7583,user7583,malicious,attack 1,false positive
business,log,7583,user7583,malicious,attack 1,true positive
business,trace,7583,user7583,malicious,attack 1,false positive
infrastructure,metric,4376,user4376,malicious,attack 2,false positive
infrastructure,log,4376,user4376,malicious,attack 2,false positive
infrastructure,trace,4376,user4376,malicious,attack 2,true positive
business,metric,8996,user8996,malicious,attack 1,false positive
business,log,8996,user8996,malicious,attack 1,true positive
business,trace,8996,user8996,malicious,attack 1,false positive
business,metric,6825,user6825,malicious,attack 1,false positive
business,log,6825,user6825,malicious,attack 1,true positive
business,trace,6825,user6825,malicious,attack 1,false positive
business,metric,4886,user4886,malicious,attack 1,false positive
business,log,4886,user4886,malicious,attack 1,true positive
business,trace,4886,user4886,malicious,attack 1,false positive
infrastructure,metric,8297,user8297,malicious,attack 1,false positive
infrastructure,log,8297,user8297,malicious,attack 1,true positive
infrastructure,trace,8297,user8297,malicious,attack 1,false positive
business,metric,3891,user3891,malicious,attack 1,false positive
business,log,3891,user3891,malicious,attack 1,true positive
business,trace,3891,user3891,malicious,attack 1,false positive
business,metric,2784,user2784,malicious,attack 1,false positive
business,log,2784,user2784,malicious,attack 1,true positive
business,trace,2784,user2784,malicious,attack 1,false positive
infrastructure,metric,6863,user6863,regular,no attack,false positive
infrastructure,log,6863,user6863,regular,no attack,false positive
infrastructure,trace,6863,user6863,regular,no attack,false positive
business,metric,8774,user8774,malicious,attack 2,false positive
business,log,8774,user8774,malicious,attack 2,false positive
business,trace,8774,user8774,malicious,attack 2,true positive
business,metric,949,user949,malicious,attack 2,false positive
business,log,949,user949,malicious,attack 2,false positive
business,trace,949,user949,malicious,attack 2,true positive
infrastructure,metric,607,user607,malicious,attack 1,false positive
infrastructure,log,607,user607,malicious,attack 1,true positive
infrastructure,trace,607,user607,malicious,attack 1,false positive
infrastructure,metric,4576,user4576,regular,no attack,false positive
infrastructure,log,4576,user4576,regular,no attack,false positive
infrastructure,trace,4576,user4576,regular,no attack,false positive
business,metric,8775,user8775,regular,no attack,false positive
business,log,8775,user8775,regular,no attack,false positive
business,trace,8775,user8775,regular,no attack,false positive
infrastructure,metric,8615,user8615,malicious,attack 1,false positive
infrastructure,log,8615,user8615,malicious,attack 1,true positive
infrastructure,trace,8615,user8615,malicious,attack 1,false positive
infrastructure,metric,6071,user6071,regular,no attack,false positive
infrastructure,log,6071,user6071,regular,no attack,false positive
infrastructure,trace,6071,user6071,regular,no attack,false positive
business,metric,6464,user6464,malicious,attack 2,false positive
business,log,6464,user6464,malicious,attack 2,false positive
business,trace,6464,user6464,malicious,attack 2,true positive
business,metric,9263,user9263,regular,no attack,false positive
business,log,9263,user9263,regular,no attack,false positive
business,trace,9263,user9263,regular,no attack,false positive
infrastructure,metric,6513,user6513,malicious,attack 1,false positive
infrastructure,log,6513,user6513,malicious,attack 1,true positive
infrastructure,trace,6513,user6513,malicious,attack 1,false positive
business,metric,9805,user9805,regular,no attack,false positive
business,log,9805,user9805,regular,no attack,false positive
business,trace,9805,user9805,regular,no attack,false positive
business,metric,1611,user1611,malicious,attack 1,false positive
business,log,1611,user1611,malicious,attack 1,true positive
business,trace,1611,user1611,malicious,attack 1,false positive
business,metric,9867,user9867,malicious,attack 2,false positive
business,log,9867,user9867,malicious,attack 2,false positive
business,trace,9867,user9867,malicious,attack 2,true positive
infrastructure,metric,4456,user4456,malicious,attack 1,false positive
infrastructure,log,4456,user4456,malicious,attack 1,true positive
infrastructure,trace,4456,user4456,malicious,attack 1,false positive
business,metric,118,user118,malicious,attack 1,false positive
business,log,118,user118,malicious,attack 1,true positive
business,trace,118,user118,malicious,attack 1,false positive
business,metric,7525,user7525,malicious,attack 2,false positive
business,log,7525,user7525,malicious,attack 2,false positive
business,trace,7525,user7525,malicious,attack 2,true positive
infrastructure,metric,9479,user9479,regular,no attack,false positive
infrastructure,log,9479,user9479,regular,no attack,false positive
infrastructure,trace,9479,user9479,regular,no attack,false positive
business,metric,2803,user2803,malicious,attack 2,false positive
business,log,2803,user2803,malicious,attack 2,false positive
business,trace,2803,user2803,malicious,attack 2,true positive
business,metric,2098,user2098,malicious,attack 1,false positive
business,log,2098,user2098,malicious,attack 1,true positive
business,trace,2098,user2098,malicious,attack 1,false positive
business,metric,5040,user5040,malicious,attack 1,false positive
business,log,5040,user5040,malicious,attack 1,true positive
business,trace,5040,user5040,malicious,attack 1,false positive
business,metric,4819,user4819,regular,no attack,false positive
business,log,4819,user4819,regular,no attack,false positive
business,trace,4819,user4819,regular,no attack,false positive
infrastructure,metric,7229,user7229,regular,no attack,false positive
infrastructure,log,7229,user7229,regular,no attack,false positive
infrastructure,trace,7229,user7229,regular,no attack,false positive
business,metric,6595,user6595,malicious,attack 1,false positive
business,log,6595,user6595,malicious,attack 1,true positive
business,trace,6595,user6595,malicious,attack 1,false positive
business,metric,4091,user4091,malicious,attack 1,false positive
business,log,4091,user4091,malicious,attack 1,true positive
business,trace,4091,user4091,malicious,attack 1,false positive
infrastructure,metric,7448,user7448,malicious,attack 1,false positive
infrastructure,log,7448,user7448,malicious,attack 1,true positive
infrastructure,trace,7448,user7448,malicious,attack 1,false positive
infrastructure,metric,5765,user5765,regular,no attack,false positive
infrastructure,log,5765,user5765,regular,no attack,false positive
infrastructure,trace,5765,user5765,regular,no attack,false positive
infrastructure,metric,9174,user9174,malicious,attack 2,false positive
infrastructure,log,9174,user9174,malicious,attack 2,false positive
infrastructure,trace,9174,user9174,malicious,attack 2,true positive
infrastructure,metric,1284,user1284,malicious,attack 1,false positive
infrastructure,log,1284,user1284,malicious,attack 1,true positive
infrastructure,trace,1284,user1284,malicious,attack 1,false positive
infrastructure,metric,407,user407,regular,no attack,false positive
infrastructure,log,407,user407,regular,no attack,false positive
infrastructure,trace,407,user407,regular,no attack,false positive
infrastructure,metric,2161,user2161,malicious,attack 1,false positive
infrastructure,log,2161,user2161,malicious,attack 1,true positive
infrastructure,trace,2161,user2161,malicious,attack 1,false positive
infrastructure,metric,1965,user1965,malicious,attack 1,false positive
infrastructure,log,1965,user1965,malicious,attack 1,true positive
infrastructure,trace,1965,user1965,malicious,attack 1,false positive
business,metric,6485,user6485,malicious,attack 2,false positive
business,log,6485,user6485,malicious,attack 2,false positive
business,trace,6485,user6485,malicious,attack 2,true positive
infrastructure,metric,5847,user5847,malicious,attack 1,false positive
infrastructure,log,5847,user5847,malicious,attack 1,true positive
infrastructure,trace,5847,user5847,malicious,attack 1,false positive
infrastructure,metric,6029,user6029,malicious,attack 2,false positive
infrastructure,log,6029,user6029,malicious,attack 2,false positive
infrastructure,trace,6029,user6029,malicious,attack 2,true positive
infrastructure,metric,3287,user3287,malicious,attack 2,false positive
infrastructure,log,3287,user3287,malicious,attack 2,false positive
infrastructure,trace,3287,user3287,malicious,attack 2,true positive
business,metric,1182,user1182,regular,no attack,false positive
business,log,1182,user1182,regular,no attack,false positive
business,trace,1182,user1182,regular,no attack,false positive
business,metric,5351,user5351,regular,no attack,false positive
business,log,5351,user5351,regular,no attack,false positive
business,trace,5351,user5351,regular,no attack,false positive
infrastructure,metric,3581,user3581,malicious,attack 1,false positive
infrastructure,log,3581,user3581,malicious,attack 1,true positive
infrastructure,trace,3581,user3581,malicious,attack 1,false positive
business,metric,3543,user3543,malicious,attack 2,false positive
business,log,3543,user3543,malicious,attack 2,false positive
business,trace,3543,user3543,malicious,attack 2,true positive
business,metric,7167,user7167,malicious,attack 2,false positive
business,log,7167,user7167,malicious,attack 2,false positive
business,trace,7167,user7167,malicious,attack 2,true positive
business,metric,9569,user9569,malicious,attack 2,false positive
business,log,9569,user9569,malicious,attack 2,false positive
business,trace,9569,user9569,malicious,attack 2,true positive
business,metric,5863,user5863,malicious,attack 2,false positive
business,log,5863,user5863,malicious,attack 2,false positive
business,trace,5863,user5863,malicious,attack 2,true positive
business,metric,411,user411,regular,no attack,false positive
business,log,411,user411,regular,no attack,false positive
business,trace,411,user411,regular,no attack,false positive
business,metric,5933,user5933,regular,no attack,false positive
business,log,5933,user5933,regular,no attack,false positive
business,trace,5933,user5933,regular,no attack,false positive
infrastructure,metric,4303,user4303,regular,no attack,false positive
infrastructure,log,4303,user4303,regular,no attack,false positive
infrastructure,trace,4303,user4303,regular,no attack,false positive
business,metric,1741,user1741,malicious,attack 1,false positive
business,log,1741,user1741,malicious,attack 1,true positive
business,trace,1741,user1741,malicious,attack 1,false positive
business,metric,6099,user6099,malicious,attack 1,false positive
business,log,6099,user6099,malicious,attack 1,true positive
business,trace,6099,user6099,malicious,attack 1,false positive
business,metric,9849,user9849,malicious,attack 2,false positive
business,log,9849,user9849,malicious,attack 2,false positive
business,trace,9849,user9849,malicious,attack 2,true positive
infrastructure,metric,8974,user8974,malicious,attack 2,false positive
infrastructure,log,8974,user8974,malicious,attack 2,false positive
infrastructure,trace,8974,user8974,malicious,attack 2,true positive
business,metric,9125,user9125,regular,no attack,false positive
business,log,9125,user9125,regular,no attack,false positive
business,trace,9125,user9125,regular,no attack,false positive
infrastructure,metric,7299,user7299,malicious,attack 2,false positive
infrastructure,log,7299,user7299,malicious,attack 2,false positive
infrastructure,trace,7299,user7299,malicious,attack 2,true positive
business,metric,2122,user2122,malicious,attack 1,false positive
business,log,2122,user2122,malicious,attack 1,true positive
business,trace,2122,user2122,malicious,attack 1,false positive
business,metric,8745,user8745,malicious,attack 1,false positive
business,log,8745,user8745,malicious,attack 1,true positive
business,trace,8745,user8745,malicious,attack 1,false positive
business,metric,2607,user2607,malicious,attack 2,false positive
business,log,2607,user2607,malicious,attack 2,false positive
business,trace,2607,user2607,malicious,attack 2,true positive
business,metric,340,user340,malicious,attack 2,false positive
business,log,340,user340,malicious,attack 2,false positive
business,trace,340,user340,malicious,attack 2,true positive
infrastructure,metric,5537,user5537,malicious,attack 1,false positive
infrastructure,log,5537,user5537,malicious,attack 1,true positive
infrastructure,trace,5537,user5537,malicious,attack 1,false positive
business,metric,4995,user4995,malicious,attack 2,false positive
business,log,4995,user4995,malicious,attack 2,false positive
business,trace,4995,user4995,malicious,attack 2,true positive
infrastructure,metric,7653,user7653,malicious,attack 1,false positive
infrastructure,log,7653,user7653,malicious,attack 1,true positive
infrastructure,trace,7653,user7653,malicious,attack 1,false positive
business,metric,3605,user3605,malicious,attack 1,false positive
business,log,3605,user3605,malicious,attack 1,true positive
business,trace,3605,user3605,malicious,attack 1,false positive
infrastructure,metric,28,user28,malicious,attack 2,false positive
infrastructure,log,28,user28,malicious,attack 2,false positive
infrastructure,trace,28,user28,malicious,attack 2,true positive
infrastructure,metric,2061,user2061,malicious,attack 1,false positive
infrastructure,log,2061,user2061,malicious,attack 1,true positive
infrastructure,trace,2061,user2061,malicious,attack 1,false positive
infrastructure,metric,153,user153,regular,no attack,false positive
infrastructure,log,153,user153,regular,no attack,false positive
infrastructure,trace,153,user153,regular,no attack,false positive
business,metric,2480,user2480,regular,no attack,false positive
business,log,2480,user2480,regular,no attack,false positive
business,trace,2480,user2480,regular,no attack,false positive
infrastructure,metric,541,user541,malicious,attack 1,false positive
infrastructure,log,541,user541,malicious,attack 1,true positive
infrastructure,trace,541,user541,malicious,attack 1,false positive
infrastructure,metric,8009,user8009,malicious,attack 1,false positive
infrastructure,log,8009,user8009,malicious,attack 1,true positive
infrastructure,trace,8009,user8009,malicious,attack 1,false positive
infrastructure,metric,8663,user8663,regular,no attack,false positive
infrastructure,log,8663,user8663,regular,no attack,false positive
infrastructure,trace,8663,user8663,regular,no attack,false positive
infrastructure,metric,3406,user3406,malicious,attack 2,false positive
infrastructure,log,3406,user3406,malicious,attack 2,false positive
infrastructure,trace,3406,user3406,malicious,attack 2,true positive
infrastructure,metric,5772,user5772,malicious,attack 1,false positive
infrastructure,log,5772,user5772,malicious,attack 1,true positive
infrastructure,trace,5772,user5772,malicious,attack 1,false positive
business,metric,2457,user2457,regular,no attack,false positive
business,log,2457,user2457,regular,no attack,false positive
business,trace,2457,user2457,regular,no attack,false positive
business,metric,7697,user7697,regular,no attack,false positive
business,log,7697,user7697,regular,no attack,false positive
business,trace,7697,user7697,regular,no attack,false positive
business,metric,727,user727,malicious,attack 1,false positive
business,log,727,user727,malicious,attack 1,true positive
business,trace,727,user727,malicious,attack 1,false positive
infrastructure,metric,9229,user9229,malicious,attack 1,false positive
infrastructure,log,9229,user9229,malicious,attack 1,true positive
infrastructure,trace,9229,user9229,malicious,attack 1,false positive
infrastructure,metric,2648,user2648,malicious,attack 1,false positive
infrastructure,log,2648,user2648,malicious,attack 1,true positive
infrastructure,trace,2648,user2648,malicious,attack 1,false positive
business,metric,4774,user4774,malicious,attack 2,false positive
business,log,4774,user4774,malicious,attack 2,false positive
business,trace,4774,user4774,malicious,attack 2,true positive
infrastructure,metric,8140,user8140,malicious,attack 2,false positive
infrastructure,log,8140,user8140,malicious,attack 2,false positive
infrastructure,trace,8140,user8140,malicious,attack 2,true positive
business,metric,3298,user3298,regular,no attack,false positive
business,log,3298,user3298,regular,no attack,false positive
business,trace,3298,user3298,regular,no attack,false positive
business,metric,1619,user1619,malicious,attack 2,false positive
business,log,1619,user1619,malicious,attack 2,false positive
business,trace,1619,user1619,malicious,attack 2,true positive
infrastructure,metric,8551,user8551,malicious,attack 2,false positive
infrastructure,log,8551,user8551,malicious,attack 2,false positive
infrastructure,trace,8551,user8551,malicious,attack 2,true positive
infrastructure,metric,5955,user5955,malicious,attack 1,false positive
infrastructure,log,5955,user5955,malicious,attack 1,true positive
infrastructure,trace,5955,user5955,malicious,attack 1,false positive
business,metric,6177,user6177,malicious,attack 2,false positive
business,log,6177,user6177,malicious,attack 2,false positive
business,trace,6177,user6177,malicious,attack 2,true positive
infrastructure,metric,7480,user7480,malicious,attack 2,false positive
infrastructure,log,7480,user7480,malicious,attack 2,false positive
infrastructure,trace,7480,user7480,malicious,attack 2,true positive
business,metric,7006,user7006,malicious,attack 2,false positive
business,log,7006,user7006,malicious,attack 2,false positive
business,trace,7006,user7006,malicious,attack 2,true positive
business,metric,1419,user1419,malicious,attack 2,false positive
business,log,1419,user1419,malicious,attack 2,false positive
business,trace,1419,user1419,malicious,attack 2,true positive
business,metric,8981,user8981,regular,no attack,false positive
business,log,8981,user8981,regular,no attack,false positive
business,trace,8981,user8981,regular,no attack,false positive
infrastructure,metric,9573,user9573,malicious,attack 1,false positive
infrastructure,log,9573,user9573,malicious,attack 1,true positive
infrastructure,trace,9573,user9573,malicious,attack 1,false positive
infrastructure,metric,4767,user4767,malicious,attack 2,false positive
infrastructure,log,4767,user4767,malicious,attack 2,false positive
infrastructure,trace,4767,user4767,malicious,attack 2,true positive
infrastructure,metric,5373,user5373,malicious,attack 2,false positive
infrastructure,log,5373,user5373,malicious,attack 2,false positive
infrastructure,trace,5373,user5373,malicious,attack 2,true positive
infrastructure,metric,2853,user2853,malicious,attack 2,false positive
infrastructure,log,2853,user2853,malicious,attack 2,false positive
infrastructure,trace,2853,user2853,malicious,attack 2,true positive
business,metric,7242,user7242,regular,no attack,false positive
business,log,7242,user7242,regular,no attack,false positive
business,trace,7242,user7242,regular,no attack,false positive
business,metric,8451,user8451,malicious,attack 2,false positive
business,log,8451,user8451,malicious,attack 2,false positive
business,trace,8451,user8451,malicious,attack 2,true positive
business,metric,1113,user1113,malicious,attack 2,false positive
business,log,1113,user1113,malicious,attack 2,false positive
business,trace,1113,user1113,malicious,attack 2,true positive
business,metric,868,user868,malicious,attack 1,false positive
business,log,868,user868,malicious,attack 1,true positive
business,trace,868,user868,malicious,attack 1,false positive
infrastructure,metric,1865,user1865,malicious,attack 1,false positive
infrastructure,log,1865,user1865,malicious,attack 1,true positive
infrastructure,trace,1865,user1865,malicious,attack 1,false positive
infrastructure,metric,396,user396,malicious,attack 2,false positive
infrastructure,log,396,user396,malicious,attack 2,false positive
infrastructure,trace,396,user396,malicious,attack 2,true positive
infrastructure,metric,4845,user4845,regular,no attack,false positive
infrastructure,log,4845,user4845,regular,no attack,false positive
infrastructure,trace,4845,user4845,regular,no attack,false positive
business,metric,7574,user7574,malicious,attack 2,false positive
business,log,7574,user7574,malicious,attack 2,false positive
business,trace,7574,user7574,malicious,attack 2,true positive
business,metric,1649,user1649,regular,no attack,false positive
business,log,1649,user1649,regular,no attack,false positive
business,trace,1649,user1649,regular,no attack,false positive
infrastructure,metric,4116,user4116,regular,no attack,false positive
infrastructure,log,4116,user4116,regular,no attack,false positive
infrastructure,trace,4116,user4116,regular,no attack,false positive
business,metric,1442,user1442,malicious,attack 1,false positive
business,log,1442,user1442,malicious,attack 1,true positive
business,trace,1442,user1442,malicious,attack 1,false positive
business,metric,59,user59,malicious,attack 2,false positive
business,log,59,user59,malicious,attack 2,false positive
business,trace,59,user59,malicious,attack 2,true positive
infrastructure,metric,359,user359,malicious,attack 2,false positive
infrastructure,log,359,user359,malicious,attack 2,false positive
infrastructure,trace,359,user359,malicious,attack 2,true positive
business,metric,8886,user8886,malicious,attack 2,false positive
business,log,8886,user8886,malicious,attack 2,false positive
business,trace,8886,user8886,malicious,attack 2,true positive
business,metric,5157,user5157,regular,no attack,false positive
business,log,5157,user5157,regular,no attack,false positive
business,trace,5157,user5157,regular,no attack,false positive
business,metric,6059,user6059,malicious,attack 1,false positive
business,log,6059,user6059,malicious,attack 1,true positive
business,trace,6059,user6059,malicious,attack 1,false positive
infrastructure,metric,5092,user5092,malicious,attack 2,false positive
infrastructure,log,5092,user5092,malicious,attack 2,false positive
infrastructure,trace,5092,user5092,malicious,attack 2,true positive
infrastructure,metric,5106,user5106,malicious,attack 1,false positive
infrastructure,log,5106,user5106,malicious,attack 1,true positive
infrastructure,trace,5106,user5106,malicious,attack 1,false positive
business,metric,6723,user6723,malicious,attack 1,false positive
business,log,6723,user6723,malicious,attack 1,true positive
business,trace,6723,user6723,malicious,attack 1,false positive
infrastructure,metric,4828,user4828,regular,no attack,false positive
infrastructure,log,4828,user4828,regular,no attack,false positive
infrastructure,trace,4828,user4828,regular,no attack,false positive
business,metric,7322,user7322,regular,no attack,false positive
business,log,7322,user7322,regular,no attack,false positive
business,trace,7322,user7322,regular,no attack,false positive
infrastructure,metric,1767,user1767,regular,no attack,false positive
infrastructure,log,1767,user1767,regular,no attack,false positive
infrastructure,trace,1767,user1767,regular,no attack,false positive
business,metric,5674,user5674,malicious,attack 1,false positive
business,log,5674,user5674,malicious,attack 1,true positive
business,trace,5674,user5674,malicious,attack 1,false positive
infrastructure,metric,9059,user9059,regular,no attack,false positive
infrastructure,log,9059,user9059,regular,no attack,false positive
infrastructure,trace,9059,user9059,regular,no attack,false positive
business,metric,4469,user4469,regular,no attack,false positive
business,log,4469,user4469,regular,no attack,false positive
business,trace,4469,user4469,regular,no attack,false positive
infrastructure,metric,3960,user3960,malicious,attack 2,false positive
infrastructure,log,3960,user3960,malicious,attack 2,false positive
infrastructure,trace,3960,user3960,malicious,attack 2,true positive
business,metric,2309,user2309,malicious,attack 1,false positive
business,log,2309,user2309,malicious,attack 1,true positive
business,trace,2309,user2309,malicious,attack 1,false positive
infrastructure,metric,9923,user9923,malicious,attack 2,false positive
infrastructure,log,9923,user9923,malicious,attack 2,false positive
infrastructure,trace,9923,user9923,malicious,attack 2,true positive
business,metric,5250,user5250,malicious,attack 2,false positive
business,log,5250,user5250,malicious,attack 2,false positive
business,trace,5250,user5250,malicious,attack 2,true positive
business,metric,5219,user5219,regular,no attack,false positive
business,log,5219,user5219,regular,no attack,false positive
business,trace,5219,user5219,regular,no attack,false positive
infrastructure,metric,959,user959,malicious,attack 2,false positive
infrastructure,log,959,user959,malicious,attack 2,false positive
infrastructure,trace,959,user959,malicious,attack 2,true positive
infrastructure,metric,8316,user8316,regular,no attack,false positive
infrastructure,log,8316,user8316,regular,no attack,false positive
infrastructure,trace,8316,user8316,regular,no attack,false positive
infrastructure,metric,7329,user7329,regular,no attack,false positive
infrastructure,log,7329,user7329,regular,no attack,false positive
infrastructure,trace,7329,user7329,regular,no attack,false positive
business,metric,7179,user7179,regular,no attack,false positive
business,log,7179,user7179,regular,no attack,false positive
business,trace,7179,user7179,regular,no attack,false positive
business,metric,6829,user6829,malicious,attack 2,false positive
business,log,6829,user6829,malicious,attack 2,false positive
business,trace,6829,user6829,malicious,attack 2,true positive
infrastructure,metric,4373,user4373,malicious,attack 1,false positive
infrastructure,log,4373,user4373,malicious,attack 1,true positive
infrastructure,trace,4373,user4373,malicious,attack 1,false positive
infrastructure,metric,1318,user1318,malicious,attack 1,false positive
infrastructure,log,1318,user1318,malicious,attack 1,true positive
infrastructure,trace,1318,user1318,malicious,attack 1,false positive
infrastructure,metric,3183,user3183,malicious,attack 1,false positive
infrastructure,log,3183,user3183,malicious,attack 1,true positive
infrastructure,trace,3183,user3183,malicious,attack 1,false positive
infrastructure,metric,666,user666,regular,no attack,false positive
infrastructure,log,666,user666,regular,no attack,false positive
infrastructure,trace,666,user666,regular,no attack,false positive
business,metric,5262,user5262,malicious,attack 1,false positive
business,log,5262,user5262,malicious,attack 1,true positive
business,trace,5262,user5262,malicious,attack 1,false positive
infrastructure,metric,5384,user5384,malicious,attack 2,false positive
infrastructure,log,5384,user5384,malicious,attack 2,false positive
infrastructure,trace,5384,user5384,malicious,attack 2,true positive
infrastructure,metric,6039,user6039,malicious,attack 1,false positive
infrastructure,log,6039,user6039,malicious,attack 1,true positive
infrastructure,trace,6039,user6039,malicious,attack 1,false positive
business,metric,4971,user4971,regular,no attack,false positive
business,log,4971,user4971,regular,no attack,false positive
business,trace,4971,user4971,regular,no attack,false positive
business,metric,5813,user5813,regular,no attack,false positive
business,log,5813,user5813,regular,no attack,false positive
business,trace,5813,user5813,regular,no attack,false positive
business,metric,8912,user8912,regular,no attack,false positive
business,log,8912,user8912,regular,no attack,false positive
business,trace,8912,user8912,regular,no attack,false positive
business,metric,9703,user9703,malicious,attack 1,false positive
business,log,9703,user9703,malicious,attack 1,true positive
business,trace,9703,user9703,malicious,attack 1,false positive
business,metric,4198,user4198,regular,no attack,false positive
business,log,4198,user4198,regular,no attack,false positive
business,trace,4198,user4198,regular,no attack,false positive
infrastructure,metric,5378,user5378,malicious,attack 2,false positive
infrastructure,log,5378,user5378,malicious,attack 2,false positive
infrastructure,trace,5378,user5378,malicious,attack 2,true positive
infrastructure,metric,7055,user7055,malicious,attack 2,false positive
infrastructure,log,7055,user7055,malicious,attack 2,false positive
infrastructure,trace,7055,user7055,malicious,attack 2,true positive
infrastructure,metric,2494,user2494,malicious,attack 1,false positive
infrastructure,log,2494,user2494,malicious,attack 1,true positive
infrastructure,trace,2494,user2494,malicious,attack 1,false positive
infrastructure,metric,5291,user5291,malicious,attack 1,false positive
infrastructure,log,5291,user5291,malicious,attack 1,true positive
infrastructure,trace,5291,user5291,malicious,attack 1,false positive
business,metric,998,user998,regular,no attack,false positive
business,log,998,user998,regular,no attack,false positive
business,trace,998,user998,regular,no attack,false positive
business,metric,5984,user5984,malicious,attack 1,false positive
business,log,5984,user5984,malicious,attack 1,true positive
business,trace,5984,user5984,malicious,attack 1,false positive
infrastructure,metric,8866,user8866,malicious,attack 2,false positive
infrastructure,log,8866,user8866,malicious,attack 2,false positive
infrastructure,trace,8866,user8866,malicious,attack 2,true positive
business,metric,5654,user5654,regular,no attack,false positive
business,log,5654,user5654,regular,no attack,false positive
business,trace,5654,user5654,regular,no attack,false positive
infrastructure,metric,3021,user3021,malicious,attack 1,false positive
infrastructure,log,3021,user3021,malicious,attack 1,true positive
infrastructure,trace,3021,user3021,malicious,attack 1,false positive
infrastructure,metric,3987,user3987,regular,no attack,false positive
infrastructure,log,3987,user3987,regular,no attack,false positive
infrastructure,trace,3987,user3987,regular,no attack,false positive
business,metric,4814,user4814,malicious,attack 2,false positive
business,log,4814,user4814,malicious,attack 2,false positive
business,trace,4814,user4814,malicious,attack 2,true positive
infrastructure,metric,2072,user2072,malicious,attack 2,false positive
infrastructure,log,2072,user2072,malicious,attack 2,false positive
infrastructure,trace,2072,user2072,malicious,attack 2,true positive
infrastructure,metric,6236,user6236,malicious,attack 1,false positive
infrastructure,log,6236,user6236,malicious,attack 1,true positive
infrastructure,trace,6236,user6236,malicious,attack 1,false positive
business,metric,3869,user3869,regular,no attack,false positive
business,log,3869,user3869,regular,no attack,false positive
business,trace,3869,user3869,regular,no attack,false positive
infrastructure,metric,6130,user6130,malicious,attack 1,false positive
infrastructure,log,6130,user6130,malicious,attack 1,true positive
infrastructure,trace,6130,user6130,malicious,attack 1,false positive
business,metric,348,user348,malicious,attack 2,false positive
business,log,348,user348,malicious,attack 2,false positive
business,trace,348,user348,malicious,attack 2,true positive
infrastructure,metric,6458,user6458,malicious,attack 2,false positive
infrastructure,log,6458,user6458,malicious,attack 2,false positive
infrastructure,trace,6458,user6458,malicious,attack 2,true positive
business,metric,7363,user7363,malicious,attack 2,false positive
business,log,7363,user7363,malicious,attack 2,false positive
business,trace,7363,user7363,malicious,attack 2,true positive
business,metric,8349,user8349,malicious,attack 1,false positive
business,log,8349,user8349,malicious,attack 1,true positive
business,trace,8349,user8349,malicious,attack 1,false positive
infrastructure,metric,7897,user7897,regular,no attack,false positive
infrastructure,log,7897,user7897,regular,no attack,false positive
infrastructure,trace,7897,user7897,regular,no attack,false positive
business,metric,6307,user6307,malicious,attack 2,false positive
business,log,6307,user6307,malicious,attack 2,false positive
business,trace,6307,user6307,malicious,attack 2,true positive
infrastructure,metric,3327,user3327,malicious,attack 1,false positive
infrastructure,log,3327,user3327,malicious,attack 1,true positive
infrastructure,trace,3327,user3327,malicious,attack 1,false positive
business,metric,3415,user3415,regular,no attack,false positive
business,log,3415,user3415,regular,no attack,false positive
business,trace,3415,user3415,regular,no attack,false positive
infrastructure,metric,9458,user9458,regular,no attack,false positive
infrastructure,log,9458,user9458,regular,no attack,false positive
infrastructure,trace,9458,user9458,regular,no attack,false positive
infrastructure,metric,3767,user3767,malicious,attack 2,false positive
infrastructure,log,3767,user3767,malicious,attack 2,false positive
infrastructure,trace,3767,user3767,malicious,attack 2,true positive
business,metric,9525,user9525,malicious,attack 2,false positive
business,log,9525,user9525,malicious,attack 2,false positive
business,trace,9525,user9525,malicious,attack 2,true positive
infrastructure,metric,9898,user9898,regular,no attack,false positive
infrastructure,log,9898,user9898,regular,no attack,false positive
infrastructure,trace,9898,user9898,regular,no attack,false positive
infrastructure,metric,8710,user8710,regular,no attack,false positive
infrastructure,log,8710,user8710,regular,no attack,false positive
infrastructure,trace,8710,user8710,regular,no attack,false positive
business,metric,7210,user7210,regular,no attack,false positive
business,log,7210,user7210,regular,no attack,false positive
business,trace,7210,user7210,regular,no attack,false positive
business,metric,8491,user8491,malicious,attack 1,false positive
business,log,8491,user8491,malicious,attack 1,true positive
business,trace,8491,user8491,malicious,attack 1,false positive
business,metric,6799,user6799,regular,no attack,false positive
business,log,6799,user6799,regular,no attack,false positive
business,trace,6799,user6799,regular,no attack,false positive
business,metric,3998,user3998,regular,no attack,false positive
business,log,3998,user3998,regular,no attack,false positive
business,trace,3998,user3998,regular,no attack,false positive
business,metric,2154,user2154,malicious,attack 2,false positive
business,log,2154,user2154,malicious,attack 2,false positive
business,trace,2154,user2154,malicious,attack 2,true positive
business,metric,6070,user6070,regular,no attack,false positive
business,log,6070,user6070,regular,no attack,false positive
business,trace,6070,user6070,regular,no attack,false positive
business,metric,6940,user6940,malicious,attack 2,false positive
business,log,6940,user6940,malicious,attack 2,false positive
business,trace,6940,user6940,malicious,attack 2,true positive
business,metric,9124,user9124,malicious,attack 1,false positive
business,log,9124,user9124,malicious,attack 1,true positive
business,trace,9124,user9124,malicious,attack 1,false positive
business,metric,3385,user3385,malicious,attack 1,false positive
business,log,3385,user3385,malicious,attack 1,true positive
business,trace,3385,user3385,malicious,attack 1,false positive
business,metric,1781,user1781,malicious,attack 2,false positive
business,log,1781,user1781,malicious,attack 2,false positive
business,trace,1781,user1781,malicious,attack 2,true positive
business,metric,1259,user1259,malicious,attack 2,false positive
business,log,1259,user1259,malicious,attack 2,false positive
business,trace,1259,user1259,malicious,attack 2,true positive
business,metric,2464,user2464,malicious,attack 1,false positive
business,log,2464,user2464,malicious,attack 1,true positive
business,trace,2464,user2464,malicious,attack 1,false positive
business,metric,3294,user3294,regular,no attack,false positive
business,log,3294,user3294,regular,no attack,false positive
business,trace,3294,user3294,regular,no attack,false positive
business,metric,1998,user1998,malicious,attack 1,false positive
business,log,1998,user1998,malicious,attack 1,true positive
business,trace,1998,user1998,malicious,attack 1,false positive
business,metric,7721,user7721,malicious,attack 1,false positive
business,log,7721,user7721,malicious,attack 1,true positive
business,trace,7721,user7721,malicious,attack 1,false positive
business,metric,8165,user8165,regular,no attack,false positive
business,log,8165,user8165,regular,no attack,false positive
business,trace,8165,user8165,regular,no attack,false positive
business,metric,3467,user3467,regular,no attack,false positive
business,log,3467,user3467,regular,no attack,false positive
business,trace,3467,user3467,regular,no attack,false positive
infrastructure,metric,9129,user9129,malicious,attack 1,false positive
infrastructure,log,9129,user9129,malicious,attack 1,true positive
infrastructure,trace,9129,user9129,malicious,attack 1,false positive
infrastructure,metric,2311,user2311,regular,no attack,false positive
infrastructure,log,2311,user2311,regular,no attack,false positive
infrastructure,trace,2311,user2311,regular,no attack,false positive
business,metric,7736,user7736,malicious,attack 2,false positive
business,log,7736,user7736,malicious,attack 2,false positive
business,trace,7736,user7736,malicious,attack 2,true positive
business,metric,8741,user8741,regular,no attack,false positive
business,log,8741,user8741,regular,no attack,false positive
business,trace,8741,user8741,regular,no attack,false positive
infrastructure,metric,333,user333,malicious,attack 2,false positive
infrastructure,log,333,user333,malicious,attack 2,false positive
infrastructure,trace,333,user333,malicious,attack 2,true positive
business,metric,5548,user5548,malicious,attack 2,false positive
business,log,5548,user5548,malicious,attack 2,false positive
business,trace,5548,user5548,malicious,attack 2,true positive
business,metric,14,user14,malicious,attack 1,false positive
business,log,14,user14,malicious,attack 1,true positive
business,trace,14,user14,malicious,attack 1,false positive
business,metric,1149,user1149,malicious,attack 1,false positive
business,log,1149,user1149,malicious,attack 1,true positive
business,trace,1149,user1149,malicious,attack 1,false positive
infrastructure,metric,3463,user3463,malicious,attack 2,false positive
infrastructure,log,3463,user3463,malicious,attack 2,false positive
infrastructure,trace,3463,user3463,malicious,attack 2,true positive
business,metric,3104,user3104,regular,no attack,false positive
business,log,3104,user3104,regular,no attack,false positive
business,trace,3104,user3104,regular,no attack,false positive
infrastructure,metric,860,user860,regular,no attack,false positive
infrastructure,log,860,user860,regular,no attack,false positive
infrastructure,trace,860,user860,regular,no attack,false positive
business,metric,4528,user4528,malicious,attack 1,false positive
business,log,4528,user4528,malicious,attack 1,true positive
business,trace,4528,user4528,malicious,attack 1,false positive
infrastructure,metric,936,user936,malicious,attack 1,false positive
infrastructure,log,936,user936,malicious,attack 1,true positive
infrastructure,trace,936,user936,malicious,attack 1,false positive
infrastructure,metric,7891,user7891,regular,no attack,false positive
infrastructure,log,7891,user7891,regular,no attack,false positive
infrastructure,trace,7891,user7891,regular,no attack,false positive
infrastructure,metric,5898,user5898,malicious,attack 1,false positive
infrastructure,log,5898,user5898,malicious,attack 1,true positive
infrastructure,trace,5898,user5898,malicious,attack 1,false positive
infrastructure,metric,4458,user4458,regular,no attack,false positive
infrastructure,log,4458,user4458,regular,no attack,false positive
infrastructure,trace,4458,user4458,regular,no attack,false positive
infrastructure,metric,6645,user6645,malicious,attack 2,false positive
infrastructure,log,6645,user6645,malicious,attack 2,false positive
infrastructure,trace,6645,user6645,malicious,attack 2,true positive
infrastructure,metric,1489,user1489,malicious,attack 1,false positive
infrastructure,log,1489,user1489,malicious,attack 1,true positive
infrastructure,trace,1489,user1489,malicious,attack 1,false positive
business,metric,695,user695,malicious,attack 1,false positive
business,log,695,user695,malicious,attack 1,true positive
business,trace,695,user695,malicious,attack 1,false positive
business,metric,4548,user4548,malicious,attack 1,false positive
business,log,4548,user4548,malicious,attack 1,true positive
business,trace,4548,user4548,malicious,attack 1,false positive
infrastructure,metric,9051,user9051,malicious,attack 2,false positive
infrastructure,log,9051,user9051,malicious,attack 2,false positive
infrastructure,trace,9051,user9051,malicious,attack 2,true positive
business,metric,7966,user7966,malicious,attack 1,false positive
business,log,7966,user7966,malicious,attack 1,true positive
business,trace,7966,user7966,malicious,attack 1,false positive
infrastructure,metric,5848,user5848,malicious,attack 1,false positive
infrastructure,log,5848,user5848,malicious,attack 1,true positive
infrastructure,trace,5848,user5848,malicious,attack 1,false positive
infrastructure,metric,3370,user3370,malicious,attack 2,false positive
infrastructure,log,3370,user3370,malicious,attack 2,false positive
infrastructure,trace,3370,user3370,malicious,attack 2,true positive
infrastructure,metric,6252,user6252,malicious,attack 2,false positive
infrastructure,log,6252,user6252,malicious,attack 2,false positive
infrastructure,trace,6252,user6252,malicious,attack 2,true positive
business,metric,1890,user1890,malicious,attack 1,false positive
business,log,1890,user1890,malicious,attack 1,true positive
business,trace,1890,user1890,malicious,attack 1,false positive
business,metric,5327,user5327,malicious,attack 1,false positive
business,log,5327,user5327,malicious,attack 1,true positive
business,trace,5327,user5327,malicious,attack 1,false positive
infrastructure,metric,2599,user2599,regular,no attack,false positive
infrastructure,log,2599,user2599,regular,no attack,false positive
infrastructure,trace,2599,user2599,regular,no attack,false positive
business,metric,8669,user8669,malicious,attack 1,false positive
business,log,8669,user8669,malicious,attack 1,true positive
business,trace,8669,user8669,malicious,attack 1,false positive
business,metric,9635,user9635,regular,no attack,false positive
business,log,9635,user9635,regular,no attack,false positive
business,trace,9635,user9635,regular,no attack,false positive
infrastructure,metric,4446,user4446,malicious,attack 1,false positive
infrastructure,log,4446,user4446,malicious,attack 1,true positive
infrastructure,trace,4446,user4446,malicious,attack 1,false positive
business,metric,4260,user4260,regular,no attack,false positive
business,log,4260,user4260,regular,no attack,false positive
business,trace,4260,user4260,regular,no attack,false positive
business,metric,8556,user8556,regular,no attack,false positive
business,log,8556,user8556,regular,no attack,false positive
business,trace,8556,user8556,regular,no attack,false positive
business,metric,6209,user6209,malicious,attack 2,false positive
business,log,6209,user6209,malicious,attack 2,false positive
business,trace,6209,user6209,malicious,attack 2,true positive
infrastructure,metric,7162,user7162,malicious,attack 1,false positive
infrastructure,log,7162,user7162,malicious,attack 1,true positive
infrastructure,trace,7162,user7162,malicious,attack 1,false positive
business,metric,3039,user3039,malicious,attack 1,false positive
business,log,3039,user3039,malicious,attack 1,true positive
business,trace,3039,user3039,malicious,attack 1,false positive
business,metric,1858,user1858,malicious,attack 1,false positive
business,log,1858,user1858,malicious,attack 1,true positive
business,trace,1858,user1858,malicious,attack 1,false positive
business,metric,504,user504,malicious,attack 1,false positive
business,log,504,user504,malicious,attack 1,true positive
business,trace,504,user504,malicious,attack 1,false positive
infrastructure,metric,635,user635,malicious,attack 2,false positive
infrastructure,log,635,user635,malicious,attack 2,false positive
infrastructure,trace,635,user635,malicious,attack 2,true positive
infrastructure,metric,7103,user7103,malicious,attack 2,false positive
infrastructure,log,7103,user7103,malicious,attack 2,false positive
infrastructure,trace,7103,user7103,malicious,attack 2,true positive
business,metric,957,user957,regular,no attack,false positive
business,log,957,user957,regular,no attack,false positive
business,trace,957,user957,regular,no attack,false positive
business,metric,6218,user6218,malicious,attack 2,false positive
business,log,6218,user6218,malicious,attack 2,false positive
business,trace,6218,user6218,malicious,attack 2,true positive
infrastructure,metric,3360,user3360,malicious,attack 2,false positive
infrastructure,log,3360,user3360,malicious,attack 2,false positive
infrastructure,trace,3360,user3360,malicious,attack 2,true positive
business,metric,6265,user6265,malicious,attack 2,false positive
business,log,6265,user6265,malicious,attack 2,false positive
business,trace,6265,user6265,malicious,attack 2,true positive
infrastructure,metric,3602,user3602,regular,no attack,false positive
infrastructure,log,3602,user3602,regular,no attack,false positive
infrastructure,trace,3602,user3602,regular,no attack,false positive
business,metric,174,user174,malicious,attack 2,false positive
business,log,174,user174,malicious,attack 2,false positive
business,trace,174,user174,malicious,attack 2,true positive
business,metric,1775,user1775,malicious,attack 1,false positive
business,log,1775,user1775,malicious,attack 1,true positive
business,trace,1775,user1775,malicious,attack 1,false positive
business,metric,9636,user9636,malicious,attack 1,false positive
business,log,9636,user9636,malicious,attack 1,true positive
business,trace,9636,user9636,malicious,attack 1,false positive
infrastructure,metric,3602,user3602,regular,no attack,false positive
infrastructure,log,3602,user3602,regular,no attack,false positive
infrastructure,trace,3602,user3602,regular,no attack,false positive
infrastructure,metric,9530,user9530,malicious,attack 2,false positive
infrastructure,log,9530,user9530,malicious,attack 2,false positive
infrastructure,trace,9530,user9530,malicious,attack 2,true positive
business,metric,544,user544,regular,no attack,false positive
business,log,544,user544,regular,no attack,false positive
business,trace,544,user544,regular,no attack,false positive
infrastructure,metric,5562,user5562,regular,no attack,false positive
infrastructure,log,5562,user5562,regular,no attack,false positive
infrastructure,trace,5562,user5562,regular,no attack,false positive
business,metric,5162,user5162,regular,no attack,false positive
business,log,5162,user5162,regular,no attack,false positive
business,trace,5162,user5162,regular,no attack,false positive
infrastructure,metric,7600,user7600,malicious,attack 1,false positive
infrastructure,log,7600,user7600,malicious,attack 1,true positive
infrastructure,trace,7600,user7600,malicious,attack 1,false positive
infrastructure,metric,617,user617,malicious,attack 1,false positive
infrastructure,log,617,user617,malicious,attack 1,true positive
infrastructure,trace,617,user617,malicious,attack 1,false positive
infrastructure,metric,3557,user3557,regular,no attack,false positive
infrastructure,log,3557,user3557,regular,no attack,false positive
infrastructure,trace,3557,user3557,regular,no attack,false positive
business,metric,2801,user2801,regular,no attack,false positive
business,log,2801,user2801,regular,no attack,false positive
business,trace,2801,user2801,regular,no attack,false positive
business,metric,8867,user8867,malicious,attack 1,false positive
business,log,8867,user8867,malicious,attack 1,true positive
business,trace,8867,user8867,malicious,attack 1,false positive
infrastructure,metric,9828,user9828,malicious,attack 2,false positive
infrastructure,log,9828,user9828,malicious,attack 2,false positive
infrastructure,trace,9828,user9828,malicious,attack 2,true positive
business,metric,6045,user6045,malicious,attack 1,false positive
business,log,6045,user6045,malicious,attack 1,true positive
business,trace,6045,user6045,malicious,attack 1,false positive
infrastructure,metric,995,user995,regular,no attack,false positive
infrastructure,log,995,user995,regular,no attack,false positive
infrastructure,trace,995,user995,regular,no attack,false positive
business,metric,7600,user7600,malicious,attack 2,false positive
business,log,7600,user7600,malicious,attack 2,false positive
business,trace,7600,user7600,malicious,attack 2,true positive
infrastructure,metric,6651,user6651,regular,no attack,false positive
infrastructure,log,6651,user6651,regular,no attack,false positive
infrastructure,trace,6651,user6651,regular,no attack,false positive
business,metric,551,user551,malicious,attack 2,false positive
business,log,551,user551,malicious,attack 2,false positive
business,trace,551,user551,malicious,attack 2,true positive
infrastructure,metric,4687,user4687,malicious,attack 2,false positive
infrastructure,log,4687,user4687,malicious,attack 2,false positive
infrastructure,trace,4687,user4687,malicious,attack 2,true positive
infrastructure,metric,4662,user4662,malicious,attack 2,false positive
infrastructure,log,4662,user4662,malicious,attack 2,false positive
infrastructure,trace,4662,user4662,malicious,attack 2,true positive
infrastructure,metric,8790,user8790,malicious,attack 2,false positive
infrastructure,log,8790,user8790,malicious,attack 2,false positive
infrastructure,trace,8790,user8790,malicious,attack 2,true positive
business,metric,6057,user6057,malicious,attack 2,false positive
business,log,6057,user6057,malicious,attack 2,false positive
business,trace,6057,user6057,malicious,attack 2,true positive
business,metric,3155,user3155,regular,no attack,false positive
business,log,3155,user3155,regular,no attack,false positive
business,trace,3155,user3155,regular,no attack,false positive
infrastructure,metric,3797,user3797,regular,no attack,false positive
infrastructure,log,3797,user3797,regular,no attack,false positive
infrastructure,trace,3797,user3797,regular,no attack,false positive
business,metric,7893,user7893,malicious,attack 1,false positive
business,log,7893,user7893,malicious,attack 1,true positive
business,trace,7893,user7893,malicious,attack 1,false positive
infrastructure,metric,718,user718,regular,no attack,false positive
infrastructure,log,718,user718,regular,no attack,false positive
infrastructure,trace,718,user718,regular,no attack,false positive
infrastructure,metric,9945,user9945,malicious,attack 2,false positive
infrastructure,log,9945,user9945,malicious,attack 2,false positive
infrastructure,trace,9945,user9945,malicious,attack 2,true positive
business,metric,3095,user3095,regular,no attack,false positive
business,log,3095,user3095,regular,no attack,false positive
business,trace,3095,user3095,regular,no attack,false positive
infrastructure,metric,5367,user5367,regular,no attack,false positive
infrastructure,log,5367,user5367,regular,no attack,false positive
infrastructure,trace,5367,user5367,regular,no attack,false positive
business,metric,4879,user4879,malicious,attack 2,false positive
business,log,4879,user4879,malicious,attack 2,false positive
business,trace,4879,user4879,malicious,attack 2,true positive
business,metric,1049,user1049,malicious,attack 1,false positive
business,log,1049,user1049,malicious,attack 1,true positive
business,trace,1049,user1049,malicious,attack 1,false positive
infrastructure,metric,9187,user9187,malicious,attack 1,false positive
infrastructure,log,9187,user9187,malicious,attack 1,true positive
infrastructure,trace,9187,user9187,malicious,attack 1,false positive
business,metric,6339,user6339,regular,no attack,false positive
business,log,6339,user6339,regular,no attack,false positive
business,trace,6339,user6339,regular,no attack,false positive
infrastructure,metric,4193,user4193,malicious,attack 1,false positive
infrastructure,log,4193,user4193,malicious,attack 1,true positive
infrastructure,trace,4193,user4193,malicious,attack 1,false positive
infrastructure,metric,8571,user8571,regular,no attack,false positive
infrastructure,log,8571,user8571,regular,no attack,false positive
infrastructure,trace,8571,user8571,regular,no attack,false positive
business,metric,5102,user5102,malicious,attack 2,false positive
business,log,5102,user5102,malicious,attack 2,false positive
business,trace,5102,user5102,malicious,attack 2,true positive
business,metric,7687,user7687,malicious,attack 1,false positive
business,log,7687,user7687,malicious,attack 1,true positive
business,trace,7687,user7687,malicious,attack 1,false positive
infrastructure,metric,7322,user7322,regular,no attack,false positive
infrastructure,log,7322,user7322,regular,no attack,false positive
infrastructure,trace,7322,user7322,regular,no attack,false positive
infrastructure,metric,7070,user7070,malicious,attack 1,false positive
infrastructure,log,7070,user7070,malicious,attack 1,true positive
infrastructure,trace,7070,user7070,malicious,attack 1,false positive
infrastructure,metric,3629,user3629,malicious,attack 1,false positive
infrastructure,log,3629,user3629,malicious,attack 1,true positive
infrastructure,trace,3629,user3629,malicious,attack 1,false positive
business,metric,3265,user3265,regular,no attack,false positive
business,log,3265,user3265,regular,no attack,false positive
business,trace,3265,user3265,regular,no attack,false positive
infrastructure,metric,6688,user6688,malicious,attack 1,false positive
infrastructure,log,6688,user6688,malicious,attack 1,true positive
infrastructure,trace,6688,user6688,malicious,attack 1,false positive
infrastructure,metric,747,user747,malicious,attack 1,false positive
infrastructure,log,747,user747,malicious,attack 1,true positive
infrastructure,trace,747,user747,malicious,attack 1,false positive
business,metric,4572,user4572,regular,no attack,false positive
business,log,4572,user4572,regular,no attack,false positive
business,trace,4572,user4572,regular,no attack,false positive
business,metric,5288,user5288,regular,no attack,false positive
business,log,5288,user5288,regular,no attack,false positive
business,trace,5288,user5288,regular,no attack,false positive
business,metric,7339,user7339,regular,no attack,false positive
business,log,7339,user7339,regular,no attack,false positive
business,trace,7339,user7339,regular,no attack,false positive
business,metric,1409,user1409,regular,no attack,false positive
business,log,1409,user1409,regular,no attack,false positive
business,trace,1409,user1409,regular,no attack,false positive
business,metric,1489,user1489,malicious,attack 2,false positive
business,log,1489,user1489,malicious,attack 2,false positive
business,trace,1489,user1489,malicious,attack 2,true positive
infrastructure,metric,6413,user6413,malicious,attack 1,false positive
infrastructure,log,6413,user6413,malicious,attack 1,true positive
infrastructure,trace,6413,user6413,malicious,attack 1,false positive
infrastructure,metric,3036,user3036,regular,no attack,false positive
infrastructure,log,3036,user3036,regular,no attack,false positive
infrastructure,trace,3036,user3036,regular,no attack,false positive
infrastructure,metric,5431,user5431,regular,no attack,false positive
infrastructure,log,5431,user5431,regular,no attack,false positive
infrastructure,trace,5431,user5431,regular,no attack,false positive
business,metric,6222,user6222,malicious,attack 2,false positive
business,log,6222,user6222,malicious,attack 2,false positive
business,trace,6222,user6222,malicious,attack 2,true positive
infrastructure,metric,512,user512,regular,no attack,false positive
infrastructure,log,512,user512,regular,no attack,false positive
infrastructure,trace,512,user512,regular,no attack,false positive
infrastructure,metric,358,user358,malicious,attack 2,false positive
infrastructure,log,358,user358,malicious,attack 2,false positive
infrastructure,trace,358,user358,malicious,attack 2,true positive
business,metric,384,user384,malicious,attack 1,false positive
business,log,384,user384,malicious,attack 1,true positive
business,trace,384,user384,malicious,attack 1,false positive
business,metric,4154,user4154,malicious,attack 1,false positive
business,log,4154,user4154,malicious,attack 1,true positive
business,trace,4154,user4154,malicious,attack 1,false positive
infrastructure,metric,5123,user5123,regular,no attack,false positive
infrastructure,log,5123,user5123,regular,no attack,false positive
infrastructure,trace,5123,user5123,regular,no attack,false positive
business,metric,9853,user9853,malicious,attack 2,false positive
business,log,9853,user9853,malicious,attack 2,false positive
business,trace,9853,user9853,malicious,attack 2,true positive
business,metric,8774,user8774,malicious,attack 2,false positive
business,log,8774,user8774,malicious,attack 2,false positive
business,trace,8774,user8774,malicious,attack 2,true positive
business,metric,9309,user9309,malicious,attack 1,false positive
business,log,9309,user9309,malicious,attack 1,true positive
business,trace,9309,user9309,malicious,attack 1,false positive
business,metric,1496,user1496,malicious,attack 2,false positive
business,log,1496,user1496,malicious,attack 2,false positive
business,trace,1496,user1496,malicious,attack 2,true positive
business,metric,4086,user4086,malicious,attack 1,false positive
business,log,4086,user4086,malicious,attack 1,true positive
business,trace,4086,user4086,malicious,attack 1,false positive
business,metric,9658,user9658,malicious,attack 2,false positive
business,log,9658,user9658,malicious,attack 2,false positive
business,trace,9658,user9658,malicious,attack 2,true positive
infrastructure,metric,8078,user8078,malicious,attack 1,false positive
infrastructure,log,8078,user8078,malicious,attack 1,true positive
infrastructure,trace,8078,user8078,malicious,attack 1,false positive
business,metric,5274,user5274,malicious,attack 2,false positive
business,log,5274,user5274,malicious,attack 2,false positive
business,trace,5274,user5274,malicious,attack 2,true positive
infrastructure,metric,1515,user1515,regular,no attack,false positive
infrastructure,log,1515,user1515,regular,no attack,false positive
infrastructure,trace,1515,user1515,regular,no attack,false positive
business,metric,3922,user3922,malicious,attack 1,false positive
business,log,3922,user3922,malicious,attack 1,true positive
business,trace,3922,user3922,malicious,attack 1,false positive
infrastructure,metric,1084,user1084,regular,no attack,false positive
infrastructure,log,1084,user1084,regular,no attack,false positive
infrastructure,trace,1084,user1084,regular,no attack,false positive
infrastructure,metric,5119,user5119,malicious,attack 2,false positive
infrastructure,log,5119,user5119,malicious,attack 2,false positive
infrastructure,trace,5119,user5119,malicious,attack 2,true positive
infrastructure,metric,4589,user4589,malicious,attack 1,false positive
infrastructure,log,4589,user4589,malicious,attack 1,true positive
infrastructure,trace,4589,user4589,malicious,attack 1,false positive
business,metric,7532,user7532,regular,no attack,false positive
business,log,7532,user7532,regular,no attack,false positive
business,trace,7532,user7532,regular,no attack,false positive
infrastructure,metric,2385,user2385,malicious,attack 2,false positive
infrastructure,log,2385,user2385,malicious,attack 2,false positive
infrastructure,trace,2385,user2385,malicious,attack 2,true positive
infrastructure,metric,9299,user9299,regular,no attack,false positive
infrastructure,log,9299,user9299,regular,no attack,false positive
infrastructure,trace,9299,user9299,regular,no attack,false positive
business,metric,1504,user1504,regular,no attack,false positive
business,log,1504,user1504,regular,no attack,false positive
business,trace,1504,user1504,regular,no attack,false positive
business,metric,8894,user8894,malicious,attack 2,false positive
business,log,8894,user8894,malicious,attack 2,false positive
business,trace,8894,user8894,malicious,attack 2,true positive
infrastructure,metric,6998,user6998,malicious,attack 2,false positive
infrastructure,log,6998,user6998,malicious,attack 2,false positive
infrastructure,trace,6998,user6998,malicious,attack 2,true positive
infrastructure,metric,7099,user7099,malicious,attack 2,false positive
infrastructure,log,7099,user7099,malicious,attack 2,false positive
infrastructure,trace,7099,user7099,malicious,attack 2,true positive
business,metric,7872,user7872,malicious,attack 2,false positive
business,log,7872,user7872,malicious,attack 2,false positive
business,trace,7872,user7872,malicious,attack 2,true positive
infrastructure,metric,7486,user7486,regular,no attack,false positive
infrastructure,log,7486,user7486,regular,no attack,false positive
infrastructure,trace,7486,user7486,regular,no attack,false positive
business,metric,5812,user5812,malicious,attack 2,false positive
business,log,5812,user5812,malicious,attack 2,false positive
business,trace,5812,user5812,malicious,attack 2,true positive
infrastructure,metric,8716,user8716,malicious,attack 2,false positive
infrastructure,log,8716,user8716,malicious,attack 2,false positive
infrastructure,trace,8716,user8716,malicious,attack 2,true positive
business,metric,3889,user3889,malicious,attack 2,false positive
business,log,3889,user3889,malicious,attack 2,false positive
business,trace,3889,user3889,malicious,attack 2,true positive
business,metric,2717,user2717,malicious,attack 1,false positive
business,log,2717,user2717,malicious,attack 1,true positive
business,trace,2717,user2717,malicious,attack 1,false positive
infrastructure,metric,1748,user1748,malicious,attack 1,false positive
infrastructure,log,1748,user1748,malicious,attack 1,true positive
infrastructure,trace,1748,user1748,malicious,attack 1,false positive
infrastructure,metric,2305,user2305,regular,no attack,false positive
infrastructure,log,2305,user2305,regular,no attack,false positive
infrastructure,trace,2305,user2305,regular,no attack,false positive
business,metric,4695,user4695,malicious,attack 1,false positive
business,log,4695,user4695,malicious,attack 1,true positive
business,trace,4695,user4695,malicious,attack 1,false positive
business,metric,4422,user4422,malicious,attack 1,false positive
business,log,4422,user4422,malicious,attack 1,true positive
business,trace,4422,user4422,malicious,attack 1,false positive
infrastructure,metric,1451,user1451,malicious,attack 2,false positive
infrastructure,log,1451,user1451,malicious,attack 2,false positive
infrastructure,trace,1451,user1451,malicious,attack 2,true positive
business,metric,9583,user9583,malicious,attack 2,false positive
business,log,9583,user9583,malicious,attack 2,false positive
business,trace,9583,user9583,malicious,attack 2,true positive
business,metric,8501,user8501,malicious,attack 1,false positive
business,log,8501,user8501,malicious,attack 1,true positive
business,trace,8501,user8501,malicious,attack 1,false positive
infrastructure,metric,5000,user5000,malicious,attack 1,false positive
infrastructure,log,5000,user5000,malicious,attack 1,true positive
infrastructure,trace,5000,user5000,malicious,attack 1,false positive
infrastructure,metric,192,user192,regular,no attack,false positive
infrastructure,log,192,user192,regular,no attack,false positive
infrastructure,trace,192,user192,regular,no attack,false positive
infrastructure,metric,6231,user6231,regular,no attack,false positive
infrastructure,log,6231,user6231,regular,no attack,false positive
infrastructure,trace,6231,user6231,regular,no attack,false positive
infrastructure,metric,1952,user1952,regular,no attack,false positive
infrastructure,log,1952,user1952,regular,no attack,false positive
infrastructure,trace,1952,user1952,regular,no attack,false positive
infrastructure,metric,4314,user4314,regular,no attack,false positive
infrastructure,log,4314,user4314,regular,no attack,false positive
infrastructure,trace,4314,user4314,regular,no attack,false positive
business,metric,5923,user5923,malicious,attack 1,false positive
business,log,5923,user5923,malicious,attack 1,true positive
business,trace,5923,user5923,malicious,attack 1,false positive
business,metric,6012,user6012,malicious,attack 1,false positive
business,log,6012,user6012,malicious,attack 1,true positive
business,trace,6012,user6012,malicious,attack 1,false positive
business,metric,3069,user3069,regular,no attack,false positive
business,log,3069,user3069,regular,no attack,false positive
business,trace,3069,user3069,regular,no attack,false positive
business,metric,3335,user3335,malicious,attack 2,false positive
business,log,3335,user3335,malicious,attack 2,false positive
business,trace,3335,user3335,malicious,attack 2,true positive
business,metric,5082,user5082,regular,no attack,false positive
business,log,5082,user5082,regular,no attack,false positive
business,trace,5082,user5082,regular,no attack,false positive
infrastructure,metric,2930,user2930,malicious,attack 2,false positive
infrastructure,log,2930,user2930,malicious,attack 2,false positive
infrastructure,trace,2930,user2930,malicious,attack 2,true positive
business,metric,3556,user3556,malicious,attack 2,false positive
business,log,3556,user3556,malicious,attack 2,false positive
business,trace,3556,user3556,malicious,attack 2,true positive
infrastructure,metric,2070,user2070,malicious,attack 2,false positive
infrastructure,log,2070,user2070,malicious,attack 2,false positive
infrastructure,trace,2070,user2070,malicious,attack 2,true positive
infrastructure,metric,2874,user2874,malicious,attack 2,false positive
infrastructure,log,2874,user2874,malicious,attack 2,false positive
infrastructure,trace,2874,user2874,malicious,attack 2,true positive
business,metric,364,user364,regular,no attack,false positive
business,log,364,user364,regular,no attack,false positive
business,trace,364,user364,regular,no attack,false positive
business,metric,2781,user2781,malicious,attack 1,false positive
business,log,2781,user2781,malicious,attack 1,true positive
business,trace,2781,user2781,malicious,attack 1,false positive
business,metric,8566,user8566,malicious,attack 1,false positive
business,log,8566,user8566,malicious,attack 1,true positive
business,trace,8566,user8566,malicious,attack 1,false positive
infrastructure,metric,505,user505,malicious,attack 2,false positive
infrastructure,log,505,user505,malicious,attack 2,false positive
infrastructure,trace,505,user505,malicious,attack 2,true positive
infrastructure,metric,4837,user4837,malicious,attack 2,false positive
infrastructure,log,4837,user4837,malicious,attack 2,false positive
infrastructure,trace,4837,user4837,malicious,attack 2,true positive
infrastructure,metric,1695,user1695,malicious,attack 2,false positive
infrastructure,log,1695,user1695,malicious,attack 2,false positive
infrastructure,trace,1695,user1695,malicious,attack 2,true positive
business,metric,5330,user5330,malicious,attack 1,false positive
business,log,5330,user5330,malicious,attack 1,true positive
business,trace,5330,user5330,malicious,attack 1,false positive
business,metric,768,user768,regular,no attack,false positive
business,log,768,user768,regular,no attack,false positive
business,trace,768,user768,regular,no attack,false positive
business,metric,8347,user8347,malicious,attack 2,false positive
business,log,8347,user8347,malicious,attack 2,false positive
business,trace,8347,user8347,malicious,attack 2,true positive
infrastructure,metric,7942,user7942,malicious,attack 2,false positive
infrastructure,log,7942,user7942,malicious,attack 2,false positive
infrastructure,trace,7942,user7942,malicious,attack 2,true positive
infrastructure,metric,1481,user1481,regular,no attack,false positive
infrastructure,log,1481,user1481,regular,no attack,false positive
infrastructure,trace,1481,user1481,regular,no attack,false positive
infrastructure,metric,2991,user2991,malicious,attack 1,false positive
infrastructure,log,2991,user2991,malicious,attack 1,true positive
infrastructure,trace,2991,user2991,malicious,attack 1,false positive
business,metric,2303,user2303,malicious,attack 1,false positive
business,log,2303,user2303,malicious,attack 1,true positive
business,trace,2303,user2303,malicious,attack 1,false positive
infrastructure,metric,9371,user9371,malicious,attack 2,false positive
infrastructure,log,9371,user9371,malicious,attack 2,false positive
infrastructure,trace,9371,user9371,malicious,attack 2,true positive
infrastructure,metric,4802,user4802,malicious,attack 1,false positive
infrastructure,log,4802,user4802,malicious,attack 1,true positive
infrastructure,trace,4802,user4802,malicious,attack 1,false positive
infrastructure,metric,9513,user9513,regular,no attack,false positive
infrastructure,log,9513,user9513,regular,no attack,false positive
infrastructure,trace,9513,user9513,regular,no attack,false positive
infrastructure,metric,6790,user6790,malicious,attack 1,false positive
infrastructure,log,6790,user6790,malicious,attack 1,true positive
infrastructure,trace,6790,user6790,malicious,attack 1,false positive
infrastructure,metric,7412,user7412,regular,no attack,false positive
infrastructure,log,7412,user7412,regular,no attack,false positive
infrastructure,trace,7412,user7412,regular,no attack,false positive
infrastructure,metric,8882,user8882,malicious,attack 1,false positive
infrastructure,log,8882,user8882,malicious,attack 1,true positive
infrastructure,trace,8882,user8882,malicious,attack 1,false positive
business,metric,5382,user5382,malicious,attack 1,false positive
business,log,5382,user5382,malicious,attack 1,true positive
business,trace,5382,user5382,malicious,attack 1,false positive
business,metric,3358,user3358,regular,no attack,false positive
business,log,3358,user3358,regular,no attack,false positive
business,trace,3358,user3358,regular,no attack,false positive
infrastructure,metric,2268,user2268,malicious,attack 2,false positive
infrastructure,log,2268,user2268,malicious,attack 2,false positive
infrastructure,trace,2268,user2268,malicious,attack 2,true positive
infrastructure,metric,8964,user8964,malicious,attack 1,false positive
infrastructure,log,8964,user8964,malicious,attack 1,true positive
infrastructure,trace,8964,user8964,malicious,attack 1,false positive
infrastructure,metric,7264,user7264,malicious,attack 2,false positive
infrastructure,log,7264,user7264,malicious,attack 2,false positive
infrastructure,trace,7264,user7264,malicious,attack 2,true positive
infrastructure,metric,3151,user3151,malicious,attack 1,false positive
infrastructure,log,3151,user3151,malicious,attack 1,true positive
infrastructure,trace,3151,user3151,malicious,attack 1,false positive
business,metric,9630,user9630,regular,no attack,false positive
business,log,9630,user9630,regular,no attack,false positive
business,trace,9630,user9630,regular,no attack,false positive
infrastructure,metric,7307,user7307,malicious,attack 1,false positive
infrastructure,log,7307,user7307,malicious,attack 1,true positive
infrastructure,trace,7307,user7307,malicious,attack 1,false positive
infrastructure,metric,1515,user1515,regular,no attack,false positive
infrastructure,log,1515,user1515,regular,no attack,false positive
infrastructure,trace,1515,user1515,regular,no attack,false positive
business,metric,3540,user3540,malicious,attack 1,false positive
business,log,3540,user3540,malicious,attack 1,true positive
business,trace,3540,user3540,malicious,attack 1,false positive
infrastructure,metric,6982,user6982,regular,no attack,false positive
infrastructure,log,6982,user6982,regular,no attack,false positive
infrastructure,trace,6982,user6982,regular,no attack,false positive
infrastructure,metric,4031,user4031,malicious,attack 1,false positive
infrastructure,log,4031,user4031,malicious,attack 1,true positive
infrastructure,trace,4031,user4031,malicious,attack 1,false positive
business,metric,2145,user2145,regular,no attack,false positive
business,log,2145,user2145,regular,no attack,false positive
business,trace,2145,user2145,regular,no attack,false positive
business,metric,930,user930,regular,no attack,false positive
business,log,930,user930,regular,no attack,false positive
business,trace,930,user930,regular,no attack,false positive
business,metric,4190,user4190,malicious,attack 1,false positive
business,log,4190,user4190,malicious,attack 1,true positive
business,trace,4190,user4190,malicious,attack 1,false positive
infrastructure,metric,5977,user5977,malicious,attack 2,false positive
infrastructure,log,5977,user5977,malicious,attack 2,false positive
infrastructure,trace,5977,user5977,malicious,attack 2,true positive
business,metric,902,user902,malicious,attack 2,false positive
business,log,902,user902,malicious,attack 2,false positive
business,trace,902,user902,malicious,attack 2,true positive
business,metric,414,user414,regular,no attack,false positive
business,log,414,user414,regular,no attack,false positive
business,trace,414,user414,regular,no attack,false positive
business,metric,6710,user6710,malicious,attack 2,false positive
business,log,6710,user6710,malicious,attack 2,false positive
business,trace,6710,user6710,malicious,attack 2,true positive
infrastructure,metric,1712,user1712,regular,no attack,false positive
infrastructure,log,1712,user1712,regular,no attack,false positive
infrastructure,trace,1712,user1712,regular,no attack,false positive
business,metric,1733,user1733,malicious,attack 1,false positive
business,log,1733,user1733,malicious,attack 1,true positive
business,trace,1733,user1733,malicious,attack 1,false positive
business,metric,6948,user6948,malicious,attack 2,false positive
business,log,6948,user6948,malicious,attack 2,false positive
business,trace,6948,user6948,malicious,attack 2,true positive
business,metric,737,user737,malicious,attack 2,false positive
business,log,737,user737,malicious,attack 2,false positive
business,trace,737,user737,malicious,attack 2,true positive
business,metric,1941,user1941,malicious,attack 2,false positive
business,log,1941,user1941,malicious,attack 2,false positive
business,trace,1941,user1941,malicious,attack 2,true positive
infrastructure,metric,7471,user7471,malicious,attack 1,false positive
infrastructure,log,7471,user7471,malicious,attack 1,true positive
infrastructure,trace,7471,user7471,malicious,attack 1,false positive
business,metric,8512,user8512,regular,no attack,false positive
business,log,8512,user8512,regular,no attack,false positive
business,trace,8512,user8512,regular,no attack,false positive
infrastructure,metric,5712,user5712,malicious,attack 1,false positive
infrastructure,log,5712,user5712,malicious,attack 1,true positive
infrastructure,trace,5712,user5712,malicious,attack 1,false positive
business,metric,2040,user2040,regular,no attack,false positive
business,log,2040,user2040,regular,no attack,false positive
business,trace,2040,user2040,regular,no attack,false positive
business,metric,9527,user9527,regular,no attack,false positive
business,log,9527,user9527,regular,no attack,false positive
business,trace,9527,user9527,regular,no attack,false positive
infrastructure,metric,9509,user9509,malicious,attack 2,false positive
infrastructure,log,9509,user9509,malicious,attack 2,false positive
infrastructure,trace,9509,user9509,malicious,attack 2,true positive
infrastructure,metric,7982,user7982,malicious,attack 1,false positive
infrastructure,log,7982,user7982,malicious,attack 1,true positive
infrastructure,trace,7982,user7982,malicious,attack 1,false positive
business,metric,9435,user9435,regular,no attack,false positive
business,log,9435,user9435,regular,no attack,false positive
business,trace,9435,user9435,regular,no attack,false positive
infrastructure,metric,4705,user4705,malicious,attack 1,false positive
infrastructure,log,4705,user4705,malicious,attack 1,true positive
infrastructure,trace,4705,user4705,malicious,attack 1,false positive
business,metric,7234,user7234,regular,no attack,false positive
business,log,7234,user7234,regular,no attack,false positive
business,trace,7234,user7234,regular,no attack,false positive
infrastructure,metric,3029,user3029,malicious,attack 2,false positive
infrastructure,log,3029,user3029,malicious,attack 2,false positive
infrastructure,trace,3029,user3029,malicious,attack 2,true positive
infrastructure,metric,9897,user9897,malicious,attack 1,false positive
infrastructure,log,9897,user9897,malicious,attack 1,true positive
infrastructure,trace,9897,user9897,malicious,attack 1,false positive
infrastructure,metric,5663,user5663,malicious,attack 2,false positive
infrastructure,log,5663,user5663,malicious,attack 2,false positive
infrastructure,trace,5663,user5663,malicious,attack 2,true positive
business,metric,3775,user3775,regular,no attack,false positive
business,log,3775,user3775,regular,no attack,false positive
business,trace,3775,user3775,regular,no attack,false positive
infrastructure,metric,1081,user1081,malicious,attack 2,false positive
infrastructure,log,1081,user1081,malicious,attack 2,false positive
infrastructure,trace,1081,user1081,malicious,attack 2,true positive
business,metric,7688,user7688,regular,no attack,false positive
business,log,7688,user7688,regular,no attack,false positive
business,trace,7688,user7688,regular,no attack,false positive
business,metric,234,user234,malicious,attack 2,false positive
business,log,234,user234,malicious,attack 2,false positive
business,trace,234,user234,malicious,attack 2,true positive
infrastructure,metric,1217,user1217,malicious,attack 2,false positive
infrastructure,log,1217,user1217,malicious,attack 2,false positive
infrastructure,trace,1217,user1217,malicious,attack 2,true positive
infrastructure,metric,4404,user4404,malicious,attack 2,false positive
infrastructure,log,4404,user4404,malicious,attack 2,false positive
infrastructure,trace,4404,user4404,malicious,attack 2,true positive
business,metric,8072,user8072,regular,no attack,false positive
business,log,8072,user8072,regular,no attack,false positive
business,trace,8072,user8072,regular,no attack,false positive
business,metric,7368,user7368,regular,no attack,false positive
business,log,7368,user7368,regular,no attack,false positive
business,trace,7368,user7368,regular,no attack,false positive
infrastructure,metric,3083,user3083,malicious,attack 2,false positive
infrastructure,log,3083,user3083,malicious,attack 2,false positive
infrastructure,trace,3083,user3083,malicious,attack 2,true positive
business,metric,14,user14,malicious,attack 2,false positive
business,log,14,user14,malicious,attack 2,false positive
business,trace,14,user14,malicious,attack 2,true positive
business,metric,6358,user6358,malicious,attack 1,false positive
business,log,6358,user6358,malicious,attack 1,true positive
business,trace,6358,user6358,malicious,attack 1,false positive
infrastructure,metric,1775,user1775,malicious,attack 2,false positive
infrastructure,log,1775,user1775,malicious,attack 2,false positive
infrastructure,trace,1775,user1775,malicious,attack 2,true positive
business,metric,1738,user1738,malicious,attack 2,false positive
business,log,1738,user1738,malicious,attack 2,false positive
business,trace,1738,user1738,malicious,attack 2,true positive
business,metric,3264,user3264,malicious,attack 1,false positive
business,log,3264,user3264,malicious,attack 1,true positive
business,trace,3264,user3264,malicious,attack 1,false positive
infrastructure,metric,4194,user4194,malicious,attack 2,false positive
infrastructure,log,4194,user4194,malicious,attack 2,false positive
infrastructure,trace,4194,user4194,malicious,attack 2,true positive
business,metric,3042,user3042,regular,no attack,false positive
business,log,3042,user3042,regular,no attack,false positive
business,trace,3042,user3042,regular,no attack,false positive
business,metric,1717,user1717,regular,no attack,false positive
business,log,1717,user1717,regular,no attack,false positive
business,trace,1717,user1717,regular,no attack,false positive
infrastructure,metric,8563,user8563,malicious,attack 2,false positive
infrastructure,log,8563,user8563,malicious,attack 2,false positive
infrastructure,trace,8563,user8563,malicious,attack 2,true positive
infrastructure,metric,5365,user5365,malicious,attack 2,false positive
infrastructure,log,5365,user5365,malicious,attack 2,false positive
infrastructure,trace,5365,user5365,malicious,attack 2,true positive
infrastructure,metric,4139,user4139,malicious,attack 2,false positive
infrastructure,log,4139,user4139,malicious,attack 2,false positive
infrastructure,trace,4139,user4139,malicious,attack 2,true positive
infrastructure,metric,5061,user5061,malicious,attack 1,false positive
infrastructure,log,5061,user5061,malicious,attack 1,true positive
infrastructure,trace,5061,user5061,malicious,attack 1,false positive
infrastructure,metric,7000,user7000,malicious,attack 1,false positive
infrastructure,log,7000,user7000,malicious,attack 1,true positive
infrastructure,trace,7000,user7000,malicious,attack 1,false positive
business,metric,3253,user3253,malicious,attack 1,false positive
business,log,3253,user3253,malicious,attack 1,true positive
business,trace,3253,user3253,malicious,attack 1,false positive
business,metric,5640,user5640,malicious,attack 2,false positive
business,log,5640,user5640,malicious,attack 2,false positive
business,trace,5640,user5640,malicious,attack 2,true positive
infrastructure,metric,9586,user9586,malicious,attack 1,false positive
infrastructure,log,9586,user9586,malicious,attack 1,true positive
infrastructure,trace,9586,user9586,malicious,attack 1,false positive
infrastructure,metric,3445,user3445,regular,no attack,false positive
infrastructure,log,3445,user3445,regular,no attack,false positive
infrastructure,trace,3445,user3445,regular,no attack,false positive
infrastructure,metric,9523,user9523,malicious,attack 2,false positive
infrastructure,log,9523,user9523,malicious,attack 2,false positive
infrastructure,trace,9523,user9523,malicious,attack 2,true positive
business,metric,1023,user1023,regular,no attack,false positive
business,log,1023,user1023,regular,no attack,false positive
business,trace,1023,user1023,regular,no attack,false positive
infrastructure,metric,7015,user7015,malicious,attack 2,false positive
infrastructure,log,7015,user7015,malicious,attack 2,false positive
infrastructure,trace,7015,user7015,malicious,attack 2,true positive
business,metric,1264,user1264,malicious,attack 1,false positive
business,log,1264,user1264,malicious,attack 1,true positive
business,trace,1264,user1264,malicious,attack 1,false positive
business,metric,8380,user8380,malicious,attack 1,false positive
business,log,8380,user8380,malicious,attack 1,true positive
business,trace,8380,user8380,malicious,attack 1,false positive
infrastructure,metric,9472,user9472,malicious,attack 2,false positive
infrastructure,log,9472,user9472,malicious,attack 2,false positive
infrastructure,trace,9472,user9472,malicious,attack 2,true positive
infrastructure,metric,3497,user3497,regular,no attack,false positive
infrastructure,log,3497,user3497,regular,no attack,false positive
infrastructure,trace,3497,user3497,regular,no attack,false positive
infrastructure,metric,2186,user2186,malicious,attack 2,false positive
infrastructure,log,2186,user2186,malicious,attack 2,false positive
infrastructure,trace,2186,user2186,malicious,attack 2,true positive
business,metric,6244,user6244,regular,no attack,false positive
business,log,6244,user6244,regular,no attack,false positive
business,trace,6244,user6244,regular,no attack,false positive
business,metric,9659,user9659,malicious,attack 1,false positive
business,log,9659,user9659,malicious,attack 1,true positive
business,trace,9659,user9659,malicious,attack 1,false positive
infrastructure,metric,4883,user4883,malicious,attack 2,false positive
infrastructure,log,4883,user4883,malicious,attack 2,false positive
infrastructure,trace,4883,user4883,malicious,attack 2,true positive
business,metric,1029,user1029,malicious,attack 2,false positive
business,log,1029,user1029,malicious,attack 2,false positive
business,trace,1029,user1029,malicious,attack 2,true positive
infrastructure,metric,628,user628,regular,no attack,false positive
infrastructure,log,628,user628,regular,no attack,false positive
infrastructure,trace,628,user628,regular,no attack,false positive
business,metric,7350,user7350,malicious,attack 2,false positive
business,log,7350,user7350,malicious,attack 2,false positive
business,trace,7350,user7350,malicious,attack 2,true positive
business,metric,8899,user8899,regular,no attack,false positive
business,log,8899,user8899,regular,no attack,false positive
business,trace,8899,user8899,regular,no attack,false positive
infrastructure,metric,8244,user8244,malicious,attack 1,false positive
infrastructure,log,8244,user8244,malicious,attack 1,true positive
infrastructure,trace,8244,user8244,malicious,attack 1,false positive
infrastructure,metric,1984,user1984,malicious,attack 1,false positive
infrastructure,log,1984,user1984,malicious,attack 1,true positive
infrastructure,trace,1984,user1984,malicious,attack 1,false positive
business,metric,2218,user2218,malicious,attack 2,false positive
business,log,2218,user2218,malicious,attack 2,false positive
business,trace,2218,user2218,malicious,attack 2,true positive
business,metric,6888,user6888,malicious,attack 2,false positive
business,log,6888,user6888,malicious,attack 2,false positive
business,trace,6888,user6888,malicious,attack 2,true positive
business,metric,931,user931,regular,no attack,false positive
business,log,931,user931,regular,no attack,false positive
business,trace,931,user931,regular,no attack,false positive
infrastructure,metric,2448,user2448,regular,no attack,false positive
infrastructure,log,2448,user2448,regular,no attack,false positive
infrastructure,trace,2448,user2448,regular,no attack,false positive
business,metric,5363,user5363,malicious,attack 2,false positive
business,log,5363,user5363,malicious,attack 2,false positive
business,trace,5363,user5363,malicious,attack 2,true positive
infrastructure,metric,680,user680,malicious,attack 1,false positive
infrastructure,log,680,user680,malicious,attack 1,true positive
infrastructure,trace,680,user680,malicious,attack 1,false positive
business,metric,3877,user3877,malicious,attack 2,false positive
business,log,3877,user3877,malicious,attack 2,false positive
business,trace,3877,user3877,malicious,attack 2,true positive
infrastructure,metric,7048,user7048,regular,no attack,false positive
infrastructure,log,7048,user7048,regular,no attack,false positive
infrastructure,trace,7048,user7048,regular,no attack,false positive
infrastructure,metric,8436,user8436,malicious,attack 2,false positive
infrastructure,log,8436,user8436,malicious,attack 2,false positive
infrastructure,trace,8436,user8436,malicious,attack 2,true positive
business,metric,8922,user8922,regular,no attack,false positive
business,log,8922,user8922,regular,no attack,false positive
business,trace,8922,user8922,regular,no attack,false positive
business,metric,3743,user3743,malicious,attack 1,false positive
business,log,3743,user3743,malicious,attack 1,true positive
business,trace,3743,user3743,malicious,attack 1,false positive
business,metric,1787,user1787,malicious,attack 1,false positive
business,log,1787,user1787,malicious,attack 1,true positive
business,trace,1787,user1787,malicious,attack 1,false positive
business,metric,4146,user4146,malicious,attack 2,false positive
business,log,4146,user4146,malicious,attack 2,false positive
business,trace,4146,user4146,malicious,attack 2,true positive
infrastructure,metric,5855,user5855,regular,no attack,false positive
infrastructure,log,5855,user5855,regular,no attack,false positive
infrastructure,trace,5855,user5855,regular,no attack,false positive
business,metric,1984,user1984,malicious,attack 1,false positive
business,log,1984,user1984,malicious,attack 1,true positive
business,trace,1984,user1984,malicious,attack 1,false positive
business,metric,3864,user3864,regular,no attack,false positive
business,log,3864,user3864,regular,no attack,false positive
business,trace,3864,user3864,regular,no attack,false positive
infrastructure,metric,2563,user2563,malicious,attack 1,false positive
infrastructure,log,2563,user2563,malicious,attack 1,true positive
infrastructure,trace,2563,user2563,malicious,attack 1,false positive
business,metric,3481,user3481,regular,no attack,false positive
business,log,3481,user3481,regular,no attack,false positive
business,trace,3481,user3481,regular,no attack,false positive
business,metric,6533,user6533,regular,no attack,false positive
business,log,6533,user6533,regular,no attack,false positive
business,trace,6533,user6533,regular,no attack,false positive
infrastructure,metric,7892,user7892,malicious,attack 1,false positive
infrastructure,log,7892,user7892,malicious,attack 1,true positive
infrastructure,trace,7892,user7892,malicious,attack 1,false positive
infrastructure,metric,2422,user2422,regular,no attack,false positive
infrastructure,log,2422,user2422,regular,no attack,false positive
infrastructure,trace,2422,user2422,regular,no attack,false positive
business,metric,9911,user9911,malicious,attack 2,false positive
business,log,9911,user9911,malicious,attack 2,false positive
business,trace,9911,user9911,malicious,attack 2,true positive
infrastructure,metric,4777,user4777,malicious,attack 2,false positive
infrastructure,log,4777,user4777,malicious,attack 2,false positive
infrastructure,trace,4777,user4777,malicious,attack 2,true positive
infrastructure,metric,9994,user9994,malicious,attack 2,false positive
infrastructure,log,9994,user9994,malicious,attack 2,false positive
infrastructure,trace,9994,user9994,malicious,attack 2,true positive
business,metric,1663,user1663,malicious,attack 1,false positive
business,log,1663,user1663,malicious,attack 1,true positive
business,trace,1663,user1663,malicious,attack 1,false positive
business,metric,5628,user5628,malicious,attack 2,false positive
business,log,5628,user5628,malicious,attack 2,false positive
business,trace,5628,user5628,malicious,attack 2,true positive
business,metric,8279,user8279,malicious,attack 1,false positive
business,log,8279,user8279,malicious,attack 1,true positive
business,trace,8279,user8279,malicious,attack 1,false positive
business,metric,3526,user3526,malicious,attack 2,false positive
business,log,3526,user3526,malicious,attack 2,false positive
business,trace,3526,user3526,malicious,attack 2,true positive
business,metric,777,user777,regular,no attack,false positive
business,log,777,user777,regular,no attack,false positive
business,trace,777,user777,regular,no attack,false positive
business,metric,6236,user6236,malicious,attack 2,false positive
business,log,6236,user6236,malicious,attack 2,false positive
business,trace,6236,user6236,malicious,attack 2,true positive
business,metric,3033,user3033,malicious,attack 1,false positive
business,log,3033,user3033,malicious,attack 1,true positive
business,trace,3033,user3033,malicious,attack 1,false positive
business,metric,9332,user9332,malicious,attack 2,false positive
business,log,9332,user9332,malicious,attack 2,false positive
business,trace,9332,user9332,malicious,attack 2,true positive
business,metric,7561,user7561,malicious,attack 2,false positive
business,log,7561,user7561,malicious,attack 2,false positive
business,trace,7561,user7561,malicious,attack 2,true positive
business,metric,7480,user7480,malicious,attack 2,false positive
business,log,7480,user7480,malicious,attack 2,false positive
business,trace,7480,user7480,malicious,attack 2,true positive
business,metric,1869,user1869,malicious,attack 2,false positive
business,log,1869,user1869,malicious,attack 2,false positive
business,trace,1869,user1869,malicious,attack 2,true positive
business,metric,7318,user7318,regular,no attack,false positive
business,log,7318,user7318,regular,no attack,false positive
business,trace,7318,user7318,regular,no attack,false positive
business,metric,5542,user5542,malicious,attack 1,false positive
business,log,5542,user5542,malicious,attack 1,true positive
business,trace,5542,user5542,malicious,attack 1,false positive
business,metric,1218,user1218,malicious,attack 1,false positive
business,log,1218,user1218,malicious,attack 1,true positive
business,trace,1218,user1218,malicious,attack 1,false positive
infrastructure,metric,4678,user4678,malicious,attack 2,false positive
infrastructure,log,4678,user4678,malicious,attack 2,false positive
infrastructure,trace,4678,user4678,malicious,attack 2,true positive
infrastructure,metric,3156,user3156,malicious,attack 2,false positive
infrastructure,log,3156,user3156,malicious,attack 2,false positive
infrastructure,trace,3156,user3156,malicious,attack 2,true positive
business,metric,254,user254,malicious,attack 2,false positive
business,log,254,user254,malicious,attack 2,false positive
business,trace,254,user254,malicious,attack 2,true positive
infrastructure,metric,5575,user5575,malicious,attack 2,false positive
infrastructure,log,5575,user5575,malicious,attack 2,false positive
infrastructure,trace,5575,user5575,malicious,attack 2,true positive
business,metric,8354,user8354,malicious,attack 2,false positive
business,log,8354,user8354,malicious,attack 2,false positive
business,trace,8354,user8354,malicious,attack 2,true positive
infrastructure,metric,598,user598,malicious,attack 1,false positive
infrastructure,log,598,user598,malicious,attack 1,true positive
infrastructure,trace,598,user598,malicious,attack 1,false positive
infrastructure,metric,271,user271,malicious,attack 1,false positive
infrastructure,log,271,user271,malicious,attack 1,true positive
infrastructure,trace,271,user271,malicious,attack 1,false positive
infrastructure,metric,9692,user9692,malicious,attack 2,false positive
infrastructure,log,9692,user9692,malicious,attack 2,false positive
infrastructure,trace,9692,user9692,malicious,attack 2,true positive
infrastructure,metric,2167,user2167,malicious,attack 2,false positive
infrastructure,log,2167,user2167,malicious,attack 2,false positive
infrastructure,trace,2167,user2167,malicious,attack 2,true positive
infrastructure,metric,3748,user3748,malicious,attack 2,false positive
infrastructure,log,3748,user3748,malicious,attack 2,false positive
infrastructure,trace,3748,user3748,malicious,attack 2,true positive
infrastructure,metric,3840,user3840,regular,no attack,false positive
infrastructure,log,3840,user3840,regular,no attack,false positive
infrastructure,trace,3840,user3840,regular,no attack,false positive
infrastructure,metric,8630,user8630,malicious,attack 2,false positive
infrastructure,log,8630,user8630,malicious,attack 2,false positive
infrastructure,trace,8630,user8630,malicious,attack 2,true positive
business,metric,3681,user3681,malicious,attack 1,false positive
business,log,3681,user3681,malicious,attack 1,true positive
business,trace,3681,user3681,malicious,attack 1,false positive
infrastructure,metric,4544,user4544,malicious,attack 2,false positive
infrastructure,log,4544,user4544,malicious,attack 2,false positive
infrastructure,trace,4544,user4544,malicious,attack 2,true positive
infrastructure,metric,8486,user8486,regular,no attack,false positive
infrastructure,log,8486,user8486,regular,no attack,false positive
infrastructure,trace,8486,user8486,regular,no attack,false positive
business,metric,3334,user3334,malicious,attack 2,false positive
business,log,3334,user3334,malicious,attack 2,false positive
business,trace,3334,user3334,malicious,attack 2,true positive
business,metric,537,user537,malicious,attack 2,false positive
business,log,537,user537,malicious,attack 2,false positive
business,trace,537,user537,malicious,attack 2,true positive
business,metric,9671,user9671,regular,no attack,false positive
business,log,9671,user9671,regular,no attack,false positive
business,trace,9671,user9671,regular,no attack,false positive
infrastructure,metric,9318,user9318,malicious,attack 2,false positive
infrastructure,log,9318,user9318,malicious,attack 2,false positive
infrastructure,trace,9318,user9318,malicious,attack 2,true positive
business,metric,7811,user7811,malicious,attack 2,false positive
business,log,7811,user7811,malicious,attack 2,false positive
business,trace,7811,user7811,malicious,attack 2,true positive
business,metric,4088,user4088,malicious,attack 1,false positive
business,log,4088,user4088,malicious,attack 1,true positive
business,trace,4088,user4088,malicious,attack 1,false positive
business,metric,2724,user2724,malicious,attack 2,false positive
business,log,2724,user2724,malicious,attack 2,false positive
business,trace,2724,user2724,malicious,attack 2,true positive
infrastructure,metric,3429,user3429,malicious,attack 2,false positive
infrastructure,log,3429,user3429,malicious,attack 2,false positive
infrastructure,trace,3429,user3429,malicious,attack 2,true positive
business,metric,6513,user6513,malicious,attack 1,false positive
business,log,6513,user6513,malicious,attack 1,true positive
business,trace,6513,user6513,malicious,attack 1,false positive
business,metric,1111,user1111,malicious,attack 1,false positive
business,log,1111,user1111,malicious,attack 1,true positive
business,trace,1111,user1111,malicious,attack 1,false positive
business,metric,5393,user5393,malicious,attack 1,false positive
business,log,5393,user5393,malicious,attack 1,true positive
business,trace,5393,user5393,malicious,attack 1,false positive
infrastructure,metric,470,user470,malicious,attack 2,false positive
infrastructure,log,470,user470,malicious,attack 2,false positive
infrastructure,trace,470,user470,malicious,attack 2,true positive
infrastructure,metric,4260,user4260,regular,no attack,false positive
infrastructure,log,4260,user4260,regular,no attack,false positive
infrastructure,trace,4260,user4260,regular,no attack,false positive
business,metric,9546,user9546,regular,no attack,false positive
business,log,9546,user9546,regular,no attack,false positive
business,trace,9546,user9546,regular,no attack,false positive
business,metric,3468,user3468,regular,no attack,false positive
business,log,3468,user3468,regular,no attack,false positive
business,trace,3468,user3468,regular,no attack,false positive
infrastructure,metric,8777,user8777,regular,no attack,false positive
infrastructure,log,8777,user8777,regular,no attack,false positive
infrastructure,trace,8777,user8777,regular,no attack,false positive
infrastructure,metric,248,user248,malicious,attack 2,false positive
infrastructure,log,248,user248,malicious,attack 2,false positive
infrastructure,trace,248,user248,malicious,attack 2,true positive
business,metric,2523,user2523,regular,no attack,false positive
business,log,2523,user2523,regular,no attack,false positive
business,trace,2523,user2523,regular,no attack,false positive
business,metric,7160,user7160,malicious,attack 1,false positive
business,log,7160,user7160,malicious,attack 1,true positive
business,trace,7160,user7160,malicious,attack 1,false positive
business,metric,5479,user5479,malicious,attack 1,false positive
business,log,5479,user5479,malicious,attack 1,true positive
business,trace,5479,user5479,malicious,attack 1,false positive
business,metric,9700,user9700,regular,no attack,false positive
business,log,9700,user9700,regular,no attack,false positive
business,trace,9700,user9700,regular,no attack,false positive
infrastructure,metric,4417,user4417,malicious,attack 2,false positive
infrastructure,log,4417,user4417,malicious,attack 2,false positive
infrastructure,trace,4417,user4417,malicious,attack 2,true positive
business,metric,9986,user9986,malicious,attack 1,false positive
business,log,9986,user9986,malicious,attack 1,true positive
business,trace,9986,user9986,malicious,attack 1,false positive
business,metric,1275,user1275,regular,no attack,false positive
business,log,1275,user1275,regular,no attack,false positive
business,trace,1275,user1275,regular,no attack,false positive
business,metric,8071,user8071,regular,no attack,false positive
business,log,8071,user8071,regular,no attack,false positive
business,trace,8071,user8071,regular,no attack,false positive
infrastructure,metric,6574,user6574,malicious,attack 1,false positive
infrastructure,log,6574,user6574,malicious,attack 1,true positive
infrastructure,trace,6574,user6574,malicious,attack 1,false positive
infrastructure,metric,7121,user7121,malicious,attack 1,false positive
infrastructure,log,7121,user7121,malicious,attack 1,true positive
infrastructure,trace,7121,user7121,malicious,attack 1,false positive
infrastructure,metric,147,user147,malicious,attack 1,false positive
infrastructure,log,147,user147,malicious,attack 1,true positive
infrastructure,trace,147,user147,malicious,attack 1,false positive
business,metric,2969,user2969,malicious,attack 2,false positive
business,log,2969,user2969,malicious,attack 2,false positive
business,trace,2969,user2969,malicious,attack 2,true positive
infrastructure,metric,9561,user9561,malicious,attack 1,false positive
infrastructure,log,9561,user9561,malicious,attack 1,true positive
infrastructure,trace,9561,user9561,malicious,attack 1,false positive
infrastructure,metric,1949,user1949,malicious,attack 2,false positive
infrastructure,log,1949,user1949,malicious,attack 2,false positive
infrastructure,trace,1949,user1949,malicious,attack 2,true positive
infrastructure,metric,6288,user6288,regular,no attack,false positive
infrastructure,log,6288,user6288,regular,no attack,false positive
infrastructure,trace,6288,user6288,regular,no attack,false positive
business,metric,4263,user4263,malicious,attack 1,false positive
business,log,4263,user4263,malicious,attack 1,true positive
business,trace,4263,user4263,malicious,attack 1,false positive
infrastructure,metric,2143,user2143,malicious,attack 2,false positive
infrastructure,log,2143,user2143,malicious,attack 2,false positive
infrastructure,trace,2143,user2143,malicious,attack 2,true positive
infrastructure,metric,6096,user6096,regular,no attack,false positive
infrastructure,log,6096,user6096,regular,no attack,false positive
infrastructure,trace,6096,user6096,regular,no attack,false positive
business,metric,2279,user2279,malicious,attack 1,false positive
business,log,2279,user2279,malicious,attack 1,true positive
business,trace,2279,user2279,malicious,attack 1,false positive
business,metric,3175,user3175,regular,no attack,false positive
business,log,3175,user3175,regular,no attack,false positive
business,trace,3175,user3175,regular,no attack,false positive
infrastructure,metric,6289,user6289,malicious,attack 2,false positive
infrastructure,log,6289,user6289,malicious,attack 2,false positive
infrastructure,trace,6289,user6289,malicious,attack 2,true positive
infrastructure,metric,5266,user5266,malicious,attack 2,false positive
infrastructure,log,5266,user5266,malicious,attack 2,false positive
infrastructure,trace,5266,user5266,malicious,attack 2,true positive
business,metric,2640,user2640,malicious,attack 1,false positive
business,log,2640,user2640,malicious,attack 1,true positive
business,trace,2640,user2640,malicious,attack 1,false positive
business,metric,7388,user7388,regular,no attack,false positive
business,log,7388,user7388,regular,no attack,false positive
business,trace,7388,user7388,regular,no attack,false positive
business,metric,6235,user6235,regular,no attack,false positive
business,log,6235,user6235,regular,no attack,false positive
business,trace,6235,user6235,regular,no attack,false positive
infrastructure,metric,4865,user4865,malicious,attack 1,false positive
infrastructure,log,4865,user4865,malicious,attack 1,true positive
infrastructure,trace,4865,user4865,malicious,attack 1,false positive
business,metric,992,user992,regular,no attack,false positive
business,log,992,user992,regular,no attack,false positive
business,trace,992,user992,regular,no attack,false positive
business,metric,3626,user3626,regular,no attack,false positive
business,log,3626,user3626,regular,no attack,false positive
business,trace,3626,user3626,regular,no attack,false positive
infrastructure,metric,4975,user4975,regular,no attack,false positive
infrastructure,log,4975,user4975,regular,no attack,false positive
infrastructure,trace,4975,user4975,regular,no attack,false positive
business,metric,2747,user2747,regular,no attack,false positive
business,log,2747,user2747,regular,no attack,false positive
business,trace,2747,user2747,regular,no attack,false positive
business,metric,1099,user1099,malicious,attack 2,false positive
business,log,1099,user1099,malicious,attack 2,false positive
business,trace,1099,user1099,malicious,attack 2,true positive
infrastructure,metric,7668,user7668,malicious,attack 2,false positive
infrastructure,log,7668,user7668,malicious,attack 2,false positive
infrastructure,trace,7668,user7668,malicious,attack 2,true positive
infrastructure,metric,5750,user5750,malicious,attack 1,false positive
infrastructure,log,5750,user5750,malicious,attack 1,true positive
infrastructure,trace,5750,user5750,malicious,attack 1,false positive
infrastructure,metric,3743,user3743,malicious,attack 2,false positive
infrastructure,log,3743,user3743,malicious,attack 2,false positive
infrastructure,trace,3743,user3743,malicious,attack 2,true positive
business,metric,224,user224,regular,no attack,false positive
business,log,224,user224,regular,no attack,false positive
business,trace,224,user224,regular,no attack,false positive
infrastructure,metric,2569,user2569,malicious,attack 2,false positive
infrastructure,log,2569,user2569,malicious,attack 2,false positive
infrastructure,trace,2569,user2569,malicious,attack 2,true positive
business,metric,3478,user3478,malicious,attack 1,false positive
business,log,3478,user3478,malicious,attack 1,true positive
business,trace,3478,user3478,malicious,attack 1,false positive
infrastructure,metric,6461,user6461,regular,no attack,false positive
infrastructure,log,6461,user6461,regular,no attack,false positive
infrastructure,trace,6461,user6461,regular,no attack,false positive
business,metric,6337,user6337,malicious,attack 1,false positive
business,log,6337,user6337,malicious,attack 1,true positive
business,trace,6337,user6337,malicious,attack 1,false positive
infrastructure,metric,4756,user4756,malicious,attack 2,false positive
infrastructure,log,4756,user4756,malicious,attack 2,false positive
infrastructure,trace,4756,user4756,malicious,attack 2,true positive
business,metric,5572,user5572,regular,no attack,false positive
business,log,5572,user5572,regular,no attack,false positive
business,trace,5572,user5572,regular,no attack,false positive
business,metric,189,user189,malicious,attack 2,false positive
business,log,189,user189,malicious,attack 2,false positive
business,trace,189,user189,malicious,attack 2,true positive
business,metric,7152,user7152,regular,no attack,false positive
business,log,7152,user7152,regular,no attack,false positive
business,trace,7152,user7152,regular,no attack,false positive
infrastructure,metric,3823,user3823,malicious,attack 2,false positive
infrastructure,log,3823,user3823,malicious,attack 2,false positive
infrastructure,trace,3823,user3823,malicious,attack 2,true positive
business,metric,9195,user9195,regular,no attack,false positive
business,log,9195,user9195,regular,no attack,false positive
business,trace,9195,user9195,regular,no attack,false positive
infrastructure,metric,2948,user2948,malicious,attack 1,false positive
infrastructure,log,2948,user2948,malicious,attack 1,true positive
infrastructure,trace,2948,user2948,malicious,attack 1,false positive
business,metric,6747,user6747,regular,no attack,false positive
business,log,6747,user6747,regular,no attack,false positive
business,trace,6747,user6747,regular,no attack,false positive
infrastructure,metric,6860,user6860,regular,no attack,false positive
infrastructure,log,6860,user6860,regular,no attack,false positive
infrastructure,trace,6860,user6860,regular,no attack,false positive
business,metric,9130,user9130,malicious,attack 1,false positive
business,log,9130,user9130,malicious,attack 1,true positive
business,trace,9130,user9130,malicious,attack 1,false positive
infrastructure,metric,654,user654,malicious,attack 2,false positive
infrastructure,log,654,user654,malicious,attack 2,false positive
infrastructure,trace,654,user654,malicious,attack 2,true positive
infrastructure,metric,1687,user1687,malicious,attack 1,false positive
infrastructure,log,1687,user1687,malicious,attack 1,true positive
infrastructure,trace,1687,user1687,malicious,attack 1,false positive
business,metric,5202,user5202,malicious,attack 2,false positive
business,log,5202,user5202,malicious,attack 2,false positive
business,trace,5202,user5202,malicious,attack 2,true positive
infrastructure,metric,3058,user3058,regular,no attack,false positive
infrastructure,log,3058,user3058,regular,no attack,false positive
infrastructure,trace,3058,user3058,regular,no attack,false positive
business,metric,3864,user3864,regular,no attack,false positive
business,log,3864,user3864,regular,no attack,false positive
business,trace,3864,user3864,regular,no attack,false positive
business,metric,3410,user3410,regular,no attack,false positive
business,log,3410,user3410,regular,no attack,false positive
business,trace,3410,user3410,regular,no attack,false positive
infrastructure,metric,392,user392,malicious,attack 2,false positive
infrastructure,log,392,user392,malicious,attack 2,false positive
infrastructure,trace,392,user392,malicious,attack 2,true positive
infrastructure,metric,5320,user5320,malicious,attack 2,false positive
infrastructure,log,5320,user5320,malicious,attack 2,false positive
infrastructure,trace,5320,user5320,malicious,attack 2,true positive
infrastructure,metric,8109,user8109,regular,no attack,false positive
infrastructure,log,8109,user8109,regular,no attack,false positive
infrastructure,trace,8109,user8109,regular,no attack,false positive
business,metric,2377,user2377,regular,no attack,false positive
business,log,2377,user2377,regular,no attack,false positive
business,trace,2377,user2377,regular,no attack,false positive
business,metric,1008,user1008,malicious,attack 2,false positive
business,log,1008,user1008,malicious,attack 2,false positive
business,trace,1008,user1008,malicious,attack 2,true positive
infrastructure,metric,3012,user3012,malicious,attack 2,false positive
infrastructure,log,3012,user3012,malicious,attack 2,false positive
infrastructure,trace,3012,user3012,malicious,attack 2,true positive
business,metric,361,user361,malicious,attack 2,false positive
business,log,361,user361,malicious,attack 2,false positive
business,trace,361,user361,malicious,attack 2,true positive
infrastructure,metric,2056,user2056,malicious,attack 2,false positive
infrastructure,log,2056,user2056,malicious,attack 2,false positive
infrastructure,trace,2056,user2056,malicious,attack 2,true positive
business,metric,8207,user8207,malicious,attack 1,false positive
business,log,8207,user8207,malicious,attack 1,true positive
business,trace,8207,user8207,malicious,attack 1,false positive
infrastructure,metric,5090,user5090,regular,no attack,false positive
infrastructure,log,5090,user5090,regular,no attack,false positive
infrastructure,trace,5090,user5090,regular,no attack,false positive
infrastructure,metric,9165,user9165,malicious,attack 2,false positive
infrastructure,log,9165,user9165,malicious,attack 2,false positive
infrastructure,trace,9165,user9165,malicious,attack 2,true positive
business,metric,7073,user7073,malicious,attack 2,false positive
business,log,7073,user7073,malicious,attack 2,false positive
business,trace,7073,user7073,malicious,attack 2,true positive
infrastructure,metric,622,user622,malicious,attack 2,false positive
infrastructure,log,622,user622,malicious,attack 2,false positive
infrastructure,trace,622,user622,malicious,attack 2,true positive
infrastructure,metric,778,user778,malicious,attack 2,false positive
infrastructure,log,778,user778,malicious,attack 2,false positive
infrastructure,trace,778,user778,malicious,attack 2,true positive
infrastructure,metric,8819,user8819,regular,no attack,false positive
infrastructure,log,8819,user8819,regular,no attack,false positive
infrastructure,trace,8819,user8819,regular,no attack,false positive
infrastructure,metric,1069,user1069,malicious,attack 2,false positive
infrastructure,log,1069,user1069,malicious,attack 2,false positive
infrastructure,trace,1069,user1069,malicious,attack 2,true positive
business,metric,9279,user9279,regular,no attack,false positive
business,log,9279,user9279,regular,no attack,false positive
business,trace,9279,user9279,regular,no attack,false positive
infrastructure,metric,2017,user2017,malicious,attack 2,false positive
infrastructure,log,2017,user2017,malicious,attack 2,false positive
infrastructure,trace,2017,user2017,malicious,attack 2,true positive
infrastructure,metric,7397,user7397,malicious,attack 2,false positive
infrastructure,log,7397,user7397,malicious,attack 2,false positive
infrastructure,trace,7397,user7397,malicious,attack 2,true positive
infrastructure,metric,540,user540,malicious,attack 1,false positive
infrastructure,log,540,user540,malicious,attack 1,true positive
infrastructure,trace,540,user540,malicious,attack 1,false positive
business,metric,417,user417,malicious,attack 1,false positive
business,log,417,user417,malicious,attack 1,true positive
business,trace,417,user417,malicious,attack 1,false positive
infrastructure,metric,3559,user3559,malicious,attack 1,false positive
infrastructure,log,3559,user3559,malicious,attack 1,true positive
infrastructure,trace,3559,user3559,malicious,attack 1,false positive
infrastructure,metric,6946,user6946,malicious,attack 2,false positive
infrastructure,log,6946,user6946,malicious,attack 2,false positive
infrastructure,trace,6946,user6946,malicious,attack 2,true positive
infrastructure,metric,6174,user6174,malicious,attack 1,false positive
infrastructure,log,6174,user6174,malicious,attack 1,true positive
infrastructure,trace,6174,user6174,malicious,attack 1,false positive
business,metric,498,user498,malicious,attack 1,false positive
business,log,498,user498,malicious,attack 1,true positive
business,trace,498,user498,malicious,attack 1,false positive
infrastructure,metric,7917,user7917,malicious,attack 1,false positive
infrastructure,log,7917,user7917,malicious,attack 1,true positive
infrastructure,trace,7917,user7917,malicious,attack 1,false positive
business,metric,9533,user9533,malicious,attack 2,false positive
business,log,9533,user9533,malicious,attack 2,false positive
business,trace,9533,user9533,malicious,attack 2,true positive
business,metric,4152,user4152,malicious,attack 1,false positive
business,log,4152,user4152,malicious,attack 1,true positive
business,trace,4152,user4152,malicious,attack 1,false positive
business,metric,8140,user8140,malicious,attack 2,false positive
business,log,8140,user8140,malicious,attack 2,false positive
business,trace,8140,user8140,malicious,attack 2,true positive
infrastructure,metric,152,user152,malicious,attack 2,false positive
infrastructure,log,152,user152,malicious,attack 2,false positive
infrastructure,trace,152,user152,malicious,attack 2,true positive
infrastructure,metric,3134,user3134,malicious,attack 1,false positive
infrastructure,log,3134,user3134,malicious,attack 1,true positive
infrastructure,trace,3134,user3134,malicious,attack 1,false positive
business,metric,5415,user5415,malicious,attack 1,false positive
business,log,5415,user5415,malicious,attack 1,true positive
business,trace,5415,user5415,malicious,attack 1,false positive
business,metric,36,user36,malicious,attack 1,false positive
business,log,36,user36,malicious,attack 1,true positive
business,trace,36,user36,malicious,attack 1,false positive
business,metric,6095,user6095,malicious,attack 1,false positive
business,log,6095,user6095,malicious,attack 1,true positive
business,trace,6095,user6095,malicious,attack 1,false positive
business,metric,4797,user4797,regular,no attack,false positive
business,log,4797,user4797,regular,no attack,false positive
business,trace,4797,user4797,regular,no attack,false positive
infrastructure,metric,8514,user8514,malicious,attack 2,false positive
infrastructure,log,8514,user8514,malicious,attack 2,false positive
infrastructure,trace,8514,user8514,malicious,attack 2,true positive
business,metric,7837,user7837,regular,no attack,false positive
business,log,7837,user7837,regular,no attack,false positive
business,trace,7837,user7837,regular,no attack,false positive
infrastructure,metric,7468,user7468,malicious,attack 2,false positive
infrastructure,log,7468,user7468,malicious,attack 2,false positive
infrastructure,trace,7468,user7468,malicious,attack 2,true positive
infrastructure,metric,9542,user9542,malicious,attack 1,false positive
infrastructure,log,9542,user9542,malicious,attack 1,true positive
infrastructure,trace,9542,user9542,malicious,attack 1,false positive
infrastructure,metric,1134,user1134,regular,no attack,false positive
infrastructure,log,1134,user1134,regular,no attack,false positive
infrastructure,trace,1134,user1134,regular,no attack,false positive
business,metric,331,user331,malicious,attack 2,false positive
business,log,331,user331,malicious,attack 2,false positive
business,trace,331,user331,malicious,attack 2,true positive
business,metric,2419,user2419,malicious,attack 1,false positive
business,log,2419,user2419,malicious,attack 1,true positive
business,trace,2419,user2419,malicious,attack 1,false positive
infrastructure,metric,2182,user2182,malicious,attack 2,false positive
infrastructure,log,2182,user2182,malicious,attack 2,false positive
infrastructure,trace,2182,user2182,malicious,attack 2,true positive
infrastructure,metric,1716,user1716,malicious,attack 2,false positive
infrastructure,log,1716,user1716,malicious,attack 2,false positive
infrastructure,trace,1716,user1716,malicious,attack 2,true positive
business,metric,9780,user9780,malicious,attack 2,false positive
business,log,9780,user9780,malicious,attack 2,false positive
business,trace,9780,user9780,malicious,attack 2,true positive
business,metric,8144,user8144,malicious,attack 2,false positive
business,log,8144,user8144,malicious,attack 2,false positive
business,trace,8144,user8144,malicious,attack 2,true positive
business,metric,1335,user1335,malicious,attack 2,false positive
business,log,1335,user1335,malicious,attack 2,false positive
business,trace,1335,user1335,malicious,attack 2,true positive
business,metric,2163,user2163,malicious,attack 2,false positive
business,log,2163,user2163,malicious,attack 2,false positive
business,trace,2163,user2163,malicious,attack 2,true positive
infrastructure,metric,9945,user9945,malicious,attack 2,false positive
infrastructure,log,9945,user9945,malicious,attack 2,false positive
infrastructure,trace,9945,user9945,malicious,attack 2,true positive
infrastructure,metric,9268,user9268,regular,no attack,false positive
infrastructure,log,9268,user9268,regular,no attack,false positive
infrastructure,trace,9268,user9268,regular,no attack,false positive
business,metric,379,user379,regular,no attack,false positive
business,log,379,user379,regular,no attack,false positive
business,trace,379,user379,regular,no attack,false positive
infrastructure,metric,628,user628,regular,no attack,false positive
infrastructure,log,628,user628,regular,no attack,false positive
infrastructure,trace,628,user628,regular,no attack,false positive
business,metric,5407,user5407,malicious,attack 2,false positive
business,log,5407,user5407,malicious,attack 2,false positive
business,trace,5407,user5407,malicious,attack 2,true positive
business,metric,585,user585,malicious,attack 1,false positive
business,log,585,user585,malicious,attack 1,true positive
business,trace,585,user585,malicious,attack 1,false positive
business,metric,6113,user6113,malicious,attack 1,false positive
business,log,6113,user6113,malicious,attack 1,true positive
business,trace,6113,user6113,malicious,attack 1,false positive
infrastructure,metric,1590,user1590,malicious,attack 2,false positive
infrastructure,log,1590,user1590,malicious,attack 2,false positive
infrastructure,trace,1590,user1590,malicious,attack 2,true positive
infrastructure,metric,6610,user6610,malicious,attack 1,false positive
infrastructure,log,6610,user6610,malicious,attack 1,true positive
infrastructure,trace,6610,user6610,malicious,attack 1,false positive
business,metric,8386,user8386,regular,no attack,false positive
business,log,8386,user8386,regular,no attack,false positive
business,trace,8386,user8386,regular,no attack,false positive
business,metric,9112,user9112,malicious,attack 1,false positive
business,log,9112,user9112,malicious,attack 1,true positive
business,trace,9112,user9112,malicious,attack 1,false positive
infrastructure,metric,5164,user5164,malicious,attack 1,false positive
infrastructure,log,5164,user5164,malicious,attack 1,true positive
infrastructure,trace,5164,user5164,malicious,attack 1,false positive
business,metric,3794,user3794,malicious,attack 1,false positive
business,log,3794,user3794,malicious,attack 1,true positive
business,trace,3794,user3794,malicious,attack 1,false positive
business,metric,3494,user3494,malicious,attack 2,false positive
business,log,3494,user3494,malicious,attack 2,false positive
business,trace,3494,user3494,malicious,attack 2,true positive
infrastructure,metric,7543,user7543,malicious,attack 2,false positive
infrastructure,log,7543,user7543,malicious,attack 2,false positive
infrastructure,trace,7543,user7543,malicious,attack 2,true positive
business,metric,1473,user1473,malicious,attack 2,false positive
business,log,1473,user1473,malicious,attack 2,false positive
business,trace,1473,user1473,malicious,attack 2,true positive
infrastructure,metric,8586,user8586,regular,no attack,false positive
infrastructure,log,8586,user8586,regular,no attack,false positive
infrastructure,trace,8586,user8586,regular,no attack,false positive
business,metric,7329,user7329,regular,no attack,false positive
business,log,7329,user7329,regular,no attack,false positive
business,trace,7329,user7329,regular,no attack,false positive
business,metric,8454,user8454,malicious,attack 2,false positive
business,log,8454,user8454,malicious,attack 2,false positive
business,trace,8454,user8454,malicious,attack 2,true positive
business,metric,2975,user2975,regular,no attack,false positive
business,log,2975,user2975,regular,no attack,false positive
business,trace,2975,user2975,regular,no attack,false positive
infrastructure,metric,692,user692,regular,no attack,false positive
infrastructure,log,692,user692,regular,no attack,false positive
infrastructure,trace,692,user692,regular,no attack,false positive
infrastructure,metric,421,user421,regular,no attack,false positive
infrastructure,log,421,user421,regular,no attack,false positive
infrastructure,trace,421,user421,regular,no attack,false positive
infrastructure,metric,7399,user7399,regular,no attack,false positive
infrastructure,log,7399,user7399,regular,no attack,false positive
infrastructure,trace,7399,user7399,regular,no attack,false positive
business,metric,6681,user6681,regular,no attack,false positive
business,log,6681,user6681,regular,no attack,false positive
business,trace,6681,user6681,regular,no attack,false positive
infrastructure,metric,2932,user2932,malicious,attack 2,false positive
infrastructure,log,2932,user2932,malicious,attack 2,false positive
infrastructure,trace,2932,user2932,malicious,attack 2,true positive
infrastructure,metric,7167,user7167,malicious,attack 2,false positive
infrastructure,log,7167,user7167,malicious,attack 2,false positive
infrastructure,trace,7167,user7167,malicious,attack 2,true positive
business,metric,3520,user3520,malicious,attack 1,false positive
business,log,3520,user3520,malicious,attack 1,true positive
business,trace,3520,user3520,malicious,attack 1,false positive
business,metric,771,user771,malicious,attack 2,false positive
business,log,771,user771,malicious,attack 2,false positive
business,trace,771,user771,malicious,attack 2,true positive
infrastructure,metric,6035,user6035,malicious,attack 2,false positive
infrastructure,log,6035,user6035,malicious,attack 2,false positive
infrastructure,trace,6035,user6035,malicious,attack 2,true positive
infrastructure,metric,6336,user6336,regular,no attack,false positive
infrastructure,log,6336,user6336,regular,no attack,false positive
infrastructure,trace,6336,user6336,regular,no attack,false positive
infrastructure,metric,5235,user5235,malicious,attack 2,false positive
infrastructure,log,5235,user5235,malicious,attack 2,false positive
infrastructure,trace,5235,user5235,malicious,attack 2,true positive
infrastructure,metric,6409,user6409,malicious,attack 1,false positive
infrastructure,log,6409,user6409,malicious,attack 1,true positive
infrastructure,trace,6409,user6409,malicious,attack 1,false positive
infrastructure,metric,918,user918,regular,no attack,false positive
infrastructure,log,918,user918,regular,no attack,false positive
infrastructure,trace,918,user918,regular,no attack,false positive
business,metric,7448,user7448,malicious,attack 2,false positive
business,log,7448,user7448,malicious,attack 2,false positive
business,trace,7448,user7448,malicious,attack 2,true positive
infrastructure,metric,4369,user4369,malicious,attack 2,false positive
infrastructure,log,4369,user4369,malicious,attack 2,false positive
infrastructure,trace,4369,user4369,malicious,attack 2,true positive
infrastructure,metric,6317,user6317,malicious,attack 1,false positive
infrastructure,log,6317,user6317,malicious,attack 1,true positive
infrastructure,trace,6317,user6317,malicious,attack 1,false positive
business,metric,3364,user3364,regular,no attack,false positive
business,log,3364,user3364,regular,no attack,false positive
business,trace,3364,user3364,regular,no attack,false positive
infrastructure,metric,1477,user1477,malicious,attack 2,false positive
infrastructure,log,1477,user1477,malicious,attack 2,false positive
infrastructure,trace,1477,user1477,malicious,attack 2,true positive
infrastructure,metric,7903,user7903,malicious,attack 2,false positive
infrastructure,log,7903,user7903,malicious,attack 2,false positive
infrastructure,trace,7903,user7903,malicious,attack 2,true positive
infrastructure,metric,4472,user4472,malicious,attack 2,false positive
infrastructure,log,4472,user4472,malicious,attack 2,false positive
infrastructure,trace,4472,user4472,malicious,attack 2,true positive
business,metric,547,user547,regular,no attack,false positive
business,log,547,user547,regular,no attack,false positive
business,trace,547,user547,regular,no attack,false positive
business,metric,8777,user8777,regular,no attack,false positive
business,log,8777,user8777,regular,no attack,false positive
business,trace,8777,user8777,regular,no attack,false positive
infrastructure,metric,8012,user8012,malicious,attack 1,false positive
infrastructure,log,8012,user8012,malicious,attack 1,true positive
infrastructure,trace,8012,user8012,malicious,attack 1,false positive
infrastructure,metric,5873,user5873,malicious,attack 1,false positive
infrastructure,log,5873,user5873,malicious,attack 1,true positive
infrastructure,trace,5873,user5873,malicious,attack 1,false positive
infrastructure,metric,2743,user2743,malicious,attack 1,false positive
infrastructure,log,2743,user2743,malicious,attack 1,true positive
infrastructure,trace,2743,user2743,malicious,attack 1,false positive
business,metric,7383,user7383,malicious,attack 2,false positive
business,log,7383,user7383,malicious,attack 2,false positive
business,trace,7383,user7383,malicious,attack 2,true positive
infrastructure,metric,2738,user2738,regular,no attack,false positive
infrastructure,log,2738,user2738,regular,no attack,false positive
infrastructure,trace,2738,user2738,regular,no attack,false positive
business,metric,4695,user4695,malicious,attack 1,false positive
business,log,4695,user4695,malicious,attack 1,true positive
business,trace,4695,user4695,malicious,attack 1,false positive
infrastructure,metric,1535,user1535,regular,no attack,false positive
infrastructure,log,1535,user1535,regular,no attack,false positive
infrastructure,trace,1535,user1535,regular,no attack,false positive
business,metric,9050,user9050,malicious,attack 2,false positive
business,log,9050,user9050,malicious,attack 2,false positive
business,trace,9050,user9050,malicious,attack 2,true positive
business,metric,9282,user9282,malicious,attack 1,false positive
business,log,9282,user9282,malicious,attack 1,true positive
business,trace,9282,user9282,malicious,attack 1,false positive
infrastructure,metric,8830,user8830,malicious,attack 2,false positive
infrastructure,log,8830,user8830,malicious,attack 2,false positive
infrastructure,trace,8830,user8830,malicious,attack 2,true positive
business,metric,4403,user4403,malicious,attack 2,false positive
business,log,4403,user4403,malicious,attack 2,false positive
business,trace,4403,user4403,malicious,attack 2,true positive
business,metric,1600,user1600,regular,no attack,false positive
business,log,1600,user1600,regular,no attack,false positive
business,trace,1600,user1600,regular,no attack,false positive
business,metric,4024,user4024,malicious,attack 1,false positive
business,log,4024,user4024,malicious,attack 1,true positive
business,trace,4024,user4024,malicious,attack 1,false positive
business,metric,9761,user9761,malicious,attack 1,false positive
business,log,9761,user9761,malicious,attack 1,true positive
business,trace,9761,user9761,malicious,attack 1,false positive
infrastructure,metric,1183,user1183,malicious,attack 2,false positive
infrastructure,log,1183,user1183,malicious,attack 2,false positive
infrastructure,trace,1183,user1183,malicious,attack 2,true positive
infrastructure,metric,1004,user1004,malicious,attack 1,false positive
infrastructure,log,1004,user1004,malicious,attack 1,true positive
infrastructure,trace,1004,user1004,malicious,attack 1,false positive
infrastructure,metric,6042,user6042,regular,no attack,false positive
infrastructure,log,6042,user6042,regular,no attack,false positive
infrastructure,trace,6042,user6042,regular,no attack,false positive
business,metric,6139,user6139,malicious,attack 1,false positive
business,log,6139,user6139,malicious,attack 1,true positive
business,trace,6139,user6139,malicious,attack 1,false positive
infrastructure,metric,9075,user9075,malicious,attack 2,false positive
infrastructure,log,9075,user9075,malicious,attack 2,false positive
infrastructure,trace,9075,user9075,malicious,attack 2,true positive
infrastructure,metric,4196,user4196,malicious,attack 1,false positive
infrastructure,log,4196,user4196,malicious,attack 1,true positive
infrastructure,trace,4196,user4196,malicious,attack 1,false positive
business,metric,8760,user8760,malicious,attack 2,false positive
business,log,8760,user8760,malicious,attack 2,false positive
business,trace,8760,user8760,malicious,attack 2,true positive
business,metric,6866,user6866,malicious,attack 2,false positive
business,log,6866,user6866,malicious,attack 2,false positive
business,trace,6866,user6866,malicious,attack 2,true positive
business,metric,6680,user6680,malicious,attack 2,false positive
business,log,6680,user6680,malicious,attack 2,false positive
business,trace,6680,user6680,malicious,attack 2,true positive
business,metric,6217,user6217,malicious,attack 1,false positive
business,log,6217,user6217,malicious,attack 1,true positive
business,trace,6217,user6217,malicious,attack 1,false positive
business,metric,9429,user9429,malicious,attack 2,false positive
business,log,9429,user9429,malicious,attack 2,false positive
business,trace,9429,user9429,malicious,attack 2,true positive
business,metric,1850,user1850,malicious,attack 2,false positive
business,log,1850,user1850,malicious,attack 2,false positive
business,trace,1850,user1850,malicious,attack 2,true positive
business,metric,7961,user7961,malicious,attack 1,false positive
business,log,7961,user7961,malicious,attack 1,true positive
business,trace,7961,user7961,malicious,attack 1,false positive
business,metric,227,user227,regular,no attack,false positive
business,log,227,user227,regular,no attack,false positive
business,trace,227,user227,regular,no attack,false positive
business,metric,1400,user1400,malicious,attack 1,false positive
business,log,1400,user1400,malicious,attack 1,true positive
business,trace,1400,user1400,malicious,attack 1,false positive
infrastructure,metric,5842,user5842,malicious,attack 1,false positive
infrastructure,log,5842,user5842,malicious,attack 1,true positive
infrastructure,trace,5842,user5842,malicious,attack 1,false positive
business,metric,1968,user1968,regular,no attack,false positive
business,log,1968,user1968,regular,no attack,false positive
business,trace,1968,user1968,regular,no attack,false positive
infrastructure,metric,4071,user4071,malicious,attack 1,false positive
infrastructure,log,4071,user4071,malicious,attack 1,true positive
infrastructure,trace,4071,user4071,malicious,attack 1,false positive
infrastructure,metric,3430,user3430,malicious,attack 1,false positive
infrastructure,log,3430,user3430,malicious,attack 1,true positive
infrastructure,trace,3430,user3430,malicious,attack 1,false positive
infrastructure,metric,5727,user5727,malicious,attack 2,false positive
infrastructure,log,5727,user5727,malicious,attack 2,false positive
infrastructure,trace,5727,user5727,malicious,attack 2,true positive
infrastructure,metric,7760,user7760,regular,no attack,false positive
infrastructure,log,7760,user7760,regular,no attack,false positive
infrastructure,trace,7760,user7760,regular,no attack,false positive
business,metric,8758,user8758,malicious,attack 2,false positive
business,log,8758,user8758,malicious,attack 2,false positive
business,trace,8758,user8758,malicious,attack 2,true positive
infrastructure,metric,321,user321,malicious,attack 2,false positive
infrastructure,log,321,user321,malicious,attack 2,false positive
infrastructure,trace,321,user321,malicious,attack 2,true positive
infrastructure,metric,5074,user5074,malicious,attack 1,false positive
infrastructure,log,5074,user5074,malicious,attack 1,true positive
infrastructure,trace,5074,user5074,malicious,attack 1,false positive
infrastructure,metric,9584,user9584,regular,no attack,false positive
infrastructure,log,9584,user9584,regular,no attack,false positive
infrastructure,trace,9584,user9584,regular,no attack,false positive
business,metric,6287,user6287,malicious,attack 1,false positive
business,log,6287,user6287,malicious,attack 1,true positive
business,trace,6287,user6287,malicious,attack 1,false positive
business,metric,5193,user5193,regular,no attack,false positive
business,log,5193,user5193,regular,no attack,false positive
business,trace,5193,user5193,regular,no attack,false positive
business,metric,9235,user9235,malicious,attack 1,false positive
business,log,9235,user9235,malicious,attack 1,true positive
business,trace,9235,user9235,malicious,attack 1,false positive
infrastructure,metric,7275,user7275,malicious,attack 1,false positive
infrastructure,log,7275,user7275,malicious,attack 1,true positive
infrastructure,trace,7275,user7275,malicious,attack 1,false positive
business,metric,2027,user2027,malicious,attack 1,false positive
business,log,2027,user2027,malicious,attack 1,true positive
business,trace,2027,user2027,malicious,attack 1,false positive
business,metric,5434,user5434,regular,no attack,false positive
business,log,5434,user5434,regular,no attack,false positive
business,trace,5434,user5434,regular,no attack,false positive
infrastructure,metric,7817,user7817,regular,no attack,false positive
infrastructure,log,7817,user7817,regular,no attack,false positive
infrastructure,trace,7817,user7817,regular,no attack,false positive
business,metric,5420,user5420,malicious,attack 2,false positive
business,log,5420,user5420,malicious,attack 2,false positive
business,trace,5420,user5420,malicious,attack 2,true positive
infrastructure,metric,8446,user8446,regular,no attack,false positive
infrastructure,log,8446,user8446,regular,no attack,false positive
infrastructure,trace,8446,user8446,regular,no attack,false positive
infrastructure,metric,472,user472,regular,no attack,false positive
infrastructure,log,472,user472,regular,no attack,false positive
infrastructure,trace,472,user472,regular,no attack,false positive
business,metric,7119,user7119,malicious,attack 2,false positive
business,log,7119,user7119,malicious,attack 2,false positive
business,trace,7119,user7119,malicious,attack 2,true positive
infrastructure,metric,425,user425,malicious,attack 1,false positive
infrastructure,log,425,user425,malicious,attack 1,true positive
infrastructure,trace,425,user425,malicious,attack 1,false positive
business,metric,1596,user1596,malicious,attack 2,false positive
business,log,1596,user1596,malicious,attack 2,false positive
business,trace,1596,user1596,malicious,attack 2,true positive
infrastructure,metric,7967,user7967,regular,no attack,false positive
infrastructure,log,7967,user7967,regular,no attack,false positive
infrastructure,trace,7967,user7967,regular,no attack,false positive
infrastructure,metric,9553,user9553,malicious,attack 1,false positive
infrastructure,log,9553,user9553,malicious,attack 1,true positive
infrastructure,trace,9553,user9553,malicious,attack 1,false positive
business,metric,2048,user2048,malicious,attack 1,false positive
business,log,2048,user2048,malicious,attack 1,true positive
business,trace,2048,user2048,malicious,attack 1,false positive
business,metric,6003,user6003,malicious,attack 2,false positive
business,log,6003,user6003,malicious,attack 2,false positive
business,trace,6003,user6003,malicious,attack 2,true positive
infrastructure,metric,7463,user7463,regular,no attack,false positive
infrastructure,log,7463,user7463,regular,no attack,false positive
infrastructure,trace,7463,user7463,regular,no attack,false positive
business,metric,3162,user3162,regular,no attack,false positive
business,log,3162,user3162,regular,no attack,false positive
business,trace,3162,user3162,regular,no attack,false positive
business,metric,5314,user5314,malicious,attack 2,false positive
business,log,5314,user5314,malicious,attack 2,false positive
business,trace,5314,user5314,malicious,attack 2,true positive
business,metric,9165,user9165,malicious,attack 2,false positive
business,log,9165,user9165,malicious,attack 2,false positive
business,trace,9165,user9165,malicious,attack 2,true positive
infrastructure,metric,7816,user7816,malicious,attack 1,false positive
infrastructure,log,7816,user7816,malicious,attack 1,true positive
infrastructure,trace,7816,user7816,malicious,attack 1,false positive
infrastructure,metric,3188,user3188,malicious,attack 1,false positive
infrastructure,log,3188,user3188,malicious,attack 1,true positive
infrastructure,trace,3188,user3188,malicious,attack 1,false positive
business,metric,1390,user1390,malicious,attack 1,false positive
business,log,1390,user1390,malicious,attack 1,true positive
business,trace,1390,user1390,malicious,attack 1,false positive
business,metric,1575,user1575,malicious,attack 2,false positive
business,log,1575,user1575,malicious,attack 2,false positive
business,trace,1575,user1575,malicious,attack 2,true positive
infrastructure,metric,2825,user2825,malicious,attack 2,false positive
infrastructure,log,2825,user2825,malicious,attack 2,false positive
infrastructure,trace,2825,user2825,malicious,attack 2,true positive
infrastructure,metric,8665,user8665,regular,no attack,false positive
infrastructure,log,8665,user8665,regular,no attack,false positive
infrastructure,trace,8665,user8665,regular,no attack,false positive
infrastructure,metric,2696,user2696,malicious,attack 2,false positive
infrastructure,log,2696,user2696,malicious,attack 2,false positive
infrastructure,trace,2696,user2696,malicious,attack 2,true positive
infrastructure,metric,9384,user9384,malicious,attack 2,false positive
infrastructure,log,9384,user9384,malicious,attack 2,false positive
infrastructure,trace,9384,user9384,malicious,attack 2,true positive
business,metric,3971,user3971,malicious,attack 1,false positive
business,log,3971,user3971,malicious,attack 1,true positive
business,trace,3971,user3971,malicious,attack 1,false positive
business,metric,5373,user5373,malicious,attack 1,false positive
business,log,5373,user5373,malicious,attack 1,true positive
business,trace,5373,user5373,malicious,attack 1,false positive
infrastructure,metric,7377,user7377,malicious,attack 1,false positive
infrastructure,log,7377,user7377,malicious,attack 1,true positive
infrastructure,trace,7377,user7377,malicious,attack 1,false positive
business,metric,9677,user9677,regular,no attack,false positive
business,log,9677,user9677,regular,no attack,false positive
business,trace,9677,user9677,regular,no attack,false positive
business,metric,1256,user1256,malicious,attack 1,false positive
business,log,1256,user1256,malicious,attack 1,true positive
business,trace,1256,user1256,malicious,attack 1,false positive
infrastructure,metric,9793,user9793,malicious,attack 2,false positive
infrastructure,log,9793,user9793,malicious,attack 2,false positive
infrastructure,trace,9793,user9793,malicious,attack 2,true positive
infrastructure,metric,6652,user6652,malicious,attack 1,false positive
infrastructure,log,6652,user6652,malicious,attack 1,true positive
infrastructure,trace,6652,user6652,malicious,attack 1,false positive
infrastructure,metric,2641,user2641,regular,no attack,false positive
infrastructure,log,2641,user2641,regular,no attack,false positive
infrastructure,trace,2641,user2641,regular,no attack,false positive
infrastructure,metric,8839,user8839,malicious,attack 1,false positive
infrastructure,log,8839,user8839,malicious,attack 1,true positive
infrastructure,trace,8839,user8839,malicious,attack 1,false positive
business,metric,436,user436,malicious,attack 1,false positive
business,log,436,user436,malicious,attack 1,true positive
business,trace,436,user436,malicious,attack 1,false positive
infrastructure,metric,8697,user8697,regular,no attack,false positive
infrastructure,log,8697,user8697,regular,no attack,false positive
infrastructure,trace,8697,user8697,regular,no attack,false positive
infrastructure,metric,4378,user4378,malicious,attack 1,false positive
infrastructure,log,4378,user4378,malicious,attack 1,true positive
infrastructure,trace,4378,user4378,malicious,attack 1,false positive
business,metric,8886,user8886,malicious,attack 1,false positive
business,log,8886,user8886,malicious,attack 1,true positive
business,trace,8886,user8886,malicious,attack 1,false positive
infrastructure,metric,4407,user4407,malicious,attack 1,false positive
infrastructure,log,4407,user4407,malicious,attack 1,true positive
infrastructure,trace,4407,user4407,malicious,attack 1,false positive
business,metric,6249,user6249,regular,no attack,false positive
business,log,6249,user6249,regular,no attack,false positive
business,trace,6249,user6249,regular,no attack,false positive
business,metric,4216,user4216,regular,no attack,false positive
business,log,4216,user4216,regular,no attack,false positive
business,trace,4216,user4216,regular,no attack,false positive
business,metric,7636,user7636,malicious,attack 2,false positive
business,log,7636,user7636,malicious,attack 2,false positive
business,trace,7636,user7636,malicious,attack 2,true positive
infrastructure,metric,7007,user7007,malicious,attack 1,false positive
infrastructure,log,7007,user7007,malicious,attack 1,true positive
infrastructure,trace,7007,user7007,malicious,attack 1,false positive
infrastructure,metric,391,user391,malicious,attack 2,false positive
infrastructure,log,391,user391,malicious,attack 2,false positive
infrastructure,trace,391,user391,malicious,attack 2,true positive
business,metric,6220,user6220,malicious,attack 2,false positive
business,log,6220,user6220,malicious,attack 2,false positive
business,trace,6220,user6220,malicious,attack 2,true positive
infrastructure,metric,7192,user7192,malicious,attack 2,false positive
infrastructure,log,7192,user7192,malicious,attack 2,false positive
infrastructure,trace,7192,user7192,malicious,attack 2,true positive
infrastructure,metric,4018,user4018,malicious,attack 1,false positive
infrastructure,log,4018,user4018,malicious,attack 1,true positive
infrastructure,trace,4018,user4018,malicious,attack 1,false positive
business,metric,3629,user3629,malicious,attack 2,false positive
business,log,3629,user3629,malicious,attack 2,false positive
business,trace,3629,user3629,malicious,attack 2,true positive
business,metric,3446,user3446,malicious,attack 1,false positive
business,log,3446,user3446,malicious,attack 1,true positive
business,trace,3446,user3446,malicious,attack 1,false positive
infrastructure,metric,2707,user2707,malicious,attack 2,false positive
infrastructure,log,2707,user2707,malicious,attack 2,false positive
infrastructure,trace,2707,user2707,malicious,attack 2,true positive
infrastructure,metric,4312,user4312,regular,no attack,false positive
infrastructure,log,4312,user4312,regular,no attack,false positive
infrastructure,trace,4312,user4312,regular,no attack,false positive
business,metric,612,user612,malicious,attack 2,false positive
business,log,612,user612,malicious,attack 2,false positive
business,trace,612,user612,malicious,attack 2,true positive
business,metric,7748,user7748,malicious,attack 1,false positive
business,log,7748,user7748,malicious,attack 1,true positive
business,trace,7748,user7748,malicious,attack 1,false positive
business,metric,4469,user4469,regular,no attack,false positive
business,log,4469,user4469,regular,no attack,false positive
business,trace,4469,user4469,regular,no attack,false positive
business,metric,5786,user5786,malicious,attack 1,false positive
business,log,5786,user5786,malicious,attack 1,true positive
business,trace,5786,user5786,malicious,attack 1,false positive
infrastructure,metric,1137,user1137,malicious,attack 1,false positive
infrastructure,log,1137,user1137,malicious,attack 1,true positive
infrastructure,trace,1137,user1137,malicious,attack 1,false positive
infrastructure,metric,4476,user4476,regular,no attack,false positive
infrastructure,log,4476,user4476,regular,no attack,false positive
infrastructure,trace,4476,user4476,regular,no attack,false positive
business,metric,9134,user9134,regular,no attack,false positive
business,log,9134,user9134,regular,no attack,false positive
business,trace,9134,user9134,regular,no attack,false positive
business,metric,3445,user3445,regular,no attack,false positive
business,log,3445,user3445,regular,no attack,false positive
business,trace,3445,user3445,regular,no attack,false positive
infrastructure,metric,612,user612,malicious,attack 2,false positive
infrastructure,log,612,user612,malicious,attack 2,false positive
infrastructure,trace,612,user612,malicious,attack 2,true positive
infrastructure,metric,3715,user3715,malicious,attack 1,false positive
infrastructure,log,3715,user3715,malicious,attack 1,true positive
infrastructure,trace,3715,user3715,malicious,attack 1,false positive
business,metric,274,user274,malicious,attack 2,false positive
business,log,274,user274,malicious,attack 2,false positive
business,trace,274,user274,malicious,attack 2,true positive
infrastructure,metric,5383,user5383,malicious,attack 2,false positive
infrastructure,log,5383,user5383,malicious,attack 2,false positive
infrastructure,trace,5383,user5383,malicious,attack 2,true positive
business,metric,955,user955,malicious,attack 2,false positive
business,log,955,user955,malicious,attack 2,false positive
business,trace,955,user955,malicious,attack 2,true positive
business,metric,8353,user8353,malicious,attack 1,false positive
business,log,8353,user8353,malicious,attack 1,true positive
business,trace,8353,user8353,malicious,attack 1,false positive
infrastructure,metric,2429,user2429,regular,no attack,false positive
infrastructure,log,2429,user2429,regular,no attack,false positive
infrastructure,trace,2429,user2429,regular,no attack,false positive
business,metric,6225,user6225,malicious,attack 1,false positive
business,log,6225,user6225,malicious,attack 1,true positive
business,trace,6225,user6225,malicious,attack 1,false positive
infrastructure,metric,4344,user4344,malicious,attack 1,false positive
infrastructure,log,4344,user4344,malicious,attack 1,true positive
infrastructure,trace,4344,user4344,malicious,attack 1,false positive
infrastructure,metric,6879,user6879,regular,no attack,false positive
infrastructure,log,6879,user6879,regular,no attack,false positive
infrastructure,trace,6879,user6879,regular,no attack,false positive
business,metric,4893,user4893,malicious,attack 2,false positive
business,log,4893,user4893,malicious,attack 2,false positive
business,trace,4893,user4893,malicious,attack 2,true positive
business,metric,387,user387,malicious,attack 1,false positive
business,log,387,user387,malicious,attack 1,true positive
business,trace,387,user387,malicious,attack 1,false positive
business,metric,1779,user1779,malicious,attack 1,false positive
business,log,1779,user1779,malicious,attack 1,true positive
business,trace,1779,user1779,malicious,attack 1,false positive
infrastructure,metric,709,user709,malicious,attack 2,false positive
infrastructure,log,709,user709,malicious,attack 2,false positive
infrastructure,trace,709,user709,malicious,attack 2,true positive
business,metric,7271,user7271,malicious,attack 2,false positive
business,log,7271,user7271,malicious,attack 2,false positive
business,trace,7271,user7271,malicious,attack 2,true positive
business,metric,4645,user4645,regular,no attack,false positive
business,log,4645,user4645,regular,no attack,false positive
business,trace,4645,user4645,regular,no attack,false positive
business,metric,7646,user7646,regular,no attack,false positive
business,log,7646,user7646,regular,no attack,false positive
business,trace,7646,user7646,regular,no attack,false positive
infrastructure,metric,4591,user4591,malicious,attack 1,false positive
infrastructure,log,4591,user4591,malicious,attack 1,true positive
infrastructure,trace,4591,user4591,malicious,attack 1,false positive
business,metric,5967,user5967,malicious,attack 1,false positive
business,log,5967,user5967,malicious,attack 1,true positive
business,trace,5967,user5967,malicious,attack 1,false positive
business,metric,3947,user3947,malicious,attack 1,false positive
business,log,3947,user3947,malicious,attack 1,true positive
business,trace,3947,user3947,malicious,attack 1,false positive
infrastructure,metric,9384,user9384,malicious,attack 1,false positive
infrastructure,log,9384,user9384,malicious,attack 1,true positive
infrastructure,trace,9384,user9384,malicious,attack 1,false positive
business,metric,1710,user1710,malicious,attack 1,false positive
business,log,1710,user1710,malicious,attack 1,true positive
business,trace,1710,user1710,malicious,attack 1,false positive
infrastructure,metric,3868,user3868,regular,no attack,false positive
infrastructure,log,3868,user3868,regular,no attack,false positive
infrastructure,trace,3868,user3868,regular,no attack,false positive
infrastructure,metric,8383,user8383,malicious,attack 2,false positive
infrastructure,log,8383,user8383,malicious,attack 2,false positive
infrastructure,trace,8383,user8383,malicious,attack 2,true positive
business,metric,5570,user5570,regular,no attack,false positive
business,log,5570,user5570,regular,no attack,false positive
business,trace,5570,user5570,regular,no attack,false positive
infrastructure,metric,8965,user8965,regular,no attack,false positive
infrastructure,log,8965,user8965,regular,no attack,false positive
infrastructure,trace,8965,user8965,regular,no attack,false positive
business,metric,816,user816,malicious,attack 2,false positive
business,log,816,user816,malicious,attack 2,false positive
business,trace,816,user816,malicious,attack 2,true positive
business,metric,3864,user3864,regular,no attack,false positive
business,log,3864,user3864,regular,no attack,false positive
business,trace,3864,user3864,regular,no attack,false positive
business,metric,8712,user8712,malicious,attack 1,false positive
business,log,8712,user8712,malicious,attack 1,true positive
business,trace,8712,user8712,malicious,attack 1,false positive
infrastructure,metric,5434,user5434,regular,no attack,false positive
infrastructure,log,5434,user5434,regular,no attack,false positive
infrastructure,trace,5434,user5434,regular,no attack,false positive
business,metric,4903,user4903,malicious,attack 2,false positive
business,log,4903,user4903,malicious,attack 2,false positive
business,trace,4903,user4903,malicious,attack 2,true positive
infrastructure,metric,9628,user9628,malicious,attack 1,false positive
infrastructure,log,9628,user9628,malicious,attack 1,true positive
infrastructure,trace,9628,user9628,malicious,attack 1,false positive
infrastructure,metric,2313,user2313,malicious,attack 2,false positive
infrastructure,log,2313,user2313,malicious,attack 2,false positive
infrastructure,trace,2313,user2313,malicious,attack 2,true positive
business,metric,8555,user8555,regular,no attack,false positive
business,log,8555,user8555,regular,no attack,false positive
business,trace,8555,user8555,regular,no attack,false positive
infrastructure,metric,1081,user1081,malicious,attack 1,false positive
infrastructure,log,1081,user1081,malicious,attack 1,true positive
infrastructure,trace,1081,user1081,malicious,attack 1,false positive
business,metric,882,user882,malicious,attack 2,false positive
business,log,882,user882,malicious,attack 2,false positive
business,trace,882,user882,malicious,attack 2,true positive
business,metric,9197,user9197,malicious,attack 2,false positive
business,log,9197,user9197,malicious,attack 2,false positive
business,trace,9197,user9197,malicious,attack 2,true positive
business,metric,5328,user5328,malicious,attack 1,false positive
business,log,5328,user5328,malicious,attack 1,true positive
business,trace,5328,user5328,malicious,attack 1,false positive
infrastructure,metric,7851,user7851,malicious,attack 2,false positive
infrastructure,log,7851,user7851,malicious,attack 2,false positive
infrastructure,trace,7851,user7851,malicious,attack 2,true positive
business,metric,1513,user1513,regular,no attack,false positive
business,log,1513,user1513,regular,no attack,false positive
business,trace,1513,user1513,regular,no attack,false positive
business,metric,370,user370,regular,no attack,false positive
business,log,370,user370,regular,no attack,false positive
business,trace,370,user370,regular,no attack,false positive
business,metric,5775,user5775,malicious,attack 1,false positive
business,log,5775,user5775,malicious,attack 1,true positive
business,trace,5775,user5775,malicious,attack 1,false positive
business,metric,9345,user9345,regular,no attack,false positive
business,log,9345,user9345,regular,no attack,false positive
business,trace,9345,user9345,regular,no attack,false positive
infrastructure,metric,1099,user1099,malicious,attack 2,false positive
infrastructure,log,1099,user1099,malicious,attack 2,false positive
infrastructure,trace,1099,user1099,malicious,attack 2,true positive
infrastructure,metric,540,user540,malicious,attack 2,false positive
infrastructure,log,540,user540,malicious,attack 2,false positive
infrastructure,trace,540,user540,malicious,attack 2,true positive
infrastructure,metric,4071,user4071,malicious,attack 2,false positive
infrastructure,log,4071,user4071,malicious,attack 2,false positive
infrastructure,trace,4071,user4071,malicious,attack 2,true positive
infrastructure,metric,5014,user5014,regular,no attack,false positive
infrastructure,log,5014,user5014,regular,no attack,false positive
infrastructure,trace,5014,user5014,regular,no attack,false positive
business,metric,4401,user4401,malicious,attack 1,false positive
business,log,4401,user4401,malicious,attack 1,true positive
business,trace,4401,user4401,malicious,attack 1,false positive
business,metric,6587,user6587,malicious,attack 1,false positive
business,log,6587,user6587,malicious,attack 1,true positive
business,trace,6587,user6587,malicious,attack 1,false positive
business,metric,9197,user9197,malicious,attack 1,false positive
business,log,9197,user9197,malicious,attack 1,true positive
business,trace,9197,user9197,malicious,attack 1,false positive
business,metric,3252,user3252,malicious,attack 1,false positive
business,log,3252,user3252,malicious,attack 1,true positive
business,trace,3252,user3252,malicious,attack 1,false positive
infrastructure,metric,9455,user9455,regular,no attack,false positive
infrastructure,log,9455,user9455,regular,no attack,false positive
infrastructure,trace,9455,user9455,regular,no attack,false positive
infrastructure,metric,7479,user7479,regular,no attack,false positive
infrastructure,log,7479,user7479,regular,no attack,false positive
infrastructure,trace,7479,user7479,regular,no attack,false positive
business,metric,359,user359,malicious,attack 2,false positive
business,log,359,user359,malicious,attack 2,false positive
business,trace,359,user359,malicious,attack 2,true positive
infrastructure,metric,6262,user6262,malicious,attack 1,false positive
infrastructure,log,6262,user6262,malicious,attack 1,true positive
infrastructure,trace,6262,user6262,malicious,attack 1,false positive
infrastructure,metric,2664,user2664,malicious,attack 2,false positive
infrastructure,log,2664,user2664,malicious,attack 2,false positive
infrastructure,trace,2664,user2664,malicious,attack 2,true positive
infrastructure,metric,1540,user1540,malicious,attack 1,false positive
infrastructure,log,1540,user1540,malicious,attack 1,true positive
infrastructure,trace,1540,user1540,malicious,attack 1,false positive
business,metric,5317,user5317,malicious,attack 2,false positive
business,log,5317,user5317,malicious,attack 2,false positive
business,trace,5317,user5317,malicious,attack 2,true positive
business,metric,5833,user5833,malicious,attack 1,false positive
business,log,5833,user5833,malicious,attack 1,true positive
business,trace,5833,user5833,malicious,attack 1,false positive
infrastructure,metric,5939,user5939,malicious,attack 2,false positive
infrastructure,log,5939,user5939,malicious,attack 2,false positive
infrastructure,trace,5939,user5939,malicious,attack 2,true positive
business,metric,9773,user9773,malicious,attack 2,false positive
business,log,9773,user9773,malicious,attack 2,false positive
business,trace,9773,user9773,malicious,attack 2,true positive
business,metric,4700,user4700,regular,no attack,false positive
business,log,4700,user4700,regular,no attack,false positive
business,trace,4700,user4700,regular,no attack,false positive
infrastructure,metric,239,user239,malicious,attack 1,false positive
infrastructure,log,239,user239,malicious,attack 1,true positive
infrastructure,trace,239,user239,malicious,attack 1,false positive
business,metric,1822,user1822,regular,no attack,false positive
business,log,1822,user1822,regular,no attack,false positive
business,trace,1822,user1822,regular,no attack,false positive
infrastructure,metric,8379,user8379,malicious,attack 2,false positive
infrastructure,log,8379,user8379,malicious,attack 2,false positive
infrastructure,trace,8379,user8379,malicious,attack 2,true positive
business,metric,4770,user4770,malicious,attack 2,false positive
business,log,4770,user4770,malicious,attack 2,false positive
business,trace,4770,user4770,malicious,attack 2,true positive
infrastructure,metric,2521,user2521,regular,no attack,false positive
infrastructure,log,2521,user2521,regular,no attack,false positive
infrastructure,trace,2521,user2521,regular,no attack,false positive
business,metric,2680,user2680,regular,no attack,false positive
business,log,2680,user2680,regular,no attack,false positive
business,trace,2680,user2680,regular,no attack,false positive
business,metric,4739,user4739,malicious,attack 1,false positive
business,log,4739,user4739,malicious,attack 1,true positive
business,trace,4739,user4739,malicious,attack 1,false positive
infrastructure,metric,9325,user9325,malicious,attack 2,false positive
infrastructure,log,9325,user9325,malicious,attack 2,false positive
infrastructure,trace,9325,user9325,malicious,attack 2,true positive
business,metric,9127,user9127,malicious,attack 2,false positive
business,log,9127,user9127,malicious,attack 2,false positive
business,trace,9127,user9127,malicious,attack 2,true positive
business,metric,7755,user7755,malicious,attack 2,false positive
business,log,7755,user7755,malicious,attack 2,false positive
business,trace,7755,user7755,malicious,attack 2,true positive
infrastructure,metric,9640,user9640,malicious,attack 1,false positive
infrastructure,log,9640,user9640,malicious,attack 1,true positive
infrastructure,trace,9640,user9640,malicious,attack 1,false positive
business,metric,6084,user6084,malicious,attack 1,false positive
business,log,6084,user6084,malicious,attack 1,true positive
business,trace,6084,user6084,malicious,attack 1,false positive
business,metric,9615,user9615,regular,no attack,false positive
business,log,9615,user9615,regular,no attack,false positive
business,trace,9615,user9615,regular,no attack,false positive
business,metric,1465,user1465,regular,no attack,false positive
business,log,1465,user1465,regular,no attack,false positive
business,trace,1465,user1465,regular,no attack,false positive
infrastructure,metric,543,user543,malicious,attack 1,false positive
infrastructure,log,543,user543,malicious,attack 1,true positive
infrastructure,trace,543,user543,malicious,attack 1,false positive
business,metric,8192,user8192,malicious,attack 2,false positive
business,log,8192,user8192,malicious,attack 2,false positive
business,trace,8192,user8192,malicious,attack 2,true positive
infrastructure,metric,7479,user7479,regular,no attack,false positive
infrastructure,log,7479,user7479,regular,no attack,false positive
infrastructure,trace,7479,user7479,regular,no attack,false positive
business,metric,2541,user2541,malicious,attack 1,false positive
business,log,2541,user2541,malicious,attack 1,true positive
business,trace,2541,user2541,malicious,attack 1,false positive
infrastructure,metric,2686,user2686,malicious,attack 1,false positive
infrastructure,log,2686,user2686,malicious,attack 1,true positive
infrastructure,trace,2686,user2686,malicious,attack 1,false positive
infrastructure,metric,6865,user6865,malicious,attack 1,false positive
infrastructure,log,6865,user6865,malicious,attack 1,true positive
infrastructure,trace,6865,user6865,malicious,attack 1,false positive
business,metric,6089,user6089,malicious,attack 1,false positive
business,log,6089,user6089,malicious,attack 1,true positive
business,trace,6089,user6089,malicious,attack 1,false positive
infrastructure,metric,7046,user7046,regular,no attack,false positive
infrastructure,log,7046,user7046,regular,no attack,false positive
infrastructure,trace,7046,user7046,regular,no attack,false positive
business,metric,5017,user5017,malicious,attack 2,false positive
business,log,5017,user5017,malicious,attack 2,false positive
business,trace,5017,user5017,malicious,attack 2,true positive
infrastructure,metric,6398,user6398,regular,no attack,false positive
infrastructure,log,6398,user6398,regular,no attack,false positive
infrastructure,trace,6398,user6398,regular,no attack,false positive
business,metric,4980,user4980,regular,no attack,false positive
business,log,4980,user4980,regular,no attack,false positive
business,trace,4980,user4980,regular,no attack,false positive
infrastructure,metric,6740,user6740,malicious,attack 1,false positive
infrastructure,log,6740,user6740,malicious,attack 1,true positive
infrastructure,trace,6740,user6740,malicious,attack 1,false positive
infrastructure,metric,499,user499,regular,no attack,false positive
infrastructure,log,499,user499,regular,no attack,false positive
infrastructure,trace,499,user499,regular,no attack,false positive
infrastructure,metric,6075,user6075,malicious,attack 1,false positive
infrastructure,log,6075,user6075,malicious,attack 1,true positive
infrastructure,trace,6075,user6075,malicious,attack 1,false positive
business,metric,4589,user4589,malicious,attack 1,false positive
business,log,4589,user4589,malicious,attack 1,true positive
business,trace,4589,user4589,malicious,attack 1,false positive
infrastructure,metric,203,user203,regular,no attack,false positive
infrastructure,log,203,user203,regular,no attack,false positive
infrastructure,trace,203,user203,regular,no attack,false positive
business,metric,6634,user6634,malicious,attack 1,false positive
business,log,6634,user6634,malicious,attack 1,true positive
business,trace,6634,user6634,malicious,attack 1,false positive
business,metric,3108,user3108,malicious,attack 2,false positive
business,log,3108,user3108,malicious,attack 2,false positive
business,trace,3108,user3108,malicious,attack 2,true positive
infrastructure,metric,5949,user5949,malicious,attack 2,false positive
infrastructure,log,5949,user5949,malicious,attack 2,false positive
infrastructure,trace,5949,user5949,malicious,attack 2,true positive
business,metric,2859,user2859,regular,no attack,false positive
business,log,2859,user2859,regular,no attack,false positive
business,trace,2859,user2859,regular,no attack,false positive
infrastructure,metric,6297,user6297,malicious,attack 1,false positive
infrastructure,log,6297,user6297,malicious,attack 1,true positive
infrastructure,trace,6297,user6297,malicious,attack 1,false positive
business,metric,3469,user3469,regular,no attack,false positive
business,log,3469,user3469,regular,no attack,false positive
business,trace,3469,user3469,regular,no attack,false positive
infrastructure,metric,6055,user6055,regular,no attack,false positive
infrastructure,log,6055,user6055,regular,no attack,false positive
infrastructure,trace,6055,user6055,regular,no attack,false positive
infrastructure,metric,5913,user5913,regular,no attack,false positive
infrastructure,log,5913,user5913,regular,no attack,false positive
infrastructure,trace,5913,user5913,regular,no attack,false positive
infrastructure,metric,1115,user1115,regular,no attack,false positive
infrastructure,log,1115,user1115,regular,no attack,false positive
infrastructure,trace,1115,user1115,regular,no attack,false positive
business,metric,7098,user7098,malicious,attack 1,false positive
business,log,7098,user7098,malicious,attack 1,true positive
business,trace,7098,user7098,malicious,attack 1,false positive
infrastructure,metric,3087,user3087,regular,no attack,false positive
infrastructure,log,3087,user3087,regular,no attack,false positive
infrastructure,trace,3087,user3087,regular,no attack,false positive
infrastructure,metric,1199,user1199,malicious,attack 1,false positive
infrastructure,log,1199,user1199,malicious,attack 1,true positive
infrastructure,trace,1199,user1199,malicious,attack 1,false positive
infrastructure,metric,3129,user3129,malicious,attack 2,false positive
infrastructure,log,3129,user3129,malicious,attack 2,false positive
infrastructure,trace,3129,user3129,malicious,attack 2,true positive
infrastructure,metric,504,user504,malicious,attack 2,false positive
infrastructure,log,504,user504,malicious,attack 2,false positive
infrastructure,trace,504,user504,malicious,attack 2,true positive
infrastructure,metric,3212,user3212,regular,no attack,false positive
infrastructure,log,3212,user3212,regular,no attack,false positive
infrastructure,trace,3212,user3212,regular,no attack,false positive
infrastructure,metric,510,user510,malicious,attack 2,false positive
infrastructure,log,510,user510,malicious,attack 2,false positive
infrastructure,trace,510,user510,malicious,attack 2,true positive
infrastructure,metric,2651,user2651,malicious,attack 2,false positive
infrastructure,log,2651,user2651,malicious,attack 2,false positive
infrastructure,trace,2651,user2651,malicious,attack 2,true positive
infrastructure,metric,7938,user7938,regular,no attack,false positive
infrastructure,log,7938,user7938,regular,no attack,false positive
infrastructure,trace,7938,user7938,regular,no attack,false positive
business,metric,3700,user3700,regular,no attack,false positive
business,log,3700,user3700,regular,no attack,false positive
business,trace,3700,user3700,regular,no attack,false positive
infrastructure,metric,8912,user8912,regular,no attack,false positive
infrastructure,log,8912,user8912,regular,no attack,false positive
infrastructure,trace,8912,user8912,regular,no attack,false positive
business,metric,8865,user8865,malicious,attack 2,false positive
business,log,8865,user8865,malicious,attack 2,false positive
business,trace,8865,user8865,malicious,attack 2,true positive
business,metric,6033,user6033,malicious,attack 1,false positive
business,log,6033,user6033,malicious,attack 1,true positive
business,trace,6033,user6033,malicious,attack 1,false positive
business,metric,8660,user8660,malicious,attack 2,false positive
business,log,8660,user8660,malicious,attack 2,false positive
business,trace,8660,user8660,malicious,attack 2,true positive
business,metric,1624,user1624,malicious,attack 2,false positive
business,log,1624,user1624,malicious,attack 2,false positive
business,trace,1624,user1624,malicious,attack 2,true positive
business,metric,8012,user8012,malicious,attack 2,false positive
business,log,8012,user8012,malicious,attack 2,false positive
business,trace,8012,user8012,malicious,attack 2,true positive
business,metric,9307,user9307,malicious,attack 1,false positive
business,log,9307,user9307,malicious,attack 1,true positive
business,trace,9307,user9307,malicious,attack 1,false positive
business,metric,1821,user1821,malicious,attack 2,false positive
business,log,1821,user1821,malicious,attack 2,false positive
business,trace,1821,user1821,malicious,attack 2,true positive
business,metric,9176,user9176,regular,no attack,false positive
business,log,9176,user9176,regular,no attack,false positive
business,trace,9176,user9176,regular,no attack,false positive
infrastructure,metric,6393,user6393,malicious,attack 1,false positive
infrastructure,log,6393,user6393,malicious,attack 1,true positive
infrastructure,trace,6393,user6393,malicious,attack 1,false positive
infrastructure,metric,8819,user8819,regular,no attack,false positive
infrastructure,log,8819,user8819,regular,no attack,false positive
infrastructure,trace,8819,user8819,regular,no attack,false positive
infrastructure,metric,5509,user5509,malicious,attack 1,false positive
infrastructure,log,5509,user5509,malicious,attack 1,true positive
infrastructure,trace,5509,user5509,malicious,attack 1,false positive
infrastructure,metric,6726,user6726,malicious,attack 2,false positive
infrastructure,log,6726,user6726,malicious,attack 2,false positive
infrastructure,trace,6726,user6726,malicious,attack 2,true positive
infrastructure,metric,3453,user3453,malicious,attack 2,false positive
infrastructure,log,3453,user3453,malicious,attack 2,false positive
infrastructure,trace,3453,user3453,malicious,attack 2,true positive
infrastructure,metric,4169,user4169,malicious,attack 2,false positive
infrastructure,log,4169,user4169,malicious,attack 2,false positive
infrastructure,trace,4169,user4169,malicious,attack 2,true positive
infrastructure,metric,5489,user5489,regular,no attack,false positive
infrastructure,log,5489,user5489,regular,no attack,false positive
infrastructure,trace,5489,user5489,regular,no attack,false positive
business,metric,8880,user8880,malicious,attack 1,false positive
business,log,8880,user8880,malicious,attack 1,true positive
business,trace,8880,user8880,malicious,attack 1,false positive
infrastructure,metric,1986,user1986,regular,no attack,false positive
infrastructure,log,1986,user1986,regular,no attack,false positive
infrastructure,trace,1986,user1986,regular,no attack,false positive
business,metric,511,user511,malicious,attack 2,false positive
business,log,511,user511,malicious,attack 2,false positive
business,trace,511,user511,malicious,attack 2,true positive
infrastructure,metric,5761,user5761,regular,no attack,false positive
infrastructure,log,5761,user5761,regular,no attack,false positive
infrastructure,trace,5761,user5761,regular,no attack,false positive
infrastructure,metric,4918,user4918,regular,no attack,false positive
infrastructure,log,4918,user4918,regular,no attack,false positive
infrastructure,trace,4918,user4918,regular,no attack,false positive
business,metric,6572,user6572,malicious,attack 1,false positive
business,log,6572,user6572,malicious,attack 1,true positive
business,trace,6572,user6572,malicious,attack 1,false positive
infrastructure,metric,9114,user9114,malicious,attack 2,false positive
infrastructure,log,9114,user9114,malicious,attack 2,false positive
infrastructure,trace,9114,user9114,malicious,attack 2,true positive
business,metric,2892,user2892,regular,no attack,false positive
business,log,2892,user2892,regular,no attack,false positive
business,trace,2892,user2892,regular,no attack,false positive
business,metric,252,user252,regular,no attack,false positive
business,log,252,user252,regular,no attack,false positive
business,trace,252,user252,regular,no attack,false positive
infrastructure,metric,1999,user1999,malicious,attack 2,false positive
infrastructure,log,1999,user1999,malicious,attack 2,false positive
infrastructure,trace,1999,user1999,malicious,attack 2,true positive
infrastructure,metric,6296,user6296,malicious,attack 1,false positive
infrastructure,log,6296,user6296,malicious,attack 1,true positive
infrastructure,trace,6296,user6296,malicious,attack 1,false positive
infrastructure,metric,2536,user2536,malicious,attack 1,false positive
infrastructure,log,2536,user2536,malicious,attack 1,true positive
infrastructure,trace,2536,user2536,malicious,attack 1,false positive
business,metric,3064,user3064,malicious,attack 1,false positive
business,log,3064,user3064,malicious,attack 1,true positive
business,trace,3064,user3064,malicious,attack 1,false positive
business,metric,4043,user4043,malicious,attack 1,false positive
business,log,4043,user4043,malicious,attack 1,true positive
business,trace,4043,user4043,malicious,attack 1,false positive
infrastructure,metric,2386,user2386,regular,no attack,false positive
infrastructure,log,2386,user2386,regular,no attack,false positive
infrastructure,trace,2386,user2386,regular,no attack,false positive
business,metric,7197,user7197,regular,no attack,false positive
business,log,7197,user7197,regular,no attack,false positive
business,trace,7197,user7197,regular,no attack,false positive
infrastructure,metric,8064,user8064,malicious,attack 1,false positive
infrastructure,log,8064,user8064,malicious,attack 1,true positive
infrastructure,trace,8064,user8064,malicious,attack 1,false positive
infrastructure,metric,3301,user3301,malicious,attack 1,false positive
infrastructure,log,3301,user3301,malicious,attack 1,true positive
infrastructure,trace,3301,user3301,malicious,attack 1,false positive
infrastructure,metric,8253,user8253,malicious,attack 1,false positive
infrastructure,log,8253,user8253,malicious,attack 1,true positive
infrastructure,trace,8253,user8253,malicious,attack 1,false positive
business,metric,9564,user9564,regular,no attack,false positive
business,log,9564,user9564,regular,no attack,false positive
business,trace,9564,user9564,regular,no attack,false positive
business,metric,3874,user3874,malicious,attack 1,false positive
business,log,3874,user3874,malicious,attack 1,true positive
business,trace,3874,user3874,malicious,attack 1,false positive
infrastructure,metric,1897,user1897,malicious,attack 1,false positive
infrastructure,log,1897,user1897,malicious,attack 1,true positive
infrastructure,trace,1897,user1897,malicious,attack 1,false positive
infrastructure,metric,1535,user1535,regular,no attack,false positive
infrastructure,log,1535,user1535,regular,no attack,false positive
infrastructure,trace,1535,user1535,regular,no attack,false positive
business,metric,2283,user2283,malicious,attack 1,false positive
business,log,2283,user2283,malicious,attack 1,true positive
business,trace,2283,user2283,malicious,attack 1,false positive
business,metric,7479,user7479,regular,no attack,false positive
business,log,7479,user7479,regular,no attack,false positive
business,trace,7479,user7479,regular,no attack,false positive
business,metric,7117,user7117,regular,no attack,false positive
business,log,7117,user7117,regular,no attack,false positive
business,trace,7117,user7117,regular,no attack,false positive
business,metric,9536,user9536,malicious,attack 1,false positive
business,log,9536,user9536,malicious,attack 1,true positive
business,trace,9536,user9536,malicious,attack 1,false positive
infrastructure,metric,6014,user6014,malicious,attack 1,false positive
infrastructure,log,6014,user6014,malicious,attack 1,true positive
infrastructure,trace,6014,user6014,malicious,attack 1,false positive
business,metric,2427,user2427,malicious,attack 2,false positive
business,log,2427,user2427,malicious,attack 2,false positive
business,trace,2427,user2427,malicious,attack 2,true positive
business,metric,5705,user5705,malicious,attack 1,false positive
business,log,5705,user5705,malicious,attack 1,true positive
business,trace,5705,user5705,malicious,attack 1,false positive
infrastructure,metric,50,user50,regular,no attack,false positive
infrastructure,log,50,user50,regular,no attack,false positive
infrastructure,trace,50,user50,regular,no attack,false positive
infrastructure,metric,4627,user4627,regular,no attack,false positive
infrastructure,log,4627,user4627,regular,no attack,false positive
infrastructure,trace,4627,user4627,regular,no attack,false positive
business,metric,3465,user3465,malicious,attack 2,false positive
business,log,3465,user3465,malicious,attack 2,false positive
business,trace,3465,user3465,malicious,attack 2,true positive
infrastructure,metric,4271,user4271,malicious,attack 2,false positive
infrastructure,log,4271,user4271,malicious,attack 2,false positive
infrastructure,trace,4271,user4271,malicious,attack 2,true positive
infrastructure,metric,1476,user1476,malicious,attack 2,false positive
infrastructure,log,1476,user1476,malicious,attack 2,false positive
infrastructure,trace,1476,user1476,malicious,attack 2,true positive
infrastructure,metric,4244,user4244,malicious,attack 2,false positive
infrastructure,log,4244,user4244,malicious,attack 2,false positive
infrastructure,trace,4244,user4244,malicious,attack 2,true positive
business,metric,808,user808,malicious,attack 2,false positive
business,log,808,user808,malicious,attack 2,false positive
business,trace,808,user808,malicious,attack 2,true positive
business,metric,7397,user7397,malicious,attack 2,false positive
business,log,7397,user7397,malicious,attack 2,false positive
business,trace,7397,user7397,malicious,attack 2,true positive
business,metric,2076,user2076,malicious,attack 2,false positive
business,log,2076,user2076,malicious,attack 2,false positive
business,trace,2076,user2076,malicious,attack 2,true positive
infrastructure,metric,6619,user6619,malicious,attack 1,false positive
infrastructure,log,6619,user6619,malicious,attack 1,true positive
infrastructure,trace,6619,user6619,malicious,attack 1,false positive
business,metric,3771,user3771,malicious,attack 1,false positive
business,log,3771,user3771,malicious,attack 1,true positive
business,trace,3771,user3771,malicious,attack 1,false positive
infrastructure,metric,5050,user5050,malicious,attack 2,false positive
infrastructure,log,5050,user5050,malicious,attack 2,false positive
infrastructure,trace,5050,user5050,malicious,attack 2,true positive
business,metric,2180,user2180,malicious,attack 2,false positive
business,log,2180,user2180,malicious,attack 2,false positive
business,trace,2180,user2180,malicious,attack 2,true positive
business,metric,1393,user1393,malicious,attack 1,false positive
business,log,1393,user1393,malicious,attack 1,true positive
business,trace,1393,user1393,malicious,attack 1,false positive
business,metric,6528,user6528,regular,no attack,false positive
business,log,6528,user6528,regular,no attack,false positive
business,trace,6528,user6528,regular,no attack,false positive
business,metric,2882,user2882,malicious,attack 1,false positive
business,log,2882,user2882,malicious,attack 1,true positive
business,trace,2882,user2882,malicious,attack 1,false positive
infrastructure,metric,6918,user6918,malicious,attack 1,false positive
infrastructure,log,6918,user6918,malicious,attack 1,true positive
infrastructure,trace,6918,user6918,malicious,attack 1,false positive
infrastructure,metric,6504,user6504,regular,no attack,false positive
infrastructure,log,6504,user6504,regular,no attack,false positive
infrastructure,trace,6504,user6504,regular,no attack,false positive
infrastructure,metric,8992,user8992,malicious,attack 2,false positive
infrastructure,log,8992,user8992,malicious,attack 2,false positive
infrastructure,trace,8992,user8992,malicious,attack 2,true positive
business,metric,6675,user6675,malicious,attack 2,false positive
business,log,6675,user6675,malicious,attack 2,false positive
business,trace,6675,user6675,malicious,attack 2,true positive
infrastructure,metric,3085,user3085,malicious,attack 2,false positive
infrastructure,log,3085,user3085,malicious,attack 2,false positive
infrastructure,trace,3085,user3085,malicious,attack 2,true positive
infrastructure,metric,2567,user2567,malicious,attack 2,false positive
infrastructure,log,2567,user2567,malicious,attack 2,false positive
infrastructure,trace,2567,user2567,malicious,attack 2,true positive
business,metric,7453,user7453,malicious,attack 2,false positive
business,log,7453,user7453,malicious,attack 2,false positive
business,trace,7453,user7453,malicious,attack 2,true positive
infrastructure,metric,2054,user2054,malicious,attack 1,false positive
infrastructure,log,2054,user2054,malicious,attack 1,true positive
infrastructure,trace,2054,user2054,malicious,attack 1,false positive
infrastructure,metric,7178,user7178,malicious,attack 2,false positive
infrastructure,log,7178,user7178,malicious,attack 2,false positive
infrastructure,trace,7178,user7178,malicious,attack 2,true positive
infrastructure,metric,4773,user4773,malicious,attack 1,false positive
infrastructure,log,4773,user4773,malicious,attack 1,true positive
infrastructure,trace,4773,user4773,malicious,attack 1,false positive
business,metric,9353,user9353,regular,no attack,false positive
business,log,9353,user9353,regular,no attack,false positive
business,trace,9353,user9353,regular,no attack,false positive
business,metric,4489,user4489,malicious,attack 1,false positive
business,log,4489,user4489,malicious,attack 1,true positive
business,trace,4489,user4489,malicious,attack 1,false positive
business,metric,5129,user5129,malicious,attack 1,false positive
business,log,5129,user5129,malicious,attack 1,true positive
business,trace,5129,user5129,malicious,attack 1,false positive
business,metric,7680,user7680,malicious,attack 2,false positive
business,log,7680,user7680,malicious,attack 2,false positive
business,trace,7680,user7680,malicious,attack 2,true positive
infrastructure,metric,5440,user5440,malicious,attack 1,false positive
infrastructure,log,5440,user5440,malicious,attack 1,true positive
infrastructure,trace,5440,user5440,malicious,attack 1,false positive
infrastructure,metric,5840,user5840,regular,no attack,false positive
infrastructure,log,5840,user5840,regular,no attack,false positive
infrastructure,trace,5840,user5840,regular,no attack,false positive
business,metric,9463,user9463,regular,no attack,false positive
business,log,9463,user9463,regular,no attack,false positive
business,trace,9463,user9463,regular,no attack,false positive
business,metric,1958,user1958,malicious,attack 1,false positive
business,log,1958,user1958,malicious,attack 1,true positive
business,trace,1958,user1958,malicious,attack 1,false positive
infrastructure,metric,7942,user7942,malicious,attack 2,false positive
infrastructure,log,7942,user7942,malicious,attack 2,false positive
infrastructure,trace,7942,user7942,malicious,attack 2,true positive
business,metric,5961,user5961,malicious,attack 2,false positive
business,log,5961,user5961,malicious,attack 2,false positive
business,trace,5961,user5961,malicious,attack 2,true positive
business,metric,8821,user8821,regular,no attack,false positive
business,log,8821,user8821,regular,no attack,false positive
business,trace,8821,user8821,regular,no attack,false positive
business,metric,9009,user9009,regular,no attack,false positive
business,log,9009,user9009,regular,no attack,false positive
business,trace,9009,user9009,regular,no attack,false positive
business,metric,9016,user9016,malicious,attack 2,false positive
business,log,9016,user9016,malicious,attack 2,false positive
business,trace,9016,user9016,malicious,attack 2,true positive
infrastructure,metric,6600,user6600,malicious,attack 1,false positive
infrastructure,log,6600,user6600,malicious,attack 1,true positive
infrastructure,trace,6600,user6600,malicious,attack 1,false positive
infrastructure,metric,975,user975,malicious,attack 2,false positive
infrastructure,log,975,user975,malicious,attack 2,false positive
infrastructure,trace,975,user975,malicious,attack 2,true positive
business,metric,8680,user8680,malicious,attack 1,false positive
business,log,8680,user8680,malicious,attack 1,true positive
business,trace,8680,user8680,malicious,attack 1,false positive
business,metric,8892,user8892,malicious,attack 1,false positive
business,log,8892,user8892,malicious,attack 1,true positive
business,trace,8892,user8892,malicious,attack 1,false positive
business,metric,903,user903,malicious,attack 2,false positive
business,log,903,user903,malicious,attack 2,false positive
business,trace,903,user903,malicious,attack 2,true positive
business,metric,1413,user1413,malicious,attack 1,false positive
business,log,1413,user1413,malicious,attack 1,true positive
business,trace,1413,user1413,malicious,attack 1,false positive
business,metric,1789,user1789,malicious,attack 2,false positive
business,log,1789,user1789,malicious,attack 2,false positive
business,trace,1789,user1789,malicious,attack 2,true positive
business,metric,3799,user3799,regular,no attack,false positive
business,log,3799,user3799,regular,no attack,false positive
business,trace,3799,user3799,regular,no attack,false positive
infrastructure,metric,4512,user4512,malicious,attack 2,false positive
infrastructure,log,4512,user4512,malicious,attack 2,false positive
infrastructure,trace,4512,user4512,malicious,attack 2,true positive
infrastructure,metric,2350,user2350,malicious,attack 1,false positive
infrastructure,log,2350,user2350,malicious,attack 1,true positive
infrastructure,trace,2350,user2350,malicious,attack 1,false positive
business,metric,6468,user6468,regular,no attack,false positive
business,log,6468,user6468,regular,no attack,false positive
business,trace,6468,user6468,regular,no attack,false positive
business,metric,706,user706,malicious,attack 1,false positive
business,log,706,user706,malicious,attack 1,true positive
business,trace,706,user706,malicious,attack 1,false positive
infrastructure,metric,7039,user7039,regular,no attack,false positive
infrastructure,log,7039,user7039,regular,no attack,false positive
infrastructure,trace,7039,user7039,regular,no attack,false positive
infrastructure,metric,1570,user1570,malicious,attack 2,false positive
infrastructure,log,1570,user1570,malicious,attack 2,false positive
infrastructure,trace,1570,user1570,malicious,attack 2,true positive
infrastructure,metric,9248,user9248,malicious,attack 1,false positive
infrastructure,log,9248,user9248,malicious,attack 1,true positive
infrastructure,trace,9248,user9248,malicious,attack 1,false positive
business,metric,2326,user2326,malicious,attack 1,false positive
business,log,2326,user2326,malicious,attack 1,true positive
business,trace,2326,user2326,malicious,attack 1,false positive
infrastructure,metric,1796,user1796,malicious,attack 2,false positive
infrastructure,log,1796,user1796,malicious,attack 2,false positive
infrastructure,trace,1796,user1796,malicious,attack 2,true positive
business,metric,7720,user7720,malicious,attack 2,false positive
business,log,7720,user7720,malicious,attack 2,false positive
business,trace,7720,user7720,malicious,attack 2,true positive
business,metric,1204,user1204,regular,no attack,false positive
business,log,1204,user1204,regular,no attack,false positive
business,trace,1204,user1204,regular,no attack,false positive
infrastructure,metric,7468,user7468,malicious,attack 2,false positive
infrastructure,log,7468,user7468,malicious,attack 2,false positive
infrastructure,trace,7468,user7468,malicious,attack 2,true positive
business,metric,5347,user5347,malicious,attack 2,false positive
business,log,5347,user5347,malicious,attack 2,false positive
business,trace,5347,user5347,malicious,attack 2,true positive
infrastructure,metric,7261,user7261,malicious,attack 2,false positive
infrastructure,log,7261,user7261,malicious,attack 2,false positive
infrastructure,trace,7261,user7261,malicious,attack 2,true positive
business,metric,5792,user5792,malicious,attack 2,false positive
business,log,5792,user5792,malicious,attack 2,false positive
business,trace,5792,user5792,malicious,attack 2,true positive
business,metric,1437,user1437,malicious,attack 2,false positive
business,log,1437,user1437,malicious,attack 2,false positive
business,trace,1437,user1437,malicious,attack 2,true positive
infrastructure,metric,6616,user6616,malicious,attack 2,false positive
infrastructure,log,6616,user6616,malicious,attack 2,false positive
infrastructure,trace,6616,user6616,malicious,attack 2,true positive
business,metric,7715,user7715,regular,no attack,false positive
business,log,7715,user7715,regular,no attack,false positive
business,trace,7715,user7715,regular,no attack,false positive
infrastructure,metric,4506,user4506,malicious,attack 1,false positive
infrastructure,log,4506,user4506,malicious,attack 1,true positive
infrastructure,trace,4506,user4506,malicious,attack 1,false positive
business,metric,6482,user6482,malicious,attack 1,false positive
business,log,6482,user6482,malicious,attack 1,true positive
business,trace,6482,user6482,malicious,attack 1,false positive
infrastructure,metric,1643,user1643,malicious,attack 1,false positive
infrastructure,log,1643,user1643,malicious,attack 1,true positive
infrastructure,trace,1643,user1643,malicious,attack 1,false positive
business,metric,2564,user2564,malicious,attack 2,false positive
business,log,2564,user2564,malicious,attack 2,false positive
business,trace,2564,user2564,malicious,attack 2,true positive
business,metric,240,user240,malicious,attack 1,false positive
business,log,240,user240,malicious,attack 1,true positive
business,trace,240,user240,malicious,attack 1,false positive
business,metric,9923,user9923,malicious,attack 1,false positive
business,log,9923,user9923,malicious,attack 1,true positive
business,trace,9923,user9923,malicious,attack 1,false positive
business,metric,951,user951,regular,no attack,false positive
business,log,951,user951,regular,no attack,false positive
business,trace,951,user951,regular,no attack,false positive
infrastructure,metric,4278,user4278,malicious,attack 2,false positive
infrastructure,log,4278,user4278,malicious,attack 2,false positive
infrastructure,trace,4278,user4278,malicious,attack 2,true positive
business,metric,676,user676,malicious,attack 2,false positive
business,log,676,user676,malicious,attack 2,false positive
business,trace,676,user676,malicious,attack 2,true positive
business,metric,9115,user9115,malicious,attack 1,false positive
business,log,9115,user9115,malicious,attack 1,true positive
business,trace,9115,user9115,malicious,attack 1,false positive
business,metric,5792,user5792,malicious,attack 1,false positive
business,log,5792,user5792,malicious,attack 1,true positive
business,trace,5792,user5792,malicious,attack 1,false positive
business,metric,8002,user8002,malicious,attack 1,false positive
business,log,8002,user8002,malicious,attack 1,true positive
business,trace,8002,user8002,malicious,attack 1,false positive
infrastructure,metric,7827,user7827,regular,no attack,false positive
infrastructure,log,7827,user7827,regular,no attack,false positive
infrastructure,trace,7827,user7827,regular,no attack,false positive
business,metric,3587,user3587,malicious,attack 1,false positive
business,log,3587,user3587,malicious,attack 1,true positive
business,trace,3587,user3587,malicious,attack 1,false positive
infrastructure,metric,7975,user7975,regular,no attack,false positive
infrastructure,log,7975,user7975,regular,no attack,false positive
infrastructure,trace,7975,user7975,regular,no attack,false positive
infrastructure,metric,3301,user3301,malicious,attack 1,false positive
infrastructure,log,3301,user3301,malicious,attack 1,true positive
infrastructure,trace,3301,user3301,malicious,attack 1,false positive
business,metric,3139,user3139,regular,no attack,false positive
business,log,3139,user3139,regular,no attack,false positive
business,trace,3139,user3139,regular,no attack,false positive
business,metric,2981,user2981,malicious,attack 1,false positive
business,log,2981,user2981,malicious,attack 1,true positive
business,trace,2981,user2981,malicious,attack 1,false positive
business,metric,65,user65,regular,no attack,false positive
business,log,65,user65,regular,no attack,false positive
business,trace,65,user65,regular,no attack,false positive
infrastructure,metric,9752,user9752,malicious,attack 2,false positive
infrastructure,log,9752,user9752,malicious,attack 2,false positive
infrastructure,trace,9752,user9752,malicious,attack 2,true positive
infrastructure,metric,1621,user1621,malicious,attack 2,false positive
infrastructure,log,1621,user1621,malicious,attack 2,false positive
infrastructure,trace,1621,user1621,malicious,attack 2,true positive
business,metric,2522,user2522,regular,no attack,false positive
business,log,2522,user2522,regular,no attack,false positive
business,trace,2522,user2522,regular,no attack,false positive
business,metric,2938,user2938,malicious,attack 1,false positive
business,log,2938,user2938,malicious,attack 1,true positive
business,trace,2938,user2938,malicious,attack 1,false positive
infrastructure,metric,4761,user4761,regular,no attack,false positive
infrastructure,log,4761,user4761,regular,no attack,false positive
infrastructure,trace,4761,user4761,regular,no attack,false positive
infrastructure,metric,8133,user8133,malicious,attack 2,false positive
infrastructure,log,8133,user8133,malicious,attack 2,false positive
infrastructure,trace,8133,user8133,malicious,attack 2,true positive
infrastructure,metric,6871,user6871,regular,no attack,false positive
infrastructure,log,6871,user6871,regular,no attack,false positive
infrastructure,trace,6871,user6871,regular,no attack,false positive
infrastructure,metric,6892,user6892,malicious,attack 1,false positive
infrastructure,log,6892,user6892,malicious,attack 1,true positive
infrastructure,trace,6892,user6892,malicious,attack 1,false positive
business,metric,1854,user1854,malicious,attack 2,false positive
business,log,1854,user1854,malicious,attack 2,false positive
business,trace,1854,user1854,malicious,attack 2,true positive
business,metric,1588,user1588,regular,no attack,false positive
business,log,1588,user1588,regular,no attack,false positive
business,trace,1588,user1588,regular,no attack,false positive
business,metric,1104,user1104,malicious,attack 1,false positive
business,log,1104,user1104,malicious,attack 1,true positive
business,trace,1104,user1104,malicious,attack 1,false positive
infrastructure,metric,2452,user2452,malicious,attack 1,false positive
infrastructure,log,2452,user2452,malicious,attack 1,true positive
infrastructure,trace,2452,user2452,malicious,attack 1,false positive
business,metric,5010,user5010,malicious,attack 1,false positive
business,log,5010,user5010,malicious,attack 1,true positive
business,trace,5010,user5010,malicious,attack 1,false positive
business,metric,9073,user9073,malicious,attack 1,false positive
business,log,9073,user9073,malicious,attack 1,true positive
business,trace,9073,user9073,malicious,attack 1,false positive
business,metric,1392,user1392,malicious,attack 2,false positive
business,log,1392,user1392,malicious,attack 2,false positive
business,trace,1392,user1392,malicious,attack 2,true positive
infrastructure,metric,2671,user2671,regular,no attack,false positive
infrastructure,log,2671,user2671,regular,no attack,false positive
infrastructure,trace,2671,user2671,regular,no attack,false positive
business,metric,6008,user6008,malicious,attack 2,false positive
business,log,6008,user6008,malicious,attack 2,false positive
business,trace,6008,user6008,malicious,attack 2,true positive
infrastructure,metric,2549,user2549,regular,no attack,false positive
infrastructure,log,2549,user2549,regular,no attack,false positive
infrastructure,trace,2549,user2549,regular,no attack,false positive
infrastructure,metric,9932,user9932,regular,no attack,false positive
infrastructure,log,9932,user9932,regular,no attack,false positive
infrastructure,trace,9932,user9932,regular,no attack,false positive
infrastructure,metric,9657,user9657,malicious,attack 2,false positive
infrastructure,log,9657,user9657,malicious,attack 2,false positive
infrastructure,trace,9657,user9657,malicious,attack 2,true positive
business,metric,1615,user1615,regular,no attack,false positive
business,log,1615,user1615,regular,no attack,false positive
business,trace,1615,user1615,regular,no attack,false positive
infrastructure,metric,7822,user7822,malicious,attack 1,false positive
infrastructure,log,7822,user7822,malicious,attack 1,true positive
infrastructure,trace,7822,user7822,malicious,attack 1,false positive
infrastructure,metric,4237,user4237,regular,no attack,false positive
infrastructure,log,4237,user4237,regular,no attack,false positive
infrastructure,trace,4237,user4237,regular,no attack,false positive
business,metric,3190,user3190,regular,no attack,false positive
business,log,3190,user3190,regular,no attack,false positive
business,trace,3190,user3190,regular,no attack,false positive
business,metric,9318,user9318,malicious,attack 2,false positive
business,log,9318,user9318,malicious,attack 2,false positive
business,trace,9318,user9318,malicious,attack 2,true positive
infrastructure,metric,8919,user8919,malicious,attack 2,false positive
infrastructure,log,8919,user8919,malicious,attack 2,false positive
infrastructure,trace,8919,user8919,malicious,attack 2,true positive
infrastructure,metric,5077,user5077,malicious,attack 1,false positive
infrastructure,log,5077,user5077,malicious,attack 1,true positive
infrastructure,trace,5077,user5077,malicious,attack 1,false positive
infrastructure,metric,5311,user5311,malicious,attack 2,false positive
infrastructure,log,5311,user5311,malicious,attack 2,false positive
infrastructure,trace,5311,user5311,malicious,attack 2,true positive
infrastructure,metric,2706,user2706,malicious,attack 2,false positive
infrastructure,log,2706,user2706,malicious,attack 2,false positive
infrastructure,trace,2706,user2706,malicious,attack 2,true positive
infrastructure,metric,771,user771,malicious,attack 2,false positive
infrastructure,log,771,user771,malicious,attack 2,false positive
infrastructure,trace,771,user771,malicious,attack 2,true positive
business,metric,8379,user8379,malicious,attack 2,false positive
business,log,8379,user8379,malicious,attack 2,false positive
business,trace,8379,user8379,malicious,attack 2,true positive
infrastructure,metric,5095,user5095,regular,no attack,false positive
infrastructure,log,5095,user5095,regular,no attack,false positive
infrastructure,trace,5095,user5095,regular,no attack,false positive
infrastructure,metric,7453,user7453,malicious,attack 2,false positive
infrastructure,log,7453,user7453,malicious,attack 2,false positive
infrastructure,trace,7453,user7453,malicious,attack 2,true positive
infrastructure,metric,4584,user4584,malicious,attack 2,false positive
infrastructure,log,4584,user4584,malicious,attack 2,false positive
infrastructure,trace,4584,user4584,malicious,attack 2,true positive
business,metric,9715,user9715,regular,no attack,false positive
business,log,9715,user9715,regular,no attack,false positive
business,trace,9715,user9715,regular,no attack,false positive
business,metric,2794,user2794,regular,no attack,false positive
business,log,2794,user2794,regular,no attack,false positive
business,trace,2794,user2794,regular,no attack,false positive
infrastructure,metric,7365,user7365,regular,no attack,false positive
infrastructure,log,7365,user7365,regular,no attack,false positive
infrastructure,trace,7365,user7365,regular,no attack,false positive
business,metric,4578,user4578,malicious,attack 2,false positive
business,log,4578,user4578,malicious,attack 2,false positive
business,trace,4578,user4578,malicious,attack 2,true positive
business,metric,7856,user7856,regular,no attack,false positive
business,log,7856,user7856,regular,no attack,false positive
business,trace,7856,user7856,regular,no attack,false positive
business,metric,5117,user5117,malicious,attack 2,false positive
business,log,5117,user5117,malicious,attack 2,false positive
business,trace,5117,user5117,malicious,attack 2,true positive
business,metric,2588,user2588,regular,no attack,false positive
business,log,2588,user2588,regular,no attack,false positive
business,trace,2588,user2588,regular,no attack,false positive
infrastructure,metric,9599,user9599,malicious,attack 2,false positive
infrastructure,log,9599,user9599,malicious,attack 2,false positive
infrastructure,trace,9599,user9599,malicious,attack 2,true positive
business,metric,6233,user6233,malicious,attack 1,false positive
business,log,6233,user6233,malicious,attack 1,true positive
business,trace,6233,user6233,malicious,attack 1,false positive
business,metric,4494,user4494,malicious,attack 1,false positive
business,log,4494,user4494,malicious,attack 1,true positive
business,trace,4494,user4494,malicious,attack 1,false positive
infrastructure,metric,9181,user9181,malicious,attack 2,false positive
infrastructure,log,9181,user9181,malicious,attack 2,false positive
infrastructure,trace,9181,user9181,malicious,attack 2,true positive
infrastructure,metric,9041,user9041,regular,no attack,false positive
infrastructure,log,9041,user9041,regular,no attack,false positive
infrastructure,trace,9041,user9041,regular,no attack,false positive
business,metric,9179,user9179,malicious,attack 2,false positive
business,log,9179,user9179,malicious,attack 2,false positive
business,trace,9179,user9179,malicious,attack 2,true positive
infrastructure,metric,6212,user6212,malicious,attack 2,false positive
infrastructure,log,6212,user6212,malicious,attack 2,false positive
infrastructure,trace,6212,user6212,malicious,attack 2,true positive
business,metric,8748,user8748,regular,no attack,false positive
business,log,8748,user8748,regular,no attack,false positive
business,trace,8748,user8748,regular,no attack,false positive
infrastructure,metric,1401,user1401,regular,no attack,false positive
infrastructure,log,1401,user1401,regular,no attack,false positive
infrastructure,trace,1401,user1401,regular,no attack,false positive
business,metric,8933,user8933,malicious,attack 2,false positive
business,log,8933,user8933,malicious,attack 2,false positive
business,trace,8933,user8933,malicious,attack 2,true positive
business,metric,7717,user7717,malicious,attack 1,false positive
business,log,7717,user7717,malicious,attack 1,true positive
business,trace,7717,user7717,malicious,attack 1,false positive
infrastructure,metric,5210,user5210,malicious,attack 1,false positive
infrastructure,log,5210,user5210,malicious,attack 1,true positive
infrastructure,trace,5210,user5210,malicious,attack 1,false positive
infrastructure,metric,6894,user6894,regular,no attack,false positive
infrastructure,log,6894,user6894,regular,no attack,false positive
infrastructure,trace,6894,user6894,regular,no attack,false positive
infrastructure,metric,5898,user5898,malicious,attack 2,false positive
infrastructure,log,5898,user5898,malicious,attack 2,false positive
infrastructure,trace,5898,user5898,malicious,attack 2,true positive
infrastructure,metric,6141,user6141,malicious,attack 1,false positive
infrastructure,log,6141,user6141,malicious,attack 1,true positive
infrastructure,trace,6141,user6141,malicious,attack 1,false positive
infrastructure,metric,8409,user8409,malicious,attack 2,false positive
infrastructure,log,8409,user8409,malicious,attack 2,false positive
infrastructure,trace,8409,user8409,malicious,attack 2,true positive
infrastructure,metric,9764,user9764,malicious,attack 1,false positive
infrastructure,log,9764,user9764,malicious,attack 1,true positive
infrastructure,trace,9764,user9764,malicious,attack 1,false positive
business,metric,8780,user8780,malicious,attack 2,false positive
business,log,8780,user8780,malicious,attack 2,false positive
business,trace,8780,user8780,malicious,attack 2,true positive
business,metric,4856,user4856,malicious,attack 1,false positive
business,log,4856,user4856,malicious,attack 1,true positive
business,trace,4856,user4856,malicious,attack 1,false positive
business,metric,3373,user3373,malicious,attack 2,false positive
business,log,3373,user3373,malicious,attack 2,false positive
business,trace,3373,user3373,malicious,attack 2,true positive
infrastructure,metric,2591,user2591,regular,no attack,false positive
infrastructure,log,2591,user2591,regular,no attack,false positive
infrastructure,trace,2591,user2591,regular,no attack,false positive
infrastructure,metric,7774,user7774,malicious,attack 2,false positive
infrastructure,log,7774,user7774,malicious,attack 2,false positive
infrastructure,trace,7774,user7774,malicious,attack 2,true positive
infrastructure,metric,3619,user3619,malicious,attack 2,false positive
infrastructure,log,3619,user3619,malicious,attack 2,false positive
infrastructure,trace,3619,user3619,malicious,attack 2,true positive
business,metric,3940,user3940,regular,no attack,false positive
business,log,3940,user3940,regular,no attack,false positive
business,trace,3940,user3940,regular,no attack,false positive
business,metric,2132,user2132,regular,no attack,false positive
business,log,2132,user2132,regular,no attack,false positive
business,trace,2132,user2132,regular,no attack,false positive
business,metric,9205,user9205,regular,no attack,false positive
business,log,9205,user9205,regular,no attack,false positive
business,trace,9205,user9205,regular,no attack,false positive
infrastructure,metric,2127,user2127,malicious,attack 2,false positive
infrastructure,log,2127,user2127,malicious,attack 2,false positive
infrastructure,trace,2127,user2127,malicious,attack 2,true positive
infrastructure,metric,5584,user5584,malicious,attack 1,false positive
infrastructure,log,5584,user5584,malicious,attack 1,true positive
infrastructure,trace,5584,user5584,malicious,attack 1,false positive
infrastructure,metric,2221,user2221,malicious,attack 1,false positive
infrastructure,log,2221,user2221,malicious,attack 1,true positive
infrastructure,trace,2221,user2221,malicious,attack 1,false positive
business,metric,3102,user3102,malicious,attack 2,false positive
business,log,3102,user3102,malicious,attack 2,false positive
business,trace,3102,user3102,malicious,attack 2,true positive
business,metric,5379,user5379,malicious,attack 2,false positive
business,log,5379,user5379,malicious,attack 2,false positive
business,trace,5379,user5379,malicious,attack 2,true positive
business,metric,8025,user8025,malicious,attack 2,false positive
business,log,8025,user8025,malicious,attack 2,false positive
business,trace,8025,user8025,malicious,attack 2,true positive
infrastructure,metric,8652,user8652,malicious,attack 1,false positive
infrastructure,log,8652,user8652,malicious,attack 1,true positive
infrastructure,trace,8652,user8652,malicious,attack 1,false positive
infrastructure,metric,6502,user6502,regular,no attack,false positive
infrastructure,log,6502,user6502,regular,no attack,false positive
infrastructure,trace,6502,user6502,regular,no attack,false positive
infrastructure,metric,6583,user6583,malicious,attack 1,false positive
infrastructure,log,6583,user6583,malicious,attack 1,true positive
infrastructure,trace,6583,user6583,malicious,attack 1,false positive
infrastructure,metric,4484,user4484,malicious,attack 2,false positive
infrastructure,log,4484,user4484,malicious,attack 2,false positive
infrastructure,trace,4484,user4484,malicious,attack 2,true positive
business,metric,1205,user1205,malicious,attack 1,false positive
business,log,1205,user1205,malicious,attack 1,true positive
business,trace,1205,user1205,malicious,attack 1,false positive
business,metric,4453,user4453,malicious,attack 1,false positive
business,log,4453,user4453,malicious,attack 1,true positive
business,trace,4453,user4453,malicious,attack 1,false positive
business,metric,2417,user2417,regular,no attack,false positive
business,log,2417,user2417,regular,no attack,false positive
business,trace,2417,user2417,regular,no attack,false positive
infrastructure,metric,319,user319,malicious,attack 1,false positive
infrastructure,log,319,user319,malicious,attack 1,true positive
infrastructure,trace,319,user319,malicious,attack 1,false positive
infrastructure,metric,3643,user3643,regular,no attack,false positive
infrastructure,log,3643,user3643,regular,no attack,false positive
infrastructure,trace,3643,user3643,regular,no attack,false positive
business,metric,9850,user9850,malicious,attack 1,false positive
business,log,9850,user9850,malicious,attack 1,true positive
business,trace,9850,user9850,malicious,attack 1,false positive
business,metric,8764,user8764,malicious,attack 2,false positive
business,log,8764,user8764,malicious,attack 2,false positive
business,trace,8764,user8764,malicious,attack 2,true positive
business,metric,186,user186,regular,no attack,false positive
business,log,186,user186,regular,no attack,false positive
business,trace,186,user186,regular,no attack,false positive
business,metric,9617,user9617,malicious,attack 2,false positive
business,log,9617,user9617,malicious,attack 2,false positive
business,trace,9617,user9617,malicious,attack 2,true positive
infrastructure,metric,9968,user9968,regular,no attack,false positive
infrastructure,log,9968,user9968,regular,no attack,false positive
infrastructure,trace,9968,user9968,regular,no attack,false positive
business,metric,6957,user6957,malicious,attack 2,false positive
business,log,6957,user6957,malicious,attack 2,false positive
business,trace,6957,user6957,malicious,attack 2,true positive
business,metric,1172,user1172,malicious,attack 2,false positive
business,log,1172,user1172,malicious,attack 2,false positive
business,trace,1172,user1172,malicious,attack 2,true positive
infrastructure,metric,1925,user1925,regular,no attack,false positive
infrastructure,log,1925,user1925,regular,no attack,false positive
infrastructure,trace,1925,user1925,regular,no attack,false positive
business,metric,1921,user1921,regular,no attack,false positive
business,log,1921,user1921,regular,no attack,false positive
business,trace,1921,user1921,regular,no attack,false positive
business,metric,7886,user7886,malicious,attack 2,false positive
business,log,7886,user7886,malicious,attack 2,false positive
business,trace,7886,user7886,malicious,attack 2,true positive
infrastructure,metric,7907,user7907,regular,no attack,false positive
infrastructure,log,7907,user7907,regular,no attack,false positive
infrastructure,trace,7907,user7907,regular,no attack,false positive
business,metric,8586,user8586,regular,no attack,false positive
business,log,8586,user8586,regular,no attack,false positive
business,trace,8586,user8586,regular,no attack,false positive
business,metric,1283,user1283,malicious,attack 1,false positive
business,log,1283,user1283,malicious,attack 1,true positive
business,trace,1283,user1283,malicious,attack 1,false positive
infrastructure,metric,8128,user8128,malicious,attack 1,false positive
infrastructure,log,8128,user8128,malicious,attack 1,true positive
infrastructure,trace,8128,user8128,malicious,attack 1,false positive
business,metric,5119,user5119,malicious,attack 1,false positive
business,log,5119,user5119,malicious,attack 1,true positive
business,trace,5119,user5119,malicious,attack 1,false positive
business,metric,3753,user3753,regular,no attack,false positive
business,log,3753,user3753,regular,no attack,false positive
business,trace,3753,user3753,regular,no attack,false positive
infrastructure,metric,5459,user5459,malicious,attack 2,false positive
infrastructure,log,5459,user5459,malicious,attack 2,false positive
infrastructure,trace,5459,user5459,malicious,attack 2,true positive
infrastructure,metric,2671,user2671,regular,no attack,false positive
infrastructure,log,2671,user2671,regular,no attack,false positive
infrastructure,trace,2671,user2671,regular,no attack,false positive
business,metric,8259,user8259,malicious,attack 2,false positive
business,log,8259,user8259,malicious,attack 2,false positive
business,trace,8259,user8259,malicious,attack 2,true positive
infrastructure,metric,8974,user8974,malicious,attack 2,false positive
infrastructure,log,8974,user8974,malicious,attack 2,false positive
infrastructure,trace,8974,user8974,malicious,attack 2,true positive
infrastructure,metric,9066,user9066,malicious,attack 1,false positive
infrastructure,log,9066,user9066,malicious,attack 1,true positive
infrastructure,trace,9066,user9066,malicious,attack 1,false positive
infrastructure,metric,4435,user4435,regular,no attack,false positive
infrastructure,log,4435,user4435,regular,no attack,false positive
infrastructure,trace,4435,user4435,regular,no attack,false positive
business,metric,1675,user1675,malicious,attack 2,false positive
business,log,1675,user1675,malicious,attack 2,false positive
business,trace,1675,user1675,malicious,attack 2,true positive
infrastructure,metric,1647,user1647,regular,no attack,false positive
infrastructure,log,1647,user1647,regular,no attack,false positive
infrastructure,trace,1647,user1647,regular,no attack,false positive
infrastructure,metric,1025,user1025,malicious,attack 1,false positive
infrastructure,log,1025,user1025,malicious,attack 1,true positive
infrastructure,trace,1025,user1025,malicious,attack 1,false positive
infrastructure,metric,920,user920,malicious,attack 1,false positive
infrastructure,log,920,user920,malicious,attack 1,true positive
infrastructure,trace,920,user920,malicious,attack 1,false positive
infrastructure,metric,6953,user6953,malicious,attack 2,false positive
infrastructure,log,6953,user6953,malicious,attack 2,false positive
infrastructure,trace,6953,user6953,malicious,attack 2,true positive
business,metric,4680,user4680,regular,no attack,false positive
business,log,4680,user4680,regular,no attack,false positive
business,trace,4680,user4680,regular,no attack,false positive
infrastructure,metric,6270,user6270,malicious,attack 2,false positive
infrastructure,log,6270,user6270,malicious,attack 2,false positive
infrastructure,trace,6270,user6270,malicious,attack 2,true positive
business,metric,9124,user9124,malicious,attack 2,false positive
business,log,9124,user9124,malicious,attack 2,false positive
business,trace,9124,user9124,malicious,attack 2,true positive
infrastructure,metric,1009,user1009,malicious,attack 1,false positive
infrastructure,log,1009,user1009,malicious,attack 1,true positive
infrastructure,trace,1009,user1009,malicious,attack 1,false positive
infrastructure,metric,5692,user5692,regular,no attack,false positive
infrastructure,log,5692,user5692,regular,no attack,false positive
infrastructure,trace,5692,user5692,regular,no attack,false positive
business,metric,8304,user8304,regular,no attack,false positive
business,log,8304,user8304,regular,no attack,false positive
business,trace,8304,user8304,regular,no attack,false positive
business,metric,1120,user1120,malicious,attack 2,false positive
business,log,1120,user1120,malicious,attack 2,false positive
business,trace,1120,user1120,malicious,attack 2,true positive
business,metric,758,user758,malicious,attack 1,false positive
business,log,758,user758,malicious,attack 1,true positive
business,trace,758,user758,malicious,attack 1,false positive
business,metric,6851,user6851,malicious,attack 2,false positive
business,log,6851,user6851,malicious,attack 2,false positive
business,trace,6851,user6851,malicious,attack 2,true positive
infrastructure,metric,2001,user2001,malicious,attack 2,false positive
infrastructure,log,2001,user2001,malicious,attack 2,false positive
infrastructure,trace,2001,user2001,malicious,attack 2,true positive
infrastructure,metric,3877,user3877,malicious,attack 2,false positive
infrastructure,log,3877,user3877,malicious,attack 2,false positive
infrastructure,trace,3877,user3877,malicious,attack 2,true positive
business,metric,2441,user2441,malicious,attack 1,false positive
business,log,2441,user2441,malicious,attack 1,true positive
business,trace,2441,user2441,malicious,attack 1,false positive
infrastructure,metric,9661,user9661,malicious,attack 2,false positive
infrastructure,log,9661,user9661,malicious,attack 2,false positive
infrastructure,trace,9661,user9661,malicious,attack 2,true positive
infrastructure,metric,6917,user6917,malicious,attack 1,false positive
infrastructure,log,6917,user6917,malicious,attack 1,true positive
infrastructure,trace,6917,user6917,malicious,attack 1,false positive
infrastructure,metric,3062,user3062,malicious,attack 1,false positive
infrastructure,log,3062,user3062,malicious,attack 1,true positive
infrastructure,trace,3062,user3062,malicious,attack 1,false positive
infrastructure,metric,1323,user1323,regular,no attack,false positive
infrastructure,log,1323,user1323,regular,no attack,false positive
infrastructure,trace,1323,user1323,regular,no attack,false positive
infrastructure,metric,6617,user6617,malicious,attack 1,false positive
infrastructure,log,6617,user6617,malicious,attack 1,true positive
infrastructure,trace,6617,user6617,malicious,attack 1,false positive
infrastructure,metric,7831,user7831,regular,no attack,false positive
infrastructure,log,7831,user7831,regular,no attack,false positive
infrastructure,trace,7831,user7831,regular,no attack,false positive
infrastructure,metric,7274,user7274,malicious,attack 2,false positive
infrastructure,log,7274,user7274,malicious,attack 2,false positive
infrastructure,trace,7274,user7274,malicious,attack 2,true positive
infrastructure,metric,9267,user9267,malicious,attack 2,false positive
infrastructure,log,9267,user9267,malicious,attack 2,false positive
infrastructure,trace,9267,user9267,malicious,attack 2,true positive
infrastructure,metric,8401,user8401,malicious,attack 1,false positive
infrastructure,log,8401,user8401,malicious,attack 1,true positive
infrastructure,trace,8401,user8401,malicious,attack 1,false positive
business,metric,8571,user8571,regular,no attack,false positive
business,log,8571,user8571,regular,no attack,false positive
business,trace,8571,user8571,regular,no attack,false positive
business,metric,4482,user4482,regular,no attack,false positive
business,log,4482,user4482,regular,no attack,false positive
business,trace,4482,user4482,regular,no attack,false positive
infrastructure,metric,2381,user2381,malicious,attack 2,false positive
infrastructure,log,2381,user2381,malicious,attack 2,false positive
infrastructure,trace,2381,user2381,malicious,attack 2,true positive
business,metric,8778,user8778,regular,no attack,false positive
business,log,8778,user8778,regular,no attack,false positive
business,trace,8778,user8778,regular,no attack,false positive
business,metric,9050,user9050,malicious,attack 2,false positive
business,log,9050,user9050,malicious,attack 2,false positive
business,trace,9050,user9050,malicious,attack 2,true positive
infrastructure,metric,9925,user9925,malicious,attack 1,false positive
infrastructure,log,9925,user9925,malicious,attack 1,true positive
infrastructure,trace,9925,user9925,malicious,attack 1,false positive
business,metric,9569,user9569,malicious,attack 2,false positive
business,log,9569,user9569,malicious,attack 2,false positive
business,trace,9569,user9569,malicious,attack 2,true positive
infrastructure,metric,4906,user4906,malicious,attack 1,false positive
infrastructure,log,4906,user4906,malicious,attack 1,true positive
infrastructure,trace,4906,user4906,malicious,attack 1,false positive
business,metric,9901,user9901,regular,no attack,false positive
business,log,9901,user9901,regular,no attack,false positive
business,trace,9901,user9901,regular,no attack,false positive
infrastructure,metric,3210,user3210,malicious,attack 1,false positive
infrastructure,log,3210,user3210,malicious,attack 1,true positive
infrastructure,trace,3210,user3210,malicious,attack 1,false positive
infrastructure,metric,3175,user3175,regular,no attack,false positive
infrastructure,log,3175,user3175,regular,no attack,false positive
infrastructure,trace,3175,user3175,regular,no attack,false positive
infrastructure,metric,3388,user3388,regular,no attack,false positive
infrastructure,log,3388,user3388,regular,no attack,false positive
infrastructure,trace,3388,user3388,regular,no attack,false positive
infrastructure,metric,9726,user9726,malicious,attack 2,false positive
infrastructure,log,9726,user9726,malicious,attack 2,false positive
infrastructure,trace,9726,user9726,malicious,attack 2,true positive
business,metric,7995,user7995,regular,no attack,false positive
business,log,7995,user7995,regular,no attack,false positive
business,trace,7995,user7995,regular,no attack,false positive
infrastructure,metric,5637,user5637,malicious,attack 2,false positive
infrastructure,log,5637,user5637,malicious,attack 2,false positive
infrastructure,trace,5637,user5637,malicious,attack 2,true positive
business,metric,5594,user5594,malicious,attack 1,false positive
business,log,5594,user5594,malicious,attack 1,true positive
business,trace,5594,user5594,malicious,attack 1,false positive
infrastructure,metric,4090,user4090,malicious,attack 1,false positive
infrastructure,log,4090,user4090,malicious,attack 1,true positive
infrastructure,trace,4090,user4090,malicious,attack 1,false positive
business,metric,8665,user8665,regular,no attack,false positive
business,log,8665,user8665,regular,no attack,false positive
business,trace,8665,user8665,regular,no attack,false positive
business,metric,830,user830,regular,no attack,false positive
business,log,830,user830,regular,no attack,false positive
business,trace,830,user830,regular,no attack,false positive
business,metric,2992,user2992,malicious,attack 1,false positive
business,log,2992,user2992,malicious,attack 1,true positive
business,trace,2992,user2992,malicious,attack 1,false positive
infrastructure,metric,3462,user3462,regular,no attack,false positive
infrastructure,log,3462,user3462,regular,no attack,false positive
infrastructure,trace,3462,user3462,regular,no attack,false positive
infrastructure,metric,4055,user4055,regular,no attack,false positive
infrastructure,log,4055,user4055,regular,no attack,false positive
infrastructure,trace,4055,user4055,regular,no attack,false positive
business,metric,9903,user9903,malicious,attack 2,false positive
business,log,9903,user9903,malicious,attack 2,false positive
business,trace,9903,user9903,malicious,attack 2,true positive
infrastructure,metric,6573,user6573,regular,no attack,false positive
infrastructure,log,6573,user6573,regular,no attack,false positive
infrastructure,trace,6573,user6573,regular,no attack,false positive
infrastructure,metric,9175,user9175,malicious,attack 2,false positive
infrastructure,log,9175,user9175,malicious,attack 2,false positive
infrastructure,trace,9175,user9175,malicious,attack 2,true positive
business,metric,1532,user1532,malicious,attack 2,false positive
business,log,1532,user1532,malicious,attack 2,false positive
business,trace,1532,user1532,malicious,attack 2,true positive
infrastructure,metric,1963,user1963,regular,no attack,false positive
infrastructure,log,1963,user1963,regular,no attack,false positive
infrastructure,trace,1963,user1963,regular,no attack,false positive
business,metric,5413,user5413,malicious,attack 2,false positive
business,log,5413,user5413,malicious,attack 2,false positive
business,trace,5413,user5413,malicious,attack 2,true positive
infrastructure,metric,2688,user2688,malicious,attack 1,false positive
infrastructure,log,2688,user2688,malicious,attack 1,true positive
infrastructure,trace,2688,user2688,malicious,attack 1,false positive
business,metric,6238,user6238,malicious,attack 1,false positive
business,log,6238,user6238,malicious,attack 1,true positive
business,trace,6238,user6238,malicious,attack 1,false positive
infrastructure,metric,6362,user6362,regular,no attack,false positive
infrastructure,log,6362,user6362,regular,no attack,false positive
infrastructure,trace,6362,user6362,regular,no attack,false positive
business,metric,2065,user2065,regular,no attack,false positive
business,log,2065,user2065,regular,no attack,false positive
business,trace,2065,user2065,regular,no attack,false positive
business,metric,5267,user5267,malicious,attack 2,false positive
business,log,5267,user5267,malicious,attack 2,false positive
business,trace,5267,user5267,malicious,attack 2,true positive
infrastructure,metric,1316,user1316,malicious,attack 2,false positive
infrastructure,log,1316,user1316,malicious,attack 2,false positive
infrastructure,trace,1316,user1316,malicious,attack 2,true positive
business,metric,2883,user2883,regular,no attack,false positive
business,log,2883,user2883,regular,no attack,false positive
business,trace,2883,user2883,regular,no attack,false positive
infrastructure,metric,1167,user1167,regular,no attack,false positive
infrastructure,log,1167,user1167,regular,no attack,false positive
infrastructure,trace,1167,user1167,regular,no attack,false positive
business,metric,8658,user8658,malicious,attack 1,false positive
business,log,8658,user8658,malicious,attack 1,true positive
business,trace,8658,user8658,malicious,attack 1,false positive
infrastructure,metric,9979,user9979,malicious,attack 1,false positive
infrastructure,log,9979,user9979,malicious,attack 1,true positive
infrastructure,trace,9979,user9979,malicious,attack 1,false positive
infrastructure,metric,3900,user3900,regular,no attack,false positive
infrastructure,log,3900,user3900,regular,no attack,false positive
infrastructure,trace,3900,user3900,regular,no attack,false positive
business,metric,1886,user1886,regular,no attack,false positive
business,log,1886,user1886,regular,no attack,false positive
business,trace,1886,user1886,regular,no attack,false positive
business,metric,5892,user5892,malicious,attack 1,false positive
business,log,5892,user5892,malicious,attack 1,true positive
business,trace,5892,user5892,malicious,attack 1,false positive
business,metric,4954,user4954,malicious,attack 1,false positive
business,log,4954,user4954,malicious,attack 1,true positive
business,trace,4954,user4954,malicious,attack 1,false positive
business,metric,1222,user1222,malicious,attack 2,false positive
business,log,1222,user1222,malicious,attack 2,false positive
business,trace,1222,user1222,malicious,attack 2,true positive
business,metric,918,user918,regular,no attack,false positive
business,log,918,user918,regular,no attack,false positive
business,trace,918,user918,regular,no attack,false positive
infrastructure,metric,3247,user3247,malicious,attack 1,false positive
infrastructure,log,3247,user3247,malicious,attack 1,true positive
infrastructure,trace,3247,user3247,malicious,attack 1,false positive
business,metric,9284,user9284,malicious,attack 1,false positive
business,log,9284,user9284,malicious,attack 1,true positive
business,trace,9284,user9284,malicious,attack 1,false positive
infrastructure,metric,4285,user4285,malicious,attack 2,false positive
infrastructure,log,4285,user4285,malicious,attack 2,false positive
infrastructure,trace,4285,user4285,malicious,attack 2,true positive
business,metric,9961,user9961,malicious,attack 2,false positive
business,log,9961,user9961,malicious,attack 2,false positive
business,trace,9961,user9961,malicious,attack 2,true positive
infrastructure,metric,4027,user4027,malicious,attack 2,false positive
infrastructure,log,4027,user4027,malicious,attack 2,false positive
infrastructure,trace,4027,user4027,malicious,attack 2,true positive
infrastructure,metric,5368,user5368,malicious,attack 2,false positive
infrastructure,log,5368,user5368,malicious,attack 2,false positive
infrastructure,trace,5368,user5368,malicious,attack 2,true positive
business,metric,5031,user5031,regular,no attack,false positive
business,log,5031,user5031,regular,no attack,false positive
business,trace,5031,user5031,regular,no attack,false positive
business,metric,4214,user4214,malicious,attack 1,false positive
business,log,4214,user4214,malicious,attack 1,true positive
business,trace,4214,user4214,malicious,attack 1,false positive
business,metric,6120,user6120,regular,no attack,false positive
business,log,6120,user6120,regular,no attack,false positive
business,trace,6120,user6120,regular,no attack,false positive
business,metric,8199,user8199,malicious,attack 2,false positive
business,log,8199,user8199,malicious,attack 2,false positive
business,trace,8199,user8199,malicious,attack 2,true positive
infrastructure,metric,5726,user5726,regular,no attack,false positive
infrastructure,log,5726,user5726,regular,no attack,false positive
infrastructure,trace,5726,user5726,regular,no attack,false positive
business,metric,8318,user8318,regular,no attack,false positive
business,log,8318,user8318,regular,no attack,false positive
business,trace,8318,user8318,regular,no attack,false positive
business,metric,3306,user3306,regular,no attack,false positive
business,log,3306,user3306,regular,no attack,false positive
business,trace,3306,user3306,regular,no attack,false positive
business,metric,4278,user4278,malicious,attack 2,false positive
business,log,4278,user4278,malicious,attack 2,false positive
business,trace,4278,user4278,malicious,attack 2,true positive
business,metric,671,user671,regular,no attack,false positive
business,log,671,user671,regular,no attack,false positive
business,trace,671,user671,regular,no attack,false positive
infrastructure,metric,1648,user1648,regular,no attack,false positive
infrastructure,log,1648,user1648,regular,no attack,false positive
infrastructure,trace,1648,user1648,regular,no attack,false positive
business,metric,1676,user1676,malicious,attack 2,false positive
business,log,1676,user1676,malicious,attack 2,false positive
business,trace,1676,user1676,malicious,attack 2,true positive
infrastructure,metric,4805,user4805,malicious,attack 1,false positive
infrastructure,log,4805,user4805,malicious,attack 1,true positive
infrastructure,trace,4805,user4805,malicious,attack 1,false positive
infrastructure,metric,3918,user3918,malicious,attack 2,false positive
infrastructure,log,3918,user3918,malicious,attack 2,false positive
infrastructure,trace,3918,user3918,malicious,attack 2,true positive
infrastructure,metric,5026,user5026,malicious,attack 1,false positive
infrastructure,log,5026,user5026,malicious,attack 1,true positive
infrastructure,trace,5026,user5026,malicious,attack 1,false positive
business,metric,6731,user6731,malicious,attack 1,false positive
business,log,6731,user6731,malicious,attack 1,true positive
business,trace,6731,user6731,malicious,attack 1,false positive
business,metric,4028,user4028,malicious,attack 1,false positive
business,log,4028,user4028,malicious,attack 1,true positive
business,trace,4028,user4028,malicious,attack 1,false positive
business,metric,732,user732,malicious,attack 1,false positive
business,log,732,user732,malicious,attack 1,true positive
business,trace,732,user732,malicious,attack 1,false positive
infrastructure,metric,2862,user2862,regular,no attack,false positive
infrastructure,log,2862,user2862,regular,no attack,false positive
infrastructure,trace,2862,user2862,regular,no attack,false positive
infrastructure,metric,1075,user1075,malicious,attack 2,false positive
infrastructure,log,1075,user1075,malicious,attack 2,false positive
infrastructure,trace,1075,user1075,malicious,attack 2,true positive
infrastructure,metric,8505,user8505,regular,no attack,false positive
infrastructure,log,8505,user8505,regular,no attack,false positive
infrastructure,trace,8505,user8505,regular,no attack,false positive
business,metric,5232,user5232,regular,no attack,false positive
business,log,5232,user5232,regular,no attack,false positive
business,trace,5232,user5232,regular,no attack,false positive
infrastructure,metric,1705,user1705,malicious,attack 1,false positive
infrastructure,log,1705,user1705,malicious,attack 1,true positive
infrastructure,trace,1705,user1705,malicious,attack 1,false positive
infrastructure,metric,4577,user4577,malicious,attack 1,false positive
infrastructure,log,4577,user4577,malicious,attack 1,true positive
infrastructure,trace,4577,user4577,malicious,attack 1,false positive
business,metric,2164,user2164,malicious,attack 1,false positive
business,log,2164,user2164,malicious,attack 1,true positive
business,trace,2164,user2164,malicious,attack 1,false positive
infrastructure,metric,285,user285,malicious,attack 1,false positive
infrastructure,log,285,user285,malicious,attack 1,true positive
infrastructure,trace,285,user285,malicious,attack 1,false positive
business,metric,6358,user6358,malicious,attack 2,false positive
business,log,6358,user6358,malicious,attack 2,false positive
business,trace,6358,user6358,malicious,attack 2,true positive
business,metric,481,user481,malicious,attack 1,false positive
business,log,481,user481,malicious,attack 1,true positive
business,trace,481,user481,malicious,attack 1,false positive
infrastructure,metric,7271,user7271,malicious,attack 2,false positive
infrastructure,log,7271,user7271,malicious,attack 2,false positive
infrastructure,trace,7271,user7271,malicious,attack 2,true positive
infrastructure,metric,2505,user2505,regular,no attack,false positive
infrastructure,log,2505,user2505,regular,no attack,false positive
infrastructure,trace,2505,user2505,regular,no attack,false positive
infrastructure,metric,6562,user6562,malicious,attack 1,false positive
infrastructure,log,6562,user6562,malicious,attack 1,true positive
infrastructure,trace,6562,user6562,malicious,attack 1,false positive
business,metric,3248,user3248,malicious,attack 1,false positive
business,log,3248,user3248,malicious,attack 1,true positive
business,trace,3248,user3248,malicious,attack 1,false positive
infrastructure,metric,6144,user6144,malicious,attack 2,false positive
infrastructure,log,6144,user6144,malicious,attack 2,false positive
infrastructure,trace,6144,user6144,malicious,attack 2,true positive
infrastructure,metric,4091,user4091,malicious,attack 2,false positive
infrastructure,log,4091,user4091,malicious,attack 2,false positive
infrastructure,trace,4091,user4091,malicious,attack 2,true positive
infrastructure,metric,3759,user3759,regular,no attack,false positive
infrastructure,log,3759,user3759,regular,no attack,false positive
infrastructure,trace,3759,user3759,regular,no attack,false positive
infrastructure,metric,2069,user2069,regular,no attack,false positive
infrastructure,log,2069,user2069,regular,no attack,false positive
infrastructure,trace,2069,user2069,regular,no attack,false positive
infrastructure,metric,6792,user6792,regular,no attack,false positive
infrastructure,log,6792,user6792,regular,no attack,false positive
infrastructure,trace,6792,user6792,regular,no attack,false positive
business,metric,5087,user5087,regular,no attack,false positive
business,log,5087,user5087,regular,no attack,false positive
business,trace,5087,user5087,regular,no attack,false positive
business,metric,2674,user2674,malicious,attack 1,false positive
business,log,2674,user2674,malicious,attack 1,true positive
business,trace,2674,user2674,malicious,attack 1,false positive
infrastructure,metric,530,user530,malicious,attack 2,false positive
infrastructure,log,530,user530,malicious,attack 2,false positive
infrastructure,trace,530,user530,malicious,attack 2,true positive
infrastructure,metric,3275,user3275,malicious,attack 1,false positive
infrastructure,log,3275,user3275,malicious,attack 1,true positive
infrastructure,trace,3275,user3275,malicious,attack 1,false positive
business,metric,9429,user9429,malicious,attack 1,false positive
business,log,9429,user9429,malicious,attack 1,true positive
business,trace,9429,user9429,malicious,attack 1,false positive
infrastructure,metric,2162,user2162,regular,no attack,false positive
infrastructure,log,2162,user2162,regular,no attack,false positive
infrastructure,trace,2162,user2162,regular,no attack,false positive
business,metric,4998,user4998,regular,no attack,false positive
business,log,4998,user4998,regular,no attack,false positive
business,trace,4998,user4998,regular,no attack,false positive
infrastructure,metric,7580,user7580,malicious,attack 1,false positive
infrastructure,log,7580,user7580,malicious,attack 1,true positive
infrastructure,trace,7580,user7580,malicious,attack 1,false positive
business,metric,6934,user6934,malicious,attack 1,false positive
business,log,6934,user6934,malicious,attack 1,true positive
business,trace,6934,user6934,malicious,attack 1,false positive
business,metric,9010,user9010,regular,no attack,false positive
business,log,9010,user9010,regular,no attack,false positive
business,trace,9010,user9010,regular,no attack,false positive
business,metric,9423,user9423,malicious,attack 1,false positive
business,log,9423,user9423,malicious,attack 1,true positive
business,trace,9423,user9423,malicious,attack 1,false positive
infrastructure,metric,7531,user7531,regular,no attack,false positive
infrastructure,log,7531,user7531,regular,no attack,false positive
infrastructure,trace,7531,user7531,regular,no attack,false positive
infrastructure,metric,5286,user5286,regular,no attack,false positive
infrastructure,log,5286,user5286,regular,no attack,false positive
infrastructure,trace,5286,user5286,regular,no attack,false positive
business,metric,9182,user9182,malicious,attack 2,false positive
business,log,9182,user9182,malicious,attack 2,false positive
business,trace,9182,user9182,malicious,attack 2,true positive
infrastructure,metric,1239,user1239,malicious,attack 2,false positive
infrastructure,log,1239,user1239,malicious,attack 2,false positive
infrastructure,trace,1239,user1239,malicious,attack 2,true positive
business,metric,5375,user5375,malicious,attack 1,false positive
business,log,5375,user5375,malicious,attack 1,true positive
business,trace,5375,user5375,malicious,attack 1,false positive
infrastructure,metric,249,user249,malicious,attack 1,false positive
infrastructure,log,249,user249,malicious,attack 1,true positive
infrastructure,trace,249,user249,malicious,attack 1,false positive
business,metric,5067,user5067,malicious,attack 2,false positive
business,log,5067,user5067,malicious,attack 2,false positive
business,trace,5067,user5067,malicious,attack 2,true positive
infrastructure,metric,1843,user1843,malicious,attack 2,false positive
infrastructure,log,1843,user1843,malicious,attack 2,false positive
infrastructure,trace,1843,user1843,malicious,attack 2,true positive
infrastructure,metric,5399,user5399,regular,no attack,false positive
infrastructure,log,5399,user5399,regular,no attack,false positive
infrastructure,trace,5399,user5399,regular,no attack,false positive
business,metric,8582,user8582,malicious,attack 2,false positive
business,log,8582,user8582,malicious,attack 2,false positive
business,trace,8582,user8582,malicious,attack 2,true positive
infrastructure,metric,4495,user4495,malicious,attack 1,false positive
infrastructure,log,4495,user4495,malicious,attack 1,true positive
infrastructure,trace,4495,user4495,malicious,attack 1,false positive
business,metric,9308,user9308,regular,no attack,false positive
business,log,9308,user9308,regular,no attack,false positive
business,trace,9308,user9308,regular,no attack,false positive
infrastructure,metric,2324,user2324,regular,no attack,false positive
infrastructure,log,2324,user2324,regular,no attack,false positive
infrastructure,trace,2324,user2324,regular,no attack,false positive
infrastructure,metric,466,user466,regular,no attack,false positive
infrastructure,log,466,user466,regular,no attack,false positive
infrastructure,trace,466,user466,regular,no attack,false positive
infrastructure,metric,1230,user1230,regular,no attack,false positive
infrastructure,log,1230,user1230,regular,no attack,false positive
infrastructure,trace,1230,user1230,regular,no attack,false positive
business,metric,6154,user6154,malicious,attack 1,false positive
business,log,6154,user6154,malicious,attack 1,true positive
business,trace,6154,user6154,malicious,attack 1,false positive
business,metric,1441,user1441,malicious,attack 2,false positive
business,log,1441,user1441,malicious,attack 2,false positive
business,trace,1441,user1441,malicious,attack 2,true positive
infrastructure,metric,5027,user5027,malicious,attack 1,false positive
infrastructure,log,5027,user5027,malicious,attack 1,true positive
infrastructure,trace,5027,user5027,malicious,attack 1,false positive
business,metric,8179,user8179,malicious,attack 2,false positive
business,log,8179,user8179,malicious,attack 2,false positive
business,trace,8179,user8179,malicious,attack 2,true positive
infrastructure,metric,2490,user2490,regular,no attack,false positive
infrastructure,log,2490,user2490,regular,no attack,false positive
infrastructure,trace,2490,user2490,regular,no attack,false positive
infrastructure,metric,5854,user5854,malicious,attack 2,false positive
infrastructure,log,5854,user5854,malicious,attack 2,false positive
infrastructure,trace,5854,user5854,malicious,attack 2,true positive
business,metric,7627,user7627,regular,no attack,false positive
business,log,7627,user7627,regular,no attack,false positive
business,trace,7627,user7627,regular,no attack,false positive
business,metric,8517,user8517,malicious,attack 2,false positive
business,log,8517,user8517,malicious,attack 2,false positive
business,trace,8517,user8517,malicious,attack 2,true positive
infrastructure,metric,6301,user6301,regular,no attack,false positive
infrastructure,log,6301,user6301,regular,no attack,false positive
infrastructure,trace,6301,user6301,regular,no attack,false positive
business,metric,5274,user5274,malicious,attack 2,false positive
business,log,5274,user5274,malicious,attack 2,false positive
business,trace,5274,user5274,malicious,attack 2,true positive
business,metric,8026,user8026,regular,no attack,false positive
business,log,8026,user8026,regular,no attack,false positive
business,trace,8026,user8026,regular,no attack,false positive
business,metric,9983,user9983,malicious,attack 1,false positive
business,log,9983,user9983,malicious,attack 1,true positive
business,trace,9983,user9983,malicious,attack 1,false positive
business,metric,4355,user4355,malicious,attack 1,false positive
business,log,4355,user4355,malicious,attack 1,true positive
business,trace,4355,user4355,malicious,attack 1,false positive
infrastructure,metric,2031,user2031,malicious,attack 2,false positive
infrastructure,log,2031,user2031,malicious,attack 2,false positive
infrastructure,trace,2031,user2031,malicious,attack 2,true positive
business,metric,1210,user1210,regular,no attack,false positive
business,log,1210,user1210,regular,no attack,false positive
business,trace,1210,user1210,regular,no attack,false positive
business,metric,1845,user1845,regular,no attack,false positive
business,log,1845,user1845,regular,no attack,false positive
business,trace,1845,user1845,regular,no attack,false positive
business,metric,2980,user2980,regular,no attack,false positive
business,log,2980,user2980,regular,no attack,false positive
business,trace,2980,user2980,regular,no attack,false positive
business,metric,9375,user9375,malicious,attack 2,false positive
business,log,9375,user9375,malicious,attack 2,false positive
business,trace,9375,user9375,malicious,attack 2,true positive
business,metric,4674,user4674,malicious,attack 1,false positive
business,log,4674,user4674,malicious,attack 1,true positive
business,trace,4674,user4674,malicious,attack 1,false positive
infrastructure,metric,2478,user2478,malicious,attack 2,false positive
infrastructure,log,2478,user2478,malicious,attack 2,false positive
infrastructure,trace,2478,user2478,malicious,attack 2,true positive
infrastructure,metric,9313,user9313,regular,no attack,false positive
infrastructure,log,9313,user9313,regular,no attack,false positive
infrastructure,trace,9313,user9313,regular,no attack,false positive
business,metric,8288,user8288,regular,no attack,false positive
business,log,8288,user8288,regular,no attack,false positive
business,trace,8288,user8288,regular,no attack,false positive
infrastructure,metric,8128,user8128,malicious,attack 1,false positive
infrastructure,log,8128,user8128,malicious,attack 1,true positive
infrastructure,trace,8128,user8128,malicious,attack 1,false positive
infrastructure,metric,540,user540,malicious,attack 2,false positive
infrastructure,log,540,user540,malicious,attack 2,false positive
infrastructure,trace,540,user540,malicious,attack 2,true positive
business,metric,6031,user6031,malicious,attack 2,false positive
business,log,6031,user6031,malicious,attack 2,false positive
business,trace,6031,user6031,malicious,attack 2,true positive
infrastructure,metric,1307,user1307,malicious,attack 2,false positive
infrastructure,log,1307,user1307,malicious,attack 2,false positive
infrastructure,trace,1307,user1307,malicious,attack 2,true positive
business,metric,6608,user6608,malicious,attack 1,false positive
business,log,6608,user6608,malicious,attack 1,true positive
business,trace,6608,user6608,malicious,attack 1,false positive
infrastructure,metric,5704,user5704,malicious,attack 2,false positive
infrastructure,log,5704,user5704,malicious,attack 2,false positive
infrastructure,trace,5704,user5704,malicious,attack 2,true positive
business,metric,7128,user7128,regular,no attack,false positive
business,log,7128,user7128,regular,no attack,false positive
business,trace,7128,user7128,regular,no attack,false positive
infrastructure,metric,3133,user3133,malicious,attack 2,false positive
infrastructure,log,3133,user3133,malicious,attack 2,false positive
infrastructure,trace,3133,user3133,malicious,attack 2,true positive
business,metric,3483,user3483,regular,no attack,false positive
business,log,3483,user3483,regular,no attack,false positive
business,trace,3483,user3483,regular,no attack,false positive
infrastructure,metric,5917,user5917,regular,no attack,false positive
infrastructure,log,5917,user5917,regular,no attack,false positive
infrastructure,trace,5917,user5917,regular,no attack,false positive
infrastructure,metric,5176,user5176,malicious,attack 1,false positive
infrastructure,log,5176,user5176,malicious,attack 1,true positive
infrastructure,trace,5176,user5176,malicious,attack 1,false positive
business,metric,3493,user3493,regular,no attack,false positive
business,log,3493,user3493,regular,no attack,false positive
business,trace,3493,user3493,regular,no attack,false positive
infrastructure,metric,1252,user1252,malicious,attack 1,false positive
infrastructure,log,1252,user1252,malicious,attack 1,true positive
infrastructure,trace,1252,user1252,malicious,attack 1,false positive
infrastructure,metric,6453,user6453,regular,no attack,false positive
infrastructure,log,6453,user6453,regular,no attack,false positive
infrastructure,trace,6453,user6453,regular,no attack,false positive
business,metric,3507,user3507,malicious,attack 1,false positive
business,log,3507,user3507,malicious,attack 1,true positive
business,trace,3507,user3507,malicious,attack 1,false positive
business,metric,6841,user6841,regular,no attack,false positive
business,log,6841,user6841,regular,no attack,false positive
business,trace,6841,user6841,regular,no attack,false positive
infrastructure,metric,541,user541,malicious,attack 2,false positive
infrastructure,log,541,user541,malicious,attack 2,false positive
infrastructure,trace,541,user541,malicious,attack 2,true positive
business,metric,3643,user3643,regular,no attack,false positive
business,log,3643,user3643,regular,no attack,false positive
business,trace,3643,user3643,regular,no attack,false positive
infrastructure,metric,4161,user4161,malicious,attack 1,false positive
infrastructure,log,4161,user4161,malicious,attack 1,true positive
infrastructure,trace,4161,user4161,malicious,attack 1,false positive
business,metric,4467,user4467,malicious,attack 2,false positive
business,log,4467,user4467,malicious,attack 2,false positive
business,trace,4467,user4467,malicious,attack 2,true positive
infrastructure,metric,5948,user5948,malicious,attack 1,false positive
infrastructure,log,5948,user5948,malicious,attack 1,true positive
infrastructure,trace,5948,user5948,malicious,attack 1,false positive
infrastructure,metric,4519,user4519,regular,no attack,false positive
infrastructure,log,4519,user4519,regular,no attack,false positive
infrastructure,trace,4519,user4519,regular,no attack,false positive
infrastructure,metric,1257,user1257,regular,no attack,false positive
infrastructure,log,1257,user1257,regular,no attack,false positive
infrastructure,trace,1257,user1257,regular,no attack,false positive
business,metric,5039,user5039,malicious,attack 1,false positive
business,log,5039,user5039,malicious,attack 1,true positive
business,trace,5039,user5039,malicious,attack 1,false positive
infrastructure,metric,7174,user7174,regular,no attack,false positive
infrastructure,log,7174,user7174,regular,no attack,false positive
infrastructure,trace,7174,user7174,regular,no attack,false positive
business,metric,4105,user4105,malicious,attack 2,false positive
business,log,4105,user4105,malicious,attack 2,false positive
business,trace,4105,user4105,malicious,attack 2,true positive
business,metric,2695,user2695,malicious,attack 2,false positive
business,log,2695,user2695,malicious,attack 2,false positive
business,trace,2695,user2695,malicious,attack 2,true positive
infrastructure,metric,9635,user9635,regular,no attack,false positive
infrastructure,log,9635,user9635,regular,no attack,false positive
infrastructure,trace,9635,user9635,regular,no attack,false positive
business,metric,1319,user1319,malicious,attack 1,false positive
business,log,1319,user1319,malicious,attack 1,true positive
business,trace,1319,user1319,malicious,attack 1,false positive
infrastructure,metric,6920,user6920,malicious,attack 2,false positive
infrastructure,log,6920,user6920,malicious,attack 2,false positive
infrastructure,trace,6920,user6920,malicious,attack 2,true positive
infrastructure,metric,9144,user9144,regular,no attack,false positive
infrastructure,log,9144,user9144,regular,no attack,false positive
infrastructure,trace,9144,user9144,regular,no attack,false positive
business,metric,8606,user8606,regular,no attack,false positive
business,log,8606,user8606,regular,no attack,false positive
business,trace,8606,user8606,regular,no attack,false positive
infrastructure,metric,9952,user9952,malicious,attack 1,false positive
infrastructure,log,9952,user9952,malicious,attack 1,true positive
infrastructure,trace,9952,user9952,malicious,attack 1,false positive
business,metric,6462,user6462,malicious,attack 2,false positive
business,log,6462,user6462,malicious,attack 2,false positive
business,trace,6462,user6462,malicious,attack 2,true positive
business,metric,4729,user4729,malicious,attack 2,false positive
business,log,4729,user4729,malicious,attack 2,false positive
business,trace,4729,user4729,malicious,attack 2,true positive
business,metric,3516,user3516,malicious,attack 1,false positive
business,log,3516,user3516,malicious,attack 1,true positive
business,trace,3516,user3516,malicious,attack 1,false positive
infrastructure,metric,664,user664,malicious,attack 1,false positive
infrastructure,log,664,user664,malicious,attack 1,true positive
infrastructure,trace,664,user664,malicious,attack 1,false positive
infrastructure,metric,3416,user3416,malicious,attack 1,false positive
infrastructure,log,3416,user3416,malicious,attack 1,true positive
infrastructure,trace,3416,user3416,malicious,attack 1,false positive
infrastructure,metric,1754,user1754,regular,no attack,false positive
infrastructure,log,1754,user1754,regular,no attack,false positive
infrastructure,trace,1754,user1754,regular,no attack,false positive
infrastructure,metric,5389,user5389,malicious,attack 2,false positive
infrastructure,log,5389,user5389,malicious,attack 2,false positive
infrastructure,trace,5389,user5389,malicious,attack 2,true positive
business,metric,743,user743,malicious,attack 2,false positive
business,log,743,user743,malicious,attack 2,false positive
business,trace,743,user743,malicious,attack 2,true positive
infrastructure,metric,5525,user5525,malicious,attack 1,false positive
infrastructure,log,5525,user5525,malicious,attack 1,true positive
infrastructure,trace,5525,user5525,malicious,attack 1,false positive
infrastructure,metric,8051,user8051,malicious,attack 2,false positive
infrastructure,log,8051,user8051,malicious,attack 2,false positive
infrastructure,trace,8051,user8051,malicious,attack 2,true positive
business,metric,50,user50,regular,no attack,false positive
business,log,50,user50,regular,no attack,false positive
business,trace,50,user50,regular,no attack,false positive
infrastructure,metric,68,user68,malicious,attack 1,false positive
infrastructure,log,68,user68,malicious,attack 1,true positive
infrastructure,trace,68,user68,malicious,attack 1,false positive
infrastructure,metric,5174,user5174,malicious,attack 2,false positive
infrastructure,log,5174,user5174,malicious,attack 2,false positive
infrastructure,trace,5174,user5174,malicious,attack 2,true positive
infrastructure,metric,2692,user2692,regular,no attack,false positive
infrastructure,log,2692,user2692,regular,no attack,false positive
infrastructure,trace,2692,user2692,regular,no attack,false positive
infrastructure,metric,6336,user6336,regular,no attack,false positive
infrastructure,log,6336,user6336,regular,no attack,false positive
infrastructure,trace,6336,user6336,regular,no attack,false positive
infrastructure,metric,9915,user9915,malicious,attack 2,false positive
infrastructure,log,9915,user9915,malicious,attack 2,false positive
infrastructure,trace,9915,user9915,malicious,attack 2,true positive
business,metric,3812,user3812,malicious,attack 1,false positive
business,log,3812,user3812,malicious,attack 1,true positive
business,trace,3812,user3812,malicious,attack 1,false positive
infrastructure,metric,8814,user8814,malicious,attack 2,false positive
infrastructure,log,8814,user8814,malicious,attack 2,false positive
infrastructure,trace,8814,user8814,malicious,attack 2,true positive
infrastructure,metric,7331,user7331,malicious,attack 1,false positive
infrastructure,log,7331,user7331,malicious,attack 1,true positive
infrastructure,trace,7331,user7331,malicious,attack 1,false positive
infrastructure,metric,7230,user7230,malicious,attack 2,false positive
infrastructure,log,7230,user7230,malicious,attack 2,false positive
infrastructure,trace,7230,user7230,malicious,attack 2,true positive
business,metric,1278,user1278,malicious,attack 1,false positive
business,log,1278,user1278,malicious,attack 1,true positive
business,trace,1278,user1278,malicious,attack 1,false positive
infrastructure,metric,9231,user9231,malicious,attack 1,false positive
infrastructure,log,9231,user9231,malicious,attack 1,true positive
infrastructure,trace,9231,user9231,malicious,attack 1,false positive
business,metric,7892,user7892,malicious,attack 1,false positive
business,log,7892,user7892,malicious,attack 1,true positive
business,trace,7892,user7892,malicious,attack 1,false positive
business,metric,1579,user1579,malicious,attack 2,false positive
business,log,1579,user1579,malicious,attack 2,false positive
business,trace,1579,user1579,malicious,attack 2,true positive
business,metric,2403,user2403,malicious,attack 2,false positive
business,log,2403,user2403,malicious,attack 2,false positive
business,trace,2403,user2403,malicious,attack 2,true positive
business,metric,1445,user1445,malicious,attack 2,false positive
business,log,1445,user1445,malicious,attack 2,false positive
business,trace,1445,user1445,malicious,attack 2,true positive
business,metric,6105,user6105,malicious,attack 1,false positive
business,log,6105,user6105,malicious,attack 1,true positive
business,trace,6105,user6105,malicious,attack 1,false positive
infrastructure,metric,16,user16,malicious,attack 2,false positive
infrastructure,log,16,user16,malicious,attack 2,false positive
infrastructure,trace,16,user16,malicious,attack 2,true positive
infrastructure,metric,9145,user9145,regular,no attack,false positive
infrastructure,log,9145,user9145,regular,no attack,false positive
infrastructure,trace,9145,user9145,regular,no attack,false positive
business,metric,8349,user8349,malicious,attack 1,false positive
business,log,8349,user8349,malicious,attack 1,true positive
business,trace,8349,user8349,malicious,attack 1,false positive
infrastructure,metric,5117,user5117,malicious,attack 2,false positive
infrastructure,log,5117,user5117,malicious,attack 2,false positive
infrastructure,trace,5117,user5117,malicious,attack 2,true positive
infrastructure,metric,7666,user7666,malicious,attack 2,false positive
infrastructure,log,7666,user7666,malicious,attack 2,false positive
infrastructure,trace,7666,user7666,malicious,attack 2,true positive
business,metric,1494,user1494,malicious,attack 2,false positive
business,log,1494,user1494,malicious,attack 2,false positive
business,trace,1494,user1494,malicious,attack 2,true positive
infrastructure,metric,2381,user2381,malicious,attack 1,false positive
infrastructure,log,2381,user2381,malicious,attack 1,true positive
infrastructure,trace,2381,user2381,malicious,attack 1,false positive
infrastructure,metric,7266,user7266,malicious,attack 2,false positive
infrastructure,log,7266,user7266,malicious,attack 2,false positive
infrastructure,trace,7266,user7266,malicious,attack 2,true positive
infrastructure,metric,1770,user1770,regular,no attack,false positive
infrastructure,log,1770,user1770,regular,no attack,false positive
infrastructure,trace,1770,user1770,regular,no attack,false positive
business,metric,4869,user4869,malicious,attack 2,false positive
business,log,4869,user4869,malicious,attack 2,false positive
business,trace,4869,user4869,malicious,attack 2,true positive
infrastructure,metric,9329,user9329,regular,no attack,false positive
infrastructure,log,9329,user9329,regular,no attack,false positive
infrastructure,trace,9329,user9329,regular,no attack,false positive
business,metric,7138,user7138,malicious,attack 1,false positive
business,log,7138,user7138,malicious,attack 1,true positive
business,trace,7138,user7138,malicious,attack 1,false positive
infrastructure,metric,814,user814,malicious,attack 2,false positive
infrastructure,log,814,user814,malicious,attack 2,false positive
infrastructure,trace,814,user814,malicious,attack 2,true positive
infrastructure,metric,5221,user5221,regular,no attack,false positive
infrastructure,log,5221,user5221,regular,no attack,false positive
infrastructure,trace,5221,user5221,regular,no attack,false positive
infrastructure,metric,6904,user6904,malicious,attack 1,false positive
infrastructure,log,6904,user6904,malicious,attack 1,true positive
infrastructure,trace,6904,user6904,malicious,attack 1,false positive
business,metric,1287,user1287,malicious,attack 2,false positive
business,log,1287,user1287,malicious,attack 2,false positive
business,trace,1287,user1287,malicious,attack 2,true positive
infrastructure,metric,6102,user6102,malicious,attack 1,false positive
infrastructure,log,6102,user6102,malicious,attack 1,true positive
infrastructure,trace,6102,user6102,malicious,attack 1,false positive
infrastructure,metric,5664,user5664,regular,no attack,false positive
infrastructure,log,5664,user5664,regular,no attack,false positive
infrastructure,trace,5664,user5664,regular,no attack,false positive
business,metric,1388,user1388,malicious,attack 2,false positive
business,log,1388,user1388,malicious,attack 2,false positive
business,trace,1388,user1388,malicious,attack 2,true positive
business,metric,9411,user9411,regular,no attack,false positive
business,log,9411,user9411,regular,no attack,false positive
business,trace,9411,user9411,regular,no attack,false positive
infrastructure,metric,3561,user3561,malicious,attack 1,false positive
infrastructure,log,3561,user3561,malicious,attack 1,true positive
infrastructure,trace,3561,user3561,malicious,attack 1,false positive
business,metric,1857,user1857,regular,no attack,false positive
business,log,1857,user1857,regular,no attack,false positive
business,trace,1857,user1857,regular,no attack,false positive
business,metric,6743,user6743,malicious,attack 1,false positive
business,log,6743,user6743,malicious,attack 1,true positive
business,trace,6743,user6743,malicious,attack 1,false positive
infrastructure,metric,2320,user2320,regular,no attack,false positive
infrastructure,log,2320,user2320,regular,no attack,false positive
infrastructure,trace,2320,user2320,regular,no attack,false positive
business,metric,856,user856,malicious,attack 2,false positive
business,log,856,user856,malicious,attack 2,false positive
business,trace,856,user856,malicious,attack 2,true positive
business,metric,4388,user4388,malicious,attack 2,false positive
business,log,4388,user4388,malicious,attack 2,false positive
business,trace,4388,user4388,malicious,attack 2,true positive
infrastructure,metric,806,user806,regular,no attack,false positive
infrastructure,log,806,user806,regular,no attack,false positive
infrastructure,trace,806,user806,regular,no attack,false positive
business,metric,4602,user4602,regular,no attack,false positive
business,log,4602,user4602,regular,no attack,false positive
business,trace,4602,user4602,regular,no attack,false positive
infrastructure,metric,6698,user6698,regular,no attack,false positive
infrastructure,log,6698,user6698,regular,no attack,false positive
infrastructure,trace,6698,user6698,regular,no attack,false positive
infrastructure,metric,4832,user4832,malicious,attack 2,false positive
infrastructure,log,4832,user4832,malicious,attack 2,false positive
infrastructure,trace,4832,user4832,malicious,attack 2,true positive
infrastructure,metric,4689,user4689,regular,no attack,false positive
infrastructure,log,4689,user4689,regular,no attack,false positive
infrastructure,trace,4689,user4689,regular,no attack,false positive
infrastructure,metric,6932,user6932,malicious,attack 2,false positive
infrastructure,log,6932,user6932,malicious,attack 2,false positive
infrastructure,trace,6932,user6932,malicious,attack 2,true positive
business,metric,2195,user2195,malicious,attack 2,false positive
business,log,2195,user2195,malicious,attack 2,false positive
business,trace,2195,user2195,malicious,attack 2,true positive
business,metric,3560,user3560,malicious,attack 1,false positive
business,log,3560,user3560,malicious,attack 1,true positive
business,trace,3560,user3560,malicious,attack 1,false positive
infrastructure,metric,4133,user4133,malicious,attack 1,false positive
infrastructure,log,4133,user4133,malicious,attack 1,true positive
infrastructure,trace,4133,user4133,malicious,attack 1,false positive
infrastructure,metric,3299,user3299,malicious,attack 2,false positive
infrastructure,log,3299,user3299,malicious,attack 2,false positive
infrastructure,trace,3299,user3299,malicious,attack 2,true positive
infrastructure,metric,8423,user8423,malicious,attack 1,false positive
infrastructure,log,8423,user8423,malicious,attack 1,true positive
infrastructure,trace,8423,user8423,malicious,attack 1,false positive
business,metric,9296,user9296,regular,no attack,false positive
business,log,9296,user9296,regular,no attack,false positive
business,trace,9296,user9296,regular,no attack,false positive
infrastructure,metric,3193,user3193,malicious,attack 1,false positive
infrastructure,log,3193,user3193,malicious,attack 1,true positive
infrastructure,trace,3193,user3193,malicious,attack 1,false positive
infrastructure,metric,3236,user3236,regular,no attack,false positive
infrastructure,log,3236,user3236,regular,no attack,false positive
infrastructure,trace,3236,user3236,regular,no attack,false positive
infrastructure,metric,4680,user4680,regular,no attack,false positive
infrastructure,log,4680,user4680,regular,no attack,false positive
infrastructure,trace,4680,user4680,regular,no attack,false positive
infrastructure,metric,1044,user1044,malicious,attack 1,false positive
infrastructure,log,1044,user1044,malicious,attack 1,true positive
infrastructure,trace,1044,user1044,malicious,attack 1,false positive
business,metric,7099,user7099,malicious,attack 2,false positive
business,log,7099,user7099,malicious,attack 2,false positive
business,trace,7099,user7099,malicious,attack 2,true positive
infrastructure,metric,693,user693,regular,no attack,false positive
infrastructure,log,693,user693,regular,no attack,false positive
infrastructure,trace,693,user693,regular,no attack,false positive
infrastructure,metric,1870,user1870,malicious,attack 1,false positive
infrastructure,log,1870,user1870,malicious,attack 1,true positive
infrastructure,trace,1870,user1870,malicious,attack 1,false positive
business,metric,8970,user8970,regular,no attack,false positive
business,log,8970,user8970,regular,no attack,false positive
business,trace,8970,user8970,regular,no attack,false positive
infrastructure,metric,2089,user2089,regular,no attack,false positive
infrastructure,log,2089,user2089,regular,no attack,false positive
infrastructure,trace,2089,user2089,regular,no attack,false positive
business,metric,8543,user8543,regular,no attack,false positive
business,log,8543,user8543,regular,no attack,false positive
business,trace,8543,user8543,regular,no attack,false positive
infrastructure,metric,1045,user1045,malicious,attack 2,false positive
infrastructure,log,1045,user1045,malicious,attack 2,false positive
infrastructure,trace,1045,user1045,malicious,attack 2,true positive
business,metric,5237,user5237,malicious,attack 1,false positive
business,log,5237,user5237,malicious,attack 1,true positive
business,trace,5237,user5237,malicious,attack 1,false positive
infrastructure,metric,9273,user9273,malicious,attack 1,false positive
infrastructure,log,9273,user9273,malicious,attack 1,true positive
infrastructure,trace,9273,user9273,malicious,attack 1,false positive
infrastructure,metric,2641,user2641,regular,no attack,false positive
infrastructure,log,2641,user2641,regular,no attack,false positive
infrastructure,trace,2641,user2641,regular,no attack,false positive
business,metric,9747,user9747,regular,no attack,false positive
business,log,9747,user9747,regular,no attack,false positive
business,trace,9747,user9747,regular,no attack,false positive
business,metric,4899,user4899,malicious,attack 2,false positive
business,log,4899,user4899,malicious,attack 2,false positive
business,trace,4899,user4899,malicious,attack 2,true positive
infrastructure,metric,90,user90,malicious,attack 2,false positive
infrastructure,log,90,user90,malicious,attack 2,false positive
infrastructure,trace,90,user90,malicious,attack 2,true positive
business,metric,7322,user7322,regular,no attack,false positive
business,log,7322,user7322,regular,no attack,false positive
business,trace,7322,user7322,regular,no attack,false positive
infrastructure,metric,6999,user6999,malicious,attack 1,false positive
infrastructure,log,6999,user6999,malicious,attack 1,true positive
infrastructure,trace,6999,user6999,malicious,attack 1,false positive
infrastructure,metric,44,user44,regular,no attack,false positive
infrastructure,log,44,user44,regular,no attack,false positive
infrastructure,trace,44,user44,regular,no attack,false positive
infrastructure,metric,1276,user1276,malicious,attack 2,false positive
infrastructure,log,1276,user1276,malicious,attack 2,false positive
infrastructure,trace,1276,user1276,malicious,attack 2,true positive
infrastructure,metric,2508,user2508,malicious,attack 2,false positive
infrastructure,log,2508,user2508,malicious,attack 2,false positive
infrastructure,trace,2508,user2508,malicious,attack 2,true positive
business,metric,4393,user4393,malicious,attack 2,false positive
business,log,4393,user4393,malicious,attack 2,false positive
business,trace,4393,user4393,malicious,attack 2,true positive
infrastructure,metric,7775,user7775,malicious,attack 2,false positive
infrastructure,log,7775,user7775,malicious,attack 2,false positive
infrastructure,trace,7775,user7775,malicious,attack 2,true positive
business,metric,5603,user5603,regular,no attack,false positive
business,log,5603,user5603,regular,no attack,false positive
business,trace,5603,user5603,regular,no attack,false positive
business,metric,5964,user5964,malicious,attack 2,false positive
business,log,5964,user5964,malicious,attack 2,false positive
business,trace,5964,user5964,malicious,attack 2,true positive
business,metric,9534,user9534,malicious,attack 1,false positive
business,log,9534,user9534,malicious,attack 1,true positive
business,trace,9534,user9534,malicious,attack 1,false positive
business,metric,3521,user3521,malicious,attack 2,false positive
business,log,3521,user3521,malicious,attack 2,false positive
business,trace,3521,user3521,malicious,attack 2,true positive
business,metric,6068,user6068,malicious,attack 2,false positive
business,log,6068,user6068,malicious,attack 2,false positive
business,trace,6068,user6068,malicious,attack 2,true positive
infrastructure,metric,4558,user4558,malicious,attack 2,false positive
infrastructure,log,4558,user4558,malicious,attack 2,false positive
infrastructure,trace,4558,user4558,malicious,attack 2,true positive
infrastructure,metric,9752,user9752,malicious,attack 1,false positive
infrastructure,log,9752,user9752,malicious,attack 1,true positive
infrastructure,trace,9752,user9752,malicious,attack 1,false positive
infrastructure,metric,8122,user8122,malicious,attack 1,false positive
infrastructure,log,8122,user8122,malicious,attack 1,true positive
infrastructure,trace,8122,user8122,malicious,attack 1,false positive
business,metric,9324,user9324,malicious,attack 1,false positive
business,log,9324,user9324,malicious,attack 1,true positive
business,trace,9324,user9324,malicious,attack 1,false positive
business,metric,5583,user5583,regular,no attack,false positive
business,log,5583,user5583,regular,no attack,false positive
business,trace,5583,user5583,regular,no attack,false positive
business,metric,645,user645,regular,no attack,false positive
business,log,645,user645,regular,no attack,false positive
business,trace,645,user645,regular,no attack,false positive
infrastructure,metric,2556,user2556,malicious,attack 2,false positive
infrastructure,log,2556,user2556,malicious,attack 2,false positive
infrastructure,trace,2556,user2556,malicious,attack 2,true positive
infrastructure,metric,5055,user5055,malicious,attack 1,false positive
infrastructure,log,5055,user5055,malicious,attack 1,true positive
infrastructure,trace,5055,user5055,malicious,attack 1,false positive
business,metric,3652,user3652,malicious,attack 2,false positive
business,log,3652,user3652,malicious,attack 2,false positive
business,trace,3652,user3652,malicious,attack 2,true positive
business,metric,1050,user1050,regular,no attack,false positive
business,log,1050,user1050,regular,no attack,false positive
business,trace,1050,user1050,regular,no attack,false positive
business,metric,4217,user4217,regular,no attack,false positive
business,log,4217,user4217,regular,no attack,false positive
business,trace,4217,user4217,regular,no attack,false positive
business,metric,266,user266,malicious,attack 2,false positive
business,log,266,user266,malicious,attack 2,false positive
business,trace,266,user266,malicious,attack 2,true positive
business,metric,629,user629,malicious,attack 2,false positive
business,log,629,user629,malicious,attack 2,false positive
business,trace,629,user629,malicious,attack 2,true positive
infrastructure,metric,5634,user5634,malicious,attack 1,false positive
infrastructure,log,5634,user5634,malicious,attack 1,true positive
infrastructure,trace,5634,user5634,malicious,attack 1,false positive
business,metric,7564,user7564,malicious,attack 1,false positive
business,log,7564,user7564,malicious,attack 1,true positive
business,trace,7564,user7564,malicious,attack 1,false positive
infrastructure,metric,9047,user9047,malicious,attack 1,false positive
infrastructure,log,9047,user9047,malicious,attack 1,true positive
infrastructure,trace,9047,user9047,malicious,attack 1,false positive
infrastructure,metric,3259,user3259,malicious,attack 2,false positive
infrastructure,log,3259,user3259,malicious,attack 2,false positive
infrastructure,trace,3259,user3259,malicious,attack 2,true positive
business,metric,8765,user8765,malicious,attack 2,false positive
business,log,8765,user8765,malicious,attack 2,false positive
business,trace,8765,user8765,malicious,attack 2,true positive
business,metric,8267,user8267,malicious,attack 1,false positive
business,log,8267,user8267,malicious,attack 1,true positive
business,trace,8267,user8267,malicious,attack 1,false positive
infrastructure,metric,1937,user1937,malicious,attack 2,false positive
infrastructure,log,1937,user1937,malicious,attack 2,false positive
infrastructure,trace,1937,user1937,malicious,attack 2,true positive
business,metric,6590,user6590,malicious,attack 2,false positive
business,log,6590,user6590,malicious,attack 2,false positive
business,trace,6590,user6590,malicious,attack 2,true positive
infrastructure,metric,1496,user1496,malicious,attack 1,false positive
infrastructure,log,1496,user1496,malicious,attack 1,true positive
infrastructure,trace,1496,user1496,malicious,attack 1,false positive
business,metric,5241,user5241,regular,no attack,false positive
business,log,5241,user5241,regular,no attack,false positive
business,trace,5241,user5241,regular,no attack,false positive
infrastructure,metric,7833,user7833,malicious,attack 2,false positive
infrastructure,log,7833,user7833,malicious,attack 2,false positive
infrastructure,trace,7833,user7833,malicious,attack 2,true positive
infrastructure,metric,8842,user8842,malicious,attack 1,false positive
infrastructure,log,8842,user8842,malicious,attack 1,true positive
infrastructure,trace,8842,user8842,malicious,attack 1,false positive
infrastructure,metric,5971,user5971,malicious,attack 1,false positive
infrastructure,log,5971,user5971,malicious,attack 1,true positive
infrastructure,trace,5971,user5971,malicious,attack 1,false positive
business,metric,4118,user4118,malicious,attack 2,false positive
business,log,4118,user4118,malicious,attack 2,false positive
business,trace,4118,user4118,malicious,attack 2,true positive
business,metric,3024,user3024,malicious,attack 2,false positive
business,log,3024,user3024,malicious,attack 2,false positive
business,trace,3024,user3024,malicious,attack 2,true positive
business,metric,4425,user4425,malicious,attack 1,false positive
business,log,4425,user4425,malicious,attack 1,true positive
business,trace,4425,user4425,malicious,attack 1,false positive
business,metric,7434,user7434,malicious,attack 2,false positive
business,log,7434,user7434,malicious,attack 2,false positive
business,trace,7434,user7434,malicious,attack 2,true positive
infrastructure,metric,2651,user2651,malicious,attack 1,false positive
infrastructure,log,2651,user2651,malicious,attack 1,true positive
infrastructure,trace,2651,user2651,malicious,attack 1,false positive
business,metric,3321,user3321,malicious,attack 2,false positive
business,log,3321,user3321,malicious,attack 2,false positive
business,trace,3321,user3321,malicious,attack 2,true positive
infrastructure,metric,1758,user1758,regular,no attack,false positive
infrastructure,log,1758,user1758,regular,no attack,false positive
infrastructure,trace,1758,user1758,regular,no attack,false positive
infrastructure,metric,6084,user6084,malicious,attack 2,false positive
infrastructure,log,6084,user6084,malicious,attack 2,false positive
infrastructure,trace,6084,user6084,malicious,attack 2,true positive
infrastructure,metric,3346,user3346,regular,no attack,false positive
infrastructure,log,3346,user3346,regular,no attack,false positive
infrastructure,trace,3346,user3346,regular,no attack,false positive
infrastructure,metric,1209,user1209,malicious,attack 2,false positive
infrastructure,log,1209,user1209,malicious,attack 2,false positive
infrastructure,trace,1209,user1209,malicious,attack 2,true positive
infrastructure,metric,9461,user9461,malicious,attack 1,false positive
infrastructure,log,9461,user9461,malicious,attack 1,true positive
infrastructure,trace,9461,user9461,malicious,attack 1,false positive
business,metric,2759,user2759,malicious,attack 2,false positive
business,log,2759,user2759,malicious,attack 2,false positive
business,trace,2759,user2759,malicious,attack 2,true positive
infrastructure,metric,848,user848,regular,no attack,false positive
infrastructure,log,848,user848,regular,no attack,false positive
infrastructure,trace,848,user848,regular,no attack,false positive
business,metric,1467,user1467,malicious,attack 2,false positive
business,log,1467,user1467,malicious,attack 2,false positive
business,trace,1467,user1467,malicious,attack 2,true positive
infrastructure,metric,2119,user2119,malicious,attack 1,false positive
infrastructure,log,2119,user2119,malicious,attack 1,true positive
infrastructure,trace,2119,user2119,malicious,attack 1,false positive
infrastructure,metric,448,user448,malicious,attack 1,false positive
infrastructure,log,448,user448,malicious,attack 1,true positive
infrastructure,trace,448,user448,malicious,attack 1,false positive
infrastructure,metric,4606,user4606,malicious,attack 2,false positive
infrastructure,log,4606,user4606,malicious,attack 2,false positive
infrastructure,trace,4606,user4606,malicious,attack 2,true positive
infrastructure,metric,6281,user6281,malicious,attack 1,false positive
infrastructure,log,6281,user6281,malicious,attack 1,true positive
infrastructure,trace,6281,user6281,malicious,attack 1,false positive
business,metric,9673,user9673,malicious,attack 1,false positive
business,log,9673,user9673,malicious,attack 1,true positive
business,trace,9673,user9673,malicious,attack 1,false positive
infrastructure,metric,3776,user3776,regular,no attack,false positive
infrastructure,log,3776,user3776,regular,no attack,false positive
infrastructure,trace,3776,user3776,regular,no attack,false positive
infrastructure,metric,4164,user4164,malicious,attack 1,false positive
infrastructure,log,4164,user4164,malicious,attack 1,true positive
infrastructure,trace,4164,user4164,malicious,attack 1,false positive
business,metric,6722,user6722,malicious,attack 1,false positive
business,log,6722,user6722,malicious,attack 1,true positive
business,trace,6722,user6722,malicious,attack 1,false positive
infrastructure,metric,2865,user2865,regular,no attack,false positive
infrastructure,log,2865,user2865,regular,no attack,false positive
infrastructure,trace,2865,user2865,regular,no attack,false positive
infrastructure,metric,7870,user7870,regular,no attack,false positive
infrastructure,log,7870,user7870,regular,no attack,false positive
infrastructure,trace,7870,user7870,regular,no attack,false positive
infrastructure,metric,1050,user1050,regular,no attack,false positive
infrastructure,log,1050,user1050,regular,no attack,false positive
infrastructure,trace,1050,user1050,regular,no attack,false positive
business,metric,9913,user9913,malicious,attack 2,false positive
business,log,9913,user9913,malicious,attack 2,false positive
business,trace,9913,user9913,malicious,attack 2,true positive
infrastructure,metric,5969,user5969,malicious,attack 1,false positive
infrastructure,log,5969,user5969,malicious,attack 1,true positive
infrastructure,trace,5969,user5969,malicious,attack 1,false positive
infrastructure,metric,2362,user2362,regular,no attack,false positive
infrastructure,log,2362,user2362,regular,no attack,false positive
infrastructure,trace,2362,user2362,regular,no attack,false positive
infrastructure,metric,2276,user2276,malicious,attack 1,false positive
infrastructure,log,2276,user2276,malicious,attack 1,true positive
infrastructure,trace,2276,user2276,malicious,attack 1,false positive
infrastructure,metric,9832,user9832,regular,no attack,false positive
infrastructure,log,9832,user9832,regular,no attack,false positive
infrastructure,trace,9832,user9832,regular,no attack,false positive
business,metric,3893,user3893,malicious,attack 1,false positive
business,log,3893,user3893,malicious,attack 1,true positive
business,trace,3893,user3893,malicious,attack 1,false positive
infrastructure,metric,1221,user1221,regular,no attack,false positive
infrastructure,log,1221,user1221,regular,no attack,false positive
infrastructure,trace,1221,user1221,regular,no attack,false positive
infrastructure,metric,4866,user4866,malicious,attack 1,false positive
infrastructure,log,4866,user4866,malicious,attack 1,true positive
infrastructure,trace,4866,user4866,malicious,attack 1,false positive
infrastructure,metric,9159,user9159,regular,no attack,false positive
infrastructure,log,9159,user9159,regular,no attack,false positive
infrastructure,trace,9159,user9159,regular,no attack,false positive
infrastructure,metric,4418,user4418,malicious,attack 2,false positive
infrastructure,log,4418,user4418,malicious,attack 2,false positive
infrastructure,trace,4418,user4418,malicious,attack 2,true positive
infrastructure,metric,7964,user7964,malicious,attack 1,false positive
infrastructure,log,7964,user7964,malicious,attack 1,true positive
infrastructure,trace,7964,user7964,malicious,attack 1,false positive
infrastructure,metric,9624,user9624,malicious,attack 2,false positive
infrastructure,log,9624,user9624,malicious,attack 2,false positive
infrastructure,trace,9624,user9624,malicious,attack 2,true positive
infrastructure,metric,4641,user4641,regular,no attack,false positive
infrastructure,log,4641,user4641,regular,no attack,false positive
infrastructure,trace,4641,user4641,regular,no attack,false positive
infrastructure,metric,9411,user9411,regular,no attack,false positive
infrastructure,log,9411,user9411,regular,no attack,false positive
infrastructure,trace,9411,user9411,regular,no attack,false positive
business,metric,4241,user4241,malicious,attack 2,false positive
business,log,4241,user4241,malicious,attack 2,false positive
business,trace,4241,user4241,malicious,attack 2,true positive
infrastructure,metric,4477,user4477,regular,no attack,false positive
infrastructure,log,4477,user4477,regular,no attack,false positive
infrastructure,trace,4477,user4477,regular,no attack,false positive
infrastructure,metric,5943,user5943,malicious,attack 1,false positive
infrastructure,log,5943,user5943,malicious,attack 1,true positive
infrastructure,trace,5943,user5943,malicious,attack 1,false positive
business,metric,2180,user2180,malicious,attack 1,false positive
business,log,2180,user2180,malicious,attack 1,true positive
business,trace,2180,user2180,malicious,attack 1,false positive
infrastructure,metric,4799,user4799,malicious,attack 1,false positive
infrastructure,log,4799,user4799,malicious,attack 1,true positive
infrastructure,trace,4799,user4799,malicious,attack 1,false positive
business,metric,3978,user3978,malicious,attack 1,false positive
business,log,3978,user3978,malicious,attack 1,true positive
business,trace,3978,user3978,malicious,attack 1,false positive
infrastructure,metric,8326,user8326,regular,no attack,false positive
infrastructure,log,8326,user8326,regular,no attack,false positive
infrastructure,trace,8326,user8326,regular,no attack,false positive
infrastructure,metric,503,user503,malicious,attack 1,false positive
infrastructure,log,503,user503,malicious,attack 1,true positive
infrastructure,trace,503,user503,malicious,attack 1,false positive
business,metric,8655,user8655,regular,no attack,false positive
business,log,8655,user8655,regular,no attack,false positive
business,trace,8655,user8655,regular,no attack,false positive
business,metric,7219,user7219,malicious,attack 2,false positive
business,log,7219,user7219,malicious,attack 2,false positive
business,trace,7219,user7219,malicious,attack 2,true positive
business,metric,4276,user4276,malicious,attack 2,false positive
business,log,4276,user4276,malicious,attack 2,false positive
business,trace,4276,user4276,malicious,attack 2,true positive
business,metric,9001,user9001,regular,no attack,false positive
business,log,9001,user9001,regular,no attack,false positive
business,trace,9001,user9001,regular,no attack,false positive
infrastructure,metric,9191,user9191,malicious,attack 2,false positive
infrastructure,log,9191,user9191,malicious,attack 2,false positive
infrastructure,trace,9191,user9191,malicious,attack 2,true positive
business,metric,3485,user3485,regular,no attack,false positive
business,log,3485,user3485,regular,no attack,false positive
business,trace,3485,user3485,regular,no attack,false positive
infrastructure,metric,5641,user5641,malicious,attack 1,false positive
infrastructure,log,5641,user5641,malicious,attack 1,true positive
infrastructure,trace,5641,user5641,malicious,attack 1,false positive
infrastructure,metric,8142,user8142,malicious,attack 2,false positive
infrastructure,log,8142,user8142,malicious,attack 2,false positive
infrastructure,trace,8142,user8142,malicious,attack 2,true positive
business,metric,5839,user5839,malicious,attack 1,false positive
business,log,5839,user5839,malicious,attack 1,true positive
business,trace,5839,user5839,malicious,attack 1,false positive
business,metric,4882,user4882,malicious,attack 1,false positive
business,log,4882,user4882,malicious,attack 1,true positive
business,trace,4882,user4882,malicious,attack 1,false positive
infrastructure,metric,2855,user2855,regular,no attack,false positive
infrastructure,log,2855,user2855,regular,no attack,false positive
infrastructure,trace,2855,user2855,regular,no attack,false positive
business,metric,6495,user6495,malicious,attack 1,false positive
business,log,6495,user6495,malicious,attack 1,true positive
business,trace,6495,user6495,malicious,attack 1,false positive
business,metric,2718,user2718,malicious,attack 1,false positive
business,log,2718,user2718,malicious,attack 1,true positive
business,trace,2718,user2718,malicious,attack 1,false positive
business,metric,1975,user1975,regular,no attack,false positive
business,log,1975,user1975,regular,no attack,false positive
business,trace,1975,user1975,regular,no attack,false positive
business,metric,9066,user9066,malicious,attack 2,false positive
business,log,9066,user9066,malicious,attack 2,false positive
business,trace,9066,user9066,malicious,attack 2,true positive
business,metric,4862,user4862,malicious,attack 1,false positive
business,log,4862,user4862,malicious,attack 1,true positive
business,trace,4862,user4862,malicious,attack 1,false positive
business,metric,3677,user3677,regular,no attack,false positive
business,log,3677,user3677,regular,no attack,false positive
business,trace,3677,user3677,regular,no attack,false positive
business,metric,6979,user6979,regular,no attack,false positive
business,log,6979,user6979,regular,no attack,false positive
business,trace,6979,user6979,regular,no attack,false positive
business,metric,127,user127,malicious,attack 2,false positive
business,log,127,user127,malicious,attack 2,false positive
business,trace,127,user127,malicious,attack 2,true positive
business,metric,4342,user4342,regular,no attack,false positive
business,log,4342,user4342,regular,no attack,false positive
business,trace,4342,user4342,regular,no attack,false positive
infrastructure,metric,9642,user9642,regular,no attack,false positive
infrastructure,log,9642,user9642,regular,no attack,false positive
infrastructure,trace,9642,user9642,regular,no attack,false positive
business,metric,728,user728,malicious,attack 2,false positive
business,log,728,user728,malicious,attack 2,false positive
business,trace,728,user728,malicious,attack 2,true positive
business,metric,5077,user5077,malicious,attack 2,false positive
business,log,5077,user5077,malicious,attack 2,false positive
business,trace,5077,user5077,malicious,attack 2,true positive
infrastructure,metric,9172,user9172,malicious,attack 1,false positive
infrastructure,log,9172,user9172,malicious,attack 1,true positive
infrastructure,trace,9172,user9172,malicious,attack 1,false positive
business,metric,2349,user2349,malicious,attack 1,false positive
business,log,2349,user2349,malicious,attack 1,true positive
business,trace,2349,user2349,malicious,attack 1,false positive
infrastructure,metric,6148,user6148,regular,no attack,false positive
infrastructure,log,6148,user6148,regular,no attack,false positive
infrastructure,trace,6148,user6148,regular,no attack,false positive
business,metric,5999,user5999,regular,no attack,false positive
business,log,5999,user5999,regular,no attack,false positive
business,trace,5999,user5999,regular,no attack,false positive
business,metric,6811,user6811,regular,no attack,false positive
business,log,6811,user6811,regular,no attack,false positive
business,trace,6811,user6811,regular,no attack,false positive
infrastructure,metric,6087,user6087,malicious,attack 1,false positive
infrastructure,log,6087,user6087,malicious,attack 1,true positive
infrastructure,trace,6087,user6087,malicious,attack 1,false positive
infrastructure,metric,681,user681,regular,no attack,false positive
infrastructure,log,681,user681,regular,no attack,false positive
infrastructure,trace,681,user681,regular,no attack,false positive
infrastructure,metric,8432,user8432,malicious,attack 2,false positive
infrastructure,log,8432,user8432,malicious,attack 2,false positive
infrastructure,trace,8432,user8432,malicious,attack 2,true positive
business,metric,8604,user8604,malicious,attack 1,false positive
business,log,8604,user8604,malicious,attack 1,true positive
business,trace,8604,user8604,malicious,attack 1,false positive
business,metric,8175,user8175,malicious,attack 1,false positive
business,log,8175,user8175,malicious,attack 1,true positive
business,trace,8175,user8175,malicious,attack 1,false positive
infrastructure,metric,2778,user2778,malicious,attack 1,false positive
infrastructure,log,2778,user2778,malicious,attack 1,true positive
infrastructure,trace,2778,user2778,malicious,attack 1,false positive
infrastructure,metric,7284,user7284,malicious,attack 1,false positive
infrastructure,log,7284,user7284,malicious,attack 1,true positive
infrastructure,trace,7284,user7284,malicious,attack 1,false positive
infrastructure,metric,6650,user6650,malicious,attack 1,false positive
infrastructure,log,6650,user6650,malicious,attack 1,true positive
infrastructure,trace,6650,user6650,malicious,attack 1,false positive
infrastructure,metric,5478,user5478,malicious,attack 2,false positive
infrastructure,log,5478,user5478,malicious,attack 2,false positive
infrastructure,trace,5478,user5478,malicious,attack 2,true positive
infrastructure,metric,6176,user6176,malicious,attack 1,false positive
infrastructure,log,6176,user6176,malicious,attack 1,true positive
infrastructure,trace,6176,user6176,malicious,attack 1,false positive
infrastructure,metric,7691,user7691,malicious,attack 2,false positive
infrastructure,log,7691,user7691,malicious,attack 2,false positive
infrastructure,trace,7691,user7691,malicious,attack 2,true positive
infrastructure,metric,5452,user5452,regular,no attack,false positive
infrastructure,log,5452,user5452,regular,no attack,false positive
infrastructure,trace,5452,user5452,regular,no attack,false positive
business,metric,7525,user7525,malicious,attack 2,false positive
business,log,7525,user7525,malicious,attack 2,false positive
business,trace,7525,user7525,malicious,attack 2,true positive
infrastructure,metric,7034,user7034,malicious,attack 2,false positive
infrastructure,log,7034,user7034,malicious,attack 2,false positive
infrastructure,trace,7034,user7034,malicious,attack 2,true positive
infrastructure,metric,9990,user9990,malicious,attack 1,false positive
infrastructure,log,9990,user9990,malicious,attack 1,true positive
infrastructure,trace,9990,user9990,malicious,attack 1,false positive
business,metric,2053,user2053,malicious,attack 1,false positive
business,log,2053,user2053,malicious,attack 1,true positive
business,trace,2053,user2053,malicious,attack 1,false positive
infrastructure,metric,3510,user3510,regular,no attack,false positive
infrastructure,log,3510,user3510,regular,no attack,false positive
infrastructure,trace,3510,user3510,regular,no attack,false positive
business,metric,3657,user3657,malicious,attack 1,false positive
business,log,3657,user3657,malicious,attack 1,true positive
business,trace,3657,user3657,malicious,attack 1,false positive
infrastructure,metric,1866,user1866,malicious,attack 1,false positive
infrastructure,log,1866,user1866,malicious,attack 1,true positive
infrastructure,trace,1866,user1866,malicious,attack 1,false positive
infrastructure,metric,526,user526,regular,no attack,false positive
infrastructure,log,526,user526,regular,no attack,false positive
infrastructure,trace,526,user526,regular,no attack,false positive
business,metric,6150,user6150,malicious,attack 1,false positive
business,log,6150,user6150,malicious,attack 1,true positive
business,trace,6150,user6150,malicious,attack 1,false positive
infrastructure,metric,4106,user4106,regular,no attack,false positive
infrastructure,log,4106,user4106,regular,no attack,false positive
infrastructure,trace,4106,user4106,regular,no attack,false positive
infrastructure,metric,3273,user3273,malicious,attack 1,false positive
infrastructure,log,3273,user3273,malicious,attack 1,true positive
infrastructure,trace,3273,user3273,malicious,attack 1,false positive
infrastructure,metric,4475,user4475,malicious,attack 1,false positive
infrastructure,log,4475,user4475,malicious,attack 1,true positive
infrastructure,trace,4475,user4475,malicious,attack 1,false positive
business,metric,2903,user2903,regular,no attack,false positive
business,log,2903,user2903,regular,no attack,false positive
business,trace,2903,user2903,regular,no attack,false positive
infrastructure,metric,9556,user9556,malicious,attack 2,false positive
infrastructure,log,9556,user9556,malicious,attack 2,false positive
infrastructure,trace,9556,user9556,malicious,attack 2,true positive
infrastructure,metric,2477,user2477,malicious,attack 1,false positive
infrastructure,log,2477,user2477,malicious,attack 1,true positive
infrastructure,trace,2477,user2477,malicious,attack 1,false positive
infrastructure,metric,2200,user2200,regular,no attack,false positive
infrastructure,log,2200,user2200,regular,no attack,false positive
infrastructure,trace,2200,user2200,regular,no attack,false positive
business,metric,7031,user7031,malicious,attack 1,false positive
business,log,7031,user7031,malicious,attack 1,true positive
business,trace,7031,user7031,malicious,attack 1,false positive
infrastructure,metric,3225,user3225,regular,no attack,false positive
infrastructure,log,3225,user3225,regular,no attack,false positive
infrastructure,trace,3225,user3225,regular,no attack,false positive
infrastructure,metric,6950,user6950,malicious,attack 1,false positive
infrastructure,log,6950,user6950,malicious,attack 1,true positive
infrastructure,trace,6950,user6950,malicious,attack 1,false positive
infrastructure,metric,5852,user5852,regular,no attack,false positive
infrastructure,log,5852,user5852,regular,no attack,false positive
infrastructure,trace,5852,user5852,regular,no attack,false positive
business,metric,6720,user6720,regular,no attack,false positive
business,log,6720,user6720,regular,no attack,false positive
business,trace,6720,user6720,regular,no attack,false positive
infrastructure,metric,5412,user5412,malicious,attack 1,false positive
infrastructure,log,5412,user5412,malicious,attack 1,true positive
infrastructure,trace,5412,user5412,malicious,attack 1,false positive
infrastructure,metric,3162,user3162,regular,no attack,false positive
infrastructure,log,3162,user3162,regular,no attack,false positive
infrastructure,trace,3162,user3162,regular,no attack,false positive
infrastructure,metric,2615,user2615,regular,no attack,false positive
infrastructure,log,2615,user2615,regular,no attack,false positive
infrastructure,trace,2615,user2615,regular,no attack,false positive
infrastructure,metric,4027,user4027,malicious,attack 1,false positive
infrastructure,log,4027,user4027,malicious,attack 1,true positive
infrastructure,trace,4027,user4027,malicious,attack 1,false positive
business,metric,4588,user4588,regular,no attack,false positive
business,log,4588,user4588,regular,no attack,false positive
business,trace,4588,user4588,regular,no attack,false positive
infrastructure,metric,1378,user1378,malicious,attack 1,false positive
infrastructure,log,1378,user1378,malicious,attack 1,true positive
infrastructure,trace,1378,user1378,malicious,attack 1,false positive
infrastructure,metric,7749,user7749,malicious,attack 2,false positive
infrastructure,log,7749,user7749,malicious,attack 2,false positive
infrastructure,trace,7749,user7749,malicious,attack 2,true positive
business,metric,6669,user6669,malicious,attack 1,false positive
business,log,6669,user6669,malicious,attack 1,true positive
business,trace,6669,user6669,malicious,attack 1,false positive
infrastructure,metric,9622,user9622,malicious,attack 1,false positive
infrastructure,log,9622,user9622,malicious,attack 1,true positive
infrastructure,trace,9622,user9622,malicious,attack 1,false positive
business,metric,5936,user5936,malicious,attack 1,false positive
business,log,5936,user5936,malicious,attack 1,true positive
business,trace,5936,user5936,malicious,attack 1,false positive
business,metric,7632,user7632,malicious,attack 1,false positive
business,log,7632,user7632,malicious,attack 1,true positive
business,trace,7632,user7632,malicious,attack 1,false positive
infrastructure,metric,8628,user8628,regular,no attack,false positive
infrastructure,log,8628,user8628,regular,no attack,false positive
infrastructure,trace,8628,user8628,regular,no attack,false positive
business,metric,2469,user2469,regular,no attack,false positive
business,log,2469,user2469,regular,no attack,false positive
business,trace,2469,user2469,regular,no attack,false positive
business,metric,1310,user1310,malicious,attack 2,false positive
business,log,1310,user1310,malicious,attack 2,false positive
business,trace,1310,user1310,malicious,attack 2,true positive
infrastructure,metric,4509,user4509,malicious,attack 2,false positive
infrastructure,log,4509,user4509,malicious,attack 2,false positive
infrastructure,trace,4509,user4509,malicious,attack 2,true positive
infrastructure,metric,133,user133,malicious,attack 1,false positive
infrastructure,log,133,user133,malicious,attack 1,true positive
infrastructure,trace,133,user133,malicious,attack 1,false positive
infrastructure,metric,5814,user5814,regular,no attack,false positive
infrastructure,log,5814,user5814,regular,no attack,false positive
infrastructure,trace,5814,user5814,regular,no attack,false positive
infrastructure,metric,7534,user7534,malicious,attack 2,false positive
infrastructure,log,7534,user7534,malicious,attack 2,false positive
infrastructure,trace,7534,user7534,malicious,attack 2,true positive
infrastructure,metric,4541,user4541,malicious,attack 1,false positive
infrastructure,log,4541,user4541,malicious,attack 1,true positive
infrastructure,trace,4541,user4541,malicious,attack 1,false positive
infrastructure,metric,8046,user8046,regular,no attack,false positive
infrastructure,log,8046,user8046,regular,no attack,false positive
infrastructure,trace,8046,user8046,regular,no attack,false positive
business,metric,4361,user4361,regular,no attack,false positive
business,log,4361,user4361,regular,no attack,false positive
business,trace,4361,user4361,regular,no attack,false positive
infrastructure,metric,2878,user2878,malicious,attack 2,false positive
infrastructure,log,2878,user2878,malicious,attack 2,false positive
infrastructure,trace,2878,user2878,malicious,attack 2,true positive
infrastructure,metric,6718,user6718,malicious,attack 2,false positive
infrastructure,log,6718,user6718,malicious,attack 2,false positive
infrastructure,trace,6718,user6718,malicious,attack 2,true positive
infrastructure,metric,9985,user9985,malicious,attack 2,false positive
infrastructure,log,9985,user9985,malicious,attack 2,false positive
infrastructure,trace,9985,user9985,malicious,attack 2,true positive
business,metric,285,user285,malicious,attack 2,false positive
business,log,285,user285,malicious,attack 2,false positive
business,trace,285,user285,malicious,attack 2,true positive
business,metric,1948,user1948,malicious,attack 2,false positive
business,log,1948,user1948,malicious,attack 2,false positive
business,trace,1948,user1948,malicious,attack 2,true positive
business,metric,5015,user5015,malicious,attack 2,false positive
business,log,5015,user5015,malicious,attack 2,false positive
business,trace,5015,user5015,malicious,attack 2,true positive
infrastructure,metric,2559,user2559,malicious,attack 2,false positive
infrastructure,log,2559,user2559,malicious,attack 2,false positive
infrastructure,trace,2559,user2559,malicious,attack 2,true positive
business,metric,5654,user5654,regular,no attack,false positive
business,log,5654,user5654,regular,no attack,false positive
business,trace,5654,user5654,regular,no attack,false positive
infrastructure,metric,3400,user3400,regular,no attack,false positive
infrastructure,log,3400,user3400,regular,no attack,false positive
infrastructure,trace,3400,user3400,regular,no attack,false positive
infrastructure,metric,1844,user1844,regular,no attack,false positive
infrastructure,log,1844,user1844,regular,no attack,false positive
infrastructure,trace,1844,user1844,regular,no attack,false positive
business,metric,9987,user9987,malicious,attack 2,false positive
business,log,9987,user9987,malicious,attack 2,false positive
business,trace,9987,user9987,malicious,attack 2,true positive
business,metric,9584,user9584,regular,no attack,false positive
business,log,9584,user9584,regular,no attack,false positive
business,trace,9584,user9584,regular,no attack,false positive
business,metric,770,user770,regular,no attack,false positive
business,log,770,user770,regular,no attack,false positive
business,trace,770,user770,regular,no attack,false positive
infrastructure,metric,493,user493,malicious,attack 2,false positive
infrastructure,log,493,user493,malicious,attack 2,false positive
infrastructure,trace,493,user493,malicious,attack 2,true positive
infrastructure,metric,8087,user8087,malicious,attack 2,false positive
infrastructure,log,8087,user8087,malicious,attack 2,false positive
infrastructure,trace,8087,user8087,malicious,attack 2,true positive
infrastructure,metric,1243,user1243,malicious,attack 1,false positive
infrastructure,log,1243,user1243,malicious,attack 1,true positive
infrastructure,trace,1243,user1243,malicious,attack 1,false positive
business,metric,5981,user5981,malicious,attack 1,false positive
business,log,5981,user5981,malicious,attack 1,true positive
business,trace,5981,user5981,malicious,attack 1,false positive
infrastructure,metric,7926,user7926,regular,no attack,false positive
infrastructure,log,7926,user7926,regular,no attack,false positive
infrastructure,trace,7926,user7926,regular,no attack,false positive
business,metric,2390,user2390,regular,no attack,false positive
business,log,2390,user2390,regular,no attack,false positive
business,trace,2390,user2390,regular,no attack,false positive
business,metric,3690,user3690,malicious,attack 1,false positive
business,log,3690,user3690,malicious,attack 1,true positive
business,trace,3690,user3690,malicious,attack 1,false positive
infrastructure,metric,6147,user6147,malicious,attack 1,false positive
infrastructure,log,6147,user6147,malicious,attack 1,true positive
infrastructure,trace,6147,user6147,malicious,attack 1,false positive
business,metric,9167,user9167,regular,no attack,false positive
business,log,9167,user9167,regular,no attack,false positive
business,trace,9167,user9167,regular,no attack,false positive
infrastructure,metric,2920,user2920,regular,no attack,false positive
infrastructure,log,2920,user2920,regular,no attack,false positive
infrastructure,trace,2920,user2920,regular,no attack,false positive
infrastructure,metric,2704,user2704,regular,no attack,false positive
infrastructure,log,2704,user2704,regular,no attack,false positive
infrastructure,trace,2704,user2704,regular,no attack,false positive
business,metric,8410,user8410,malicious,attack 2,false positive
business,log,8410,user8410,malicious,attack 2,false positive
business,trace,8410,user8410,malicious,attack 2,true positive
business,metric,2052,user2052,malicious,attack 2,false positive
business,log,2052,user2052,malicious,attack 2,false positive
business,trace,2052,user2052,malicious,attack 2,true positive
infrastructure,metric,7921,user7921,regular,no attack,false positive
infrastructure,log,7921,user7921,regular,no attack,false positive
infrastructure,trace,7921,user7921,regular,no attack,false positive
infrastructure,metric,9303,user9303,malicious,attack 1,false positive
infrastructure,log,9303,user9303,malicious,attack 1,true positive
infrastructure,trace,9303,user9303,malicious,attack 1,false positive
business,metric,347,user347,malicious,attack 2,false positive
business,log,347,user347,malicious,attack 2,false positive
business,trace,347,user347,malicious,attack 2,true positive
business,metric,2480,user2480,regular,no attack,false positive
business,log,2480,user2480,regular,no attack,false positive
business,trace,2480,user2480,regular,no attack,false positive
business,metric,3612,user3612,malicious,attack 1,false positive
business,log,3612,user3612,malicious,attack 1,true positive
business,trace,3612,user3612,malicious,attack 1,false positive
business,metric,9248,user9248,malicious,attack 1,false positive
business,log,9248,user9248,malicious,attack 1,true positive
business,trace,9248,user9248,malicious,attack 1,false positive
infrastructure,metric,7032,user7032,malicious,attack 1,false positive
infrastructure,log,7032,user7032,malicious,attack 1,true positive
infrastructure,trace,7032,user7032,malicious,attack 1,false positive
business,metric,7858,user7858,malicious,attack 1,false positive
business,log,7858,user7858,malicious,attack 1,true positive
business,trace,7858,user7858,malicious,attack 1,false positive
business,metric,8458,user8458,regular,no attack,false positive
business,log,8458,user8458,regular,no attack,false positive
business,trace,8458,user8458,regular,no attack,false positive
infrastructure,metric,8297,user8297,malicious,attack 1,false positive
infrastructure,log,8297,user8297,malicious,attack 1,true positive
infrastructure,trace,8297,user8297,malicious,attack 1,false positive
business,metric,6933,user6933,regular,no attack,false positive
business,log,6933,user6933,regular,no attack,false positive
business,trace,6933,user6933,regular,no attack,false positive
business,metric,6750,user6750,malicious,attack 2,false positive
business,log,6750,user6750,malicious,attack 2,false positive
business,trace,6750,user6750,malicious,attack 2,true positive
business,metric,1776,user1776,malicious,attack 2,false positive
business,log,1776,user1776,malicious,attack 2,false positive
business,trace,1776,user1776,malicious,attack 2,true positive
business,metric,6927,user6927,malicious,attack 2,false positive
business,log,6927,user6927,malicious,attack 2,false positive
business,trace,6927,user6927,malicious,attack 2,true positive
business,metric,325,user325,malicious,attack 1,false positive
business,log,325,user325,malicious,attack 1,true positive
business,trace,325,user325,malicious,attack 1,false positive
business,metric,9716,user9716,malicious,attack 1,false positive
business,log,9716,user9716,malicious,attack 1,true positive
business,trace,9716,user9716,malicious,attack 1,false positive
infrastructure,metric,94,user94,malicious,attack 1,false positive
infrastructure,log,94,user94,malicious,attack 1,true positive
infrastructure,trace,94,user94,malicious,attack 1,false positive
business,metric,8452,user8452,malicious,attack 1,false positive
business,log,8452,user8452,malicious,attack 1,true positive
business,trace,8452,user8452,malicious,attack 1,false positive
infrastructure,metric,1325,user1325,malicious,attack 2,false positive
infrastructure,log,1325,user1325,malicious,attack 2,false positive
infrastructure,trace,1325,user1325,malicious,attack 2,true positive
infrastructure,metric,3609,user3609,regular,no attack,false positive
infrastructure,log,3609,user3609,regular,no attack,false positive
infrastructure,trace,3609,user3609,regular,no attack,false positive
infrastructure,metric,7982,user7982,malicious,attack 2,false positive
infrastructure,log,7982,user7982,malicious,attack 2,false positive
infrastructure,trace,7982,user7982,malicious,attack 2,true positive
business,metric,1492,user1492,malicious,attack 2,false positive
business,log,1492,user1492,malicious,attack 2,false positive
business,trace,1492,user1492,malicious,attack 2,true positive
business,metric,2694,user2694,regular,no attack,false positive
business,log,2694,user2694,regular,no attack,false positive
business,trace,2694,user2694,regular,no attack,false positive
infrastructure,metric,8007,user8007,regular,no attack,false positive
infrastructure,log,8007,user8007,regular,no attack,false positive
infrastructure,trace,8007,user8007,regular,no attack,false positive
infrastructure,metric,3560,user3560,malicious,attack 2,false positive
infrastructure,log,3560,user3560,malicious,attack 2,false positive
infrastructure,trace,3560,user3560,malicious,attack 2,true positive
infrastructure,metric,5624,user5624,malicious,attack 1,false positive
infrastructure,log,5624,user5624,malicious,attack 1,true positive
infrastructure,trace,5624,user5624,malicious,attack 1,false positive
business,metric,2333,user2333,malicious,attack 1,false positive
business,log,2333,user2333,malicious,attack 1,true positive
business,trace,2333,user2333,malicious,attack 1,false positive
business,metric,6686,user6686,malicious,attack 1,false positive
business,log,6686,user6686,malicious,attack 1,true positive
business,trace,6686,user6686,malicious,attack 1,false positive
business,metric,8502,user8502,regular,no attack,false positive
business,log,8502,user8502,regular,no attack,false positive
business,trace,8502,user8502,regular,no attack,false positive
infrastructure,metric,6193,user6193,malicious,attack 1,false positive
infrastructure,log,6193,user6193,malicious,attack 1,true positive
infrastructure,trace,6193,user6193,malicious,attack 1,false positive
infrastructure,metric,5725,user5725,malicious,attack 2,false positive
infrastructure,log,5725,user5725,malicious,attack 2,false positive
infrastructure,trace,5725,user5725,malicious,attack 2,true positive
infrastructure,metric,7564,user7564,malicious,attack 2,false positive
infrastructure,log,7564,user7564,malicious,attack 2,false positive
infrastructure,trace,7564,user7564,malicious,attack 2,true positive
infrastructure,metric,4007,user4007,regular,no attack,false positive
infrastructure,log,4007,user4007,regular,no attack,false positive
infrastructure,trace,4007,user4007,regular,no attack,false positive
business,metric,7156,user7156,regular,no attack,false positive
business,log,7156,user7156,regular,no attack,false positive
business,trace,7156,user7156,regular,no attack,false positive
business,metric,1394,user1394,malicious,attack 2,false positive
business,log,1394,user1394,malicious,attack 2,false positive
business,trace,1394,user1394,malicious,attack 2,true positive
infrastructure,metric,8550,user8550,malicious,attack 2,false positive
infrastructure,log,8550,user8550,malicious,attack 2,false positive
infrastructure,trace,8550,user8550,malicious,attack 2,true positive
business,metric,4674,user4674,malicious,attack 2,false positive
business,log,4674,user4674,malicious,attack 2,false positive
business,trace,4674,user4674,malicious,attack 2,true positive
infrastructure,metric,629,user629,malicious,attack 1,false positive
infrastructure,log,629,user629,malicious,attack 1,true positive
infrastructure,trace,629,user629,malicious,attack 1,false positive
infrastructure,metric,9852,user9852,regular,no attack,false positive
infrastructure,log,9852,user9852,regular,no attack,false positive
infrastructure,trace,9852,user9852,regular,no attack,false positive
infrastructure,metric,7354,user7354,malicious,attack 1,false positive
infrastructure,log,7354,user7354,malicious,attack 1,true positive
infrastructure,trace,7354,user7354,malicious,attack 1,false positive
infrastructure,metric,1412,user1412,regular,no attack,false positive
infrastructure,log,1412,user1412,regular,no attack,false positive
infrastructure,trace,1412,user1412,regular,no attack,false positive
business,metric,8388,user8388,malicious,attack 1,false positive
business,log,8388,user8388,malicious,attack 1,true positive
business,trace,8388,user8388,malicious,attack 1,false positive
infrastructure,metric,2624,user2624,malicious,attack 1,false positive
infrastructure,log,2624,user2624,malicious,attack 1,true positive
infrastructure,trace,2624,user2624,malicious,attack 1,false positive
business,metric,8909,user8909,malicious,attack 1,false positive
business,log,8909,user8909,malicious,attack 1,true positive
business,trace,8909,user8909,malicious,attack 1,false positive
infrastructure,metric,4018,user4018,malicious,attack 1,false positive
infrastructure,log,4018,user4018,malicious,attack 1,true positive
infrastructure,trace,4018,user4018,malicious,attack 1,false positive
business,metric,4928,user4928,malicious,attack 2,false positive
business,log,4928,user4928,malicious,attack 2,false positive
business,trace,4928,user4928,malicious,attack 2,true positive
infrastructure,metric,6684,user6684,malicious,attack 1,false positive
infrastructure,log,6684,user6684,malicious,attack 1,true positive
infrastructure,trace,6684,user6684,malicious,attack 1,false positive
business,metric,1987,user1987,malicious,attack 2,false positive
business,log,1987,user1987,malicious,attack 2,false positive
business,trace,1987,user1987,malicious,attack 2,true positive
infrastructure,metric,6617,user6617,malicious,attack 1,false positive
infrastructure,log,6617,user6617,malicious,attack 1,true positive
infrastructure,trace,6617,user6617,malicious,attack 1,false positive
infrastructure,metric,3497,user3497,regular,no attack,false positive
infrastructure,log,3497,user3497,regular,no attack,false positive
infrastructure,trace,3497,user3497,regular,no attack,false positive
infrastructure,metric,8646,user8646,regular,no attack,false positive
infrastructure,log,8646,user8646,regular,no attack,false positive
infrastructure,trace,8646,user8646,regular,no attack,false positive
infrastructure,metric,8462,user8462,malicious,attack 2,false positive
infrastructure,log,8462,user8462,malicious,attack 2,false positive
infrastructure,trace,8462,user8462,malicious,attack 2,true positive
business,metric,2341,user2341,malicious,attack 2,false positive
business,log,2341,user2341,malicious,attack 2,false positive
business,trace,2341,user2341,malicious,attack 2,true positive
business,metric,8672,user8672,malicious,attack 2,false positive
business,log,8672,user8672,malicious,attack 2,false positive
business,trace,8672,user8672,malicious,attack 2,true positive
business,metric,2375,user2375,malicious,attack 2,false positive
business,log,2375,user2375,malicious,attack 2,false positive
business,trace,2375,user2375,malicious,attack 2,true positive
infrastructure,metric,1668,user1668,regular,no attack,false positive
infrastructure,log,1668,user1668,regular,no attack,false positive
infrastructure,trace,1668,user1668,regular,no attack,false positive
business,metric,3517,user3517,regular,no attack,false positive
business,log,3517,user3517,regular,no attack,false positive
business,trace,3517,user3517,regular,no attack,false positive
business,metric,3542,user3542,malicious,attack 1,false positive
business,log,3542,user3542,malicious,attack 1,true positive
business,trace,3542,user3542,malicious,attack 1,false positive
business,metric,3992,user3992,regular,no attack,false positive
business,log,3992,user3992,regular,no attack,false positive
business,trace,3992,user3992,regular,no attack,false positive
business,metric,7310,user7310,malicious,attack 1,false positive
business,log,7310,user7310,malicious,attack 1,true positive
business,trace,7310,user7310,malicious,attack 1,false positive
infrastructure,metric,1829,user1829,malicious,attack 2,false positive
infrastructure,log,1829,user1829,malicious,attack 2,false positive
infrastructure,trace,1829,user1829,malicious,attack 2,true positive
business,metric,8805,user8805,malicious,attack 1,false positive
business,log,8805,user8805,malicious,attack 1,true positive
business,trace,8805,user8805,malicious,attack 1,false positive
business,metric,4035,user4035,malicious,attack 2,false positive
business,log,4035,user4035,malicious,attack 2,false positive
business,trace,4035,user4035,malicious,attack 2,true positive
business,metric,5618,user5618,regular,no attack,false positive
business,log,5618,user5618,regular,no attack,false positive
business,trace,5618,user5618,regular,no attack,false positive
business,metric,6618,user6618,malicious,attack 2,false positive
business,log,6618,user6618,malicious,attack 2,false positive
business,trace,6618,user6618,malicious,attack 2,true positive
infrastructure,metric,1162,user1162,malicious,attack 2,false positive
infrastructure,log,1162,user1162,malicious,attack 2,false positive
infrastructure,trace,1162,user1162,malicious,attack 2,true positive
infrastructure,metric,4623,user4623,malicious,attack 2,false positive
infrastructure,log,4623,user4623,malicious,attack 2,false positive
infrastructure,trace,4623,user4623,malicious,attack 2,true positive
business,metric,6510,user6510,malicious,attack 2,false positive
business,log,6510,user6510,malicious,attack 2,false positive
business,trace,6510,user6510,malicious,attack 2,true positive
business,metric,1743,user1743,regular,no attack,false positive
business,log,1743,user1743,regular,no attack,false positive
business,trace,1743,user1743,regular,no attack,false positive
business,metric,2278,user2278,malicious,attack 2,false positive
business,log,2278,user2278,malicious,attack 2,false positive
business,trace,2278,user2278,malicious,attack 2,true positive
infrastructure,metric,2557,user2557,malicious,attack 2,false positive
infrastructure,log,2557,user2557,malicious,attack 2,false positive
infrastructure,trace,2557,user2557,malicious,attack 2,true positive
infrastructure,metric,3346,user3346,regular,no attack,false positive
infrastructure,log,3346,user3346,regular,no attack,false positive
infrastructure,trace,3346,user3346,regular,no attack,false positive
business,metric,6044,user6044,malicious,attack 2,false positive
business,log,6044,user6044,malicious,attack 2,false positive
business,trace,6044,user6044,malicious,attack 2,true positive
business,metric,3428,user3428,malicious,attack 1,false positive
business,log,3428,user3428,malicious,attack 1,true positive
business,trace,3428,user3428,malicious,attack 1,false positive
business,metric,5962,user5962,malicious,attack 2,false positive
business,log,5962,user5962,malicious,attack 2,false positive
business,trace,5962,user5962,malicious,attack 2,true positive
infrastructure,metric,2060,user2060,regular,no attack,false positive
infrastructure,log,2060,user2060,regular,no attack,false positive
infrastructure,trace,2060,user2060,regular,no attack,false positive
infrastructure,metric,2041,user2041,malicious,attack 1,false positive
infrastructure,log,2041,user2041,malicious,attack 1,true positive
infrastructure,trace,2041,user2041,malicious,attack 1,false positive
infrastructure,metric,8834,user8834,malicious,attack 2,false positive
infrastructure,log,8834,user8834,malicious,attack 2,false positive
infrastructure,trace,8834,user8834,malicious,attack 2,true positive
infrastructure,metric,2383,user2383,malicious,attack 2,false positive
infrastructure,log,2383,user2383,malicious,attack 2,false positive
infrastructure,trace,2383,user2383,malicious,attack 2,true positive
infrastructure,metric,2596,user2596,malicious,attack 1,false positive
infrastructure,log,2596,user2596,malicious,attack 1,true positive
infrastructure,trace,2596,user2596,malicious,attack 1,false positive
infrastructure,metric,8035,user8035,malicious,attack 2,false positive
infrastructure,log,8035,user8035,malicious,attack 2,false positive
infrastructure,trace,8035,user8035,malicious,attack 2,true positive
infrastructure,metric,8541,user8541,malicious,attack 2,false positive
infrastructure,log,8541,user8541,malicious,attack 2,false positive
infrastructure,trace,8541,user8541,malicious,attack 2,true positive
infrastructure,metric,592,user592,regular,no attack,false positive
infrastructure,log,592,user592,regular,no attack,false positive
infrastructure,trace,592,user592,regular,no attack,false positive
business,metric,9602,user9602,regular,no attack,false positive
business,log,9602,user9602,regular,no attack,false positive
business,trace,9602,user9602,regular,no attack,false positive
business,metric,3032,user3032,malicious,attack 2,false positive
business,log,3032,user3032,malicious,attack 2,false positive
business,trace,3032,user3032,malicious,attack 2,true positive
business,metric,920,user920,malicious,attack 2,false positive
business,log,920,user920,malicious,attack 2,false positive
business,trace,920,user920,malicious,attack 2,true positive
infrastructure,metric,7992,user7992,regular,no attack,false positive
infrastructure,log,7992,user7992,regular,no attack,false positive
infrastructure,trace,7992,user7992,regular,no attack,false positive
infrastructure,metric,7729,user7729,malicious,attack 2,false positive
infrastructure,log,7729,user7729,malicious,attack 2,false positive
infrastructure,trace,7729,user7729,malicious,attack 2,true positive
business,metric,1615,user1615,regular,no attack,false positive
business,log,1615,user1615,regular,no attack,false positive
business,trace,1615,user1615,regular,no attack,false positive
infrastructure,metric,3297,user3297,regular,no attack,false positive
infrastructure,log,3297,user3297,regular,no attack,false positive
infrastructure,trace,3297,user3297,regular,no attack,false positive
business,metric,9142,user9142,malicious,attack 2,false positive
business,log,9142,user9142,malicious,attack 2,false positive
business,trace,9142,user9142,malicious,attack 2,true positive
infrastructure,metric,1763,user1763,malicious,attack 1,false positive
infrastructure,log,1763,user1763,malicious,attack 1,true positive
infrastructure,trace,1763,user1763,malicious,attack 1,false positive
business,metric,5095,user5095,regular,no attack,false positive
business,log,5095,user5095,regular,no attack,false positive
business,trace,5095,user5095,regular,no attack,false positive
infrastructure,metric,7389,user7389,malicious,attack 2,false positive
infrastructure,log,7389,user7389,malicious,attack 2,false positive
infrastructure,trace,7389,user7389,malicious,attack 2,true positive
business,metric,9576,user9576,malicious,attack 1,false positive
business,log,9576,user9576,malicious,attack 1,true positive
business,trace,9576,user9576,malicious,attack 1,false positive
business,metric,1788,user1788,malicious,attack 1,false positive
business,log,1788,user1788,malicious,attack 1,true positive
business,trace,1788,user1788,malicious,attack 1,false positive
infrastructure,metric,3227,user3227,malicious,attack 2,false positive
infrastructure,log,3227,user3227,malicious,attack 2,false positive
infrastructure,trace,3227,user3227,malicious,attack 2,true positive
infrastructure,metric,5946,user5946,malicious,attack 1,false positive
infrastructure,log,5946,user5946,malicious,attack 1,true positive
infrastructure,trace,5946,user5946,malicious,attack 1,false positive
business,metric,4377,user4377,malicious,attack 2,false positive
business,log,4377,user4377,malicious,attack 2,false positive
business,trace,4377,user4377,malicious,attack 2,true positive
business,metric,7978,user7978,malicious,attack 1,false positive
business,log,7978,user7978,malicious,attack 1,true positive
business,trace,7978,user7978,malicious,attack 1,false positive
infrastructure,metric,7481,user7481,malicious,attack 1,false positive
infrastructure,log,7481,user7481,malicious,attack 1,true positive
infrastructure,trace,7481,user7481,malicious,attack 1,false positive
infrastructure,metric,1148,user1148,malicious,attack 2,false positive
infrastructure,log,1148,user1148,malicious,attack 2,false positive
infrastructure,trace,1148,user1148,malicious,attack 2,true positive
infrastructure,metric,1471,user1471,malicious,attack 1,false positive
infrastructure,log,1471,user1471,malicious,attack 1,true positive
infrastructure,trace,1471,user1471,malicious,attack 1,false positive
business,metric,5288,user5288,regular,no attack,false positive
business,log,5288,user5288,regular,no attack,false positive
business,trace,5288,user5288,regular,no attack,false positive
business,metric,8988,user8988,malicious,attack 2,false positive
business,log,8988,user8988,malicious,attack 2,false positive
business,trace,8988,user8988,malicious,attack 2,true positive
infrastructure,metric,833,user833,malicious,attack 2,false positive
infrastructure,log,833,user833,malicious,attack 2,false positive
infrastructure,trace,833,user833,malicious,attack 2,true positive
business,metric,1691,user1691,malicious,attack 1,false positive
business,log,1691,user1691,malicious,attack 1,true positive
business,trace,1691,user1691,malicious,attack 1,false positive
infrastructure,metric,4712,user4712,malicious,attack 2,false positive
infrastructure,log,4712,user4712,malicious,attack 2,false positive
infrastructure,trace,4712,user4712,malicious,attack 2,true positive
business,metric,1771,user1771,regular,no attack,false positive
business,log,1771,user1771,regular,no attack,false positive
business,trace,1771,user1771,regular,no attack,false positive
infrastructure,metric,4139,user4139,malicious,attack 1,false positive
infrastructure,log,4139,user4139,malicious,attack 1,true positive
infrastructure,trace,4139,user4139,malicious,attack 1,false positive
business,metric,6233,user6233,malicious,attack 1,false positive
business,log,6233,user6233,malicious,attack 1,true positive
business,trace,6233,user6233,malicious,attack 1,false positive
business,metric,9802,user9802,malicious,attack 1,false positive
business,log,9802,user9802,malicious,attack 1,true positive
business,trace,9802,user9802,malicious,attack 1,false positive
business,metric,2530,user2530,malicious,attack 1,false positive
business,log,2530,user2530,malicious,attack 1,true positive
business,trace,2530,user2530,malicious,attack 1,false positive
business,metric,6940,user6940,malicious,attack 1,false positive
business,log,6940,user6940,malicious,attack 1,true positive
business,trace,6940,user6940,malicious,attack 1,false positive
infrastructure,metric,2084,user2084,malicious,attack 1,false positive
infrastructure,log,2084,user2084,malicious,attack 1,true positive
infrastructure,trace,2084,user2084,malicious,attack 1,false positive
infrastructure,metric,3247,user3247,malicious,attack 1,false positive
infrastructure,log,3247,user3247,malicious,attack 1,true positive
infrastructure,trace,3247,user3247,malicious,attack 1,false positive
business,metric,7050,user7050,malicious,attack 1,false positive
business,log,7050,user7050,malicious,attack 1,true positive
business,trace,7050,user7050,malicious,attack 1,false positive
business,metric,8457,user8457,malicious,attack 2,false positive
business,log,8457,user8457,malicious,attack 2,false positive
business,trace,8457,user8457,malicious,attack 2,true positive
infrastructure,metric,6228,user6228,malicious,attack 2,false positive
infrastructure,log,6228,user6228,malicious,attack 2,false positive
infrastructure,trace,6228,user6228,malicious,attack 2,true positive
infrastructure,metric,5873,user5873,malicious,attack 2,false positive
infrastructure,log,5873,user5873,malicious,attack 2,false positive
infrastructure,trace,5873,user5873,malicious,attack 2,true positive
business,metric,2086,user2086,malicious,attack 2,false positive
business,log,2086,user2086,malicious,attack 2,false positive
business,trace,2086,user2086,malicious,attack 2,true positive
infrastructure,metric,8750,user8750,regular,no attack,false positive
infrastructure,log,8750,user8750,regular,no attack,false positive
infrastructure,trace,8750,user8750,regular,no attack,false positive
business,metric,4617,user4617,regular,no attack,false positive
business,log,4617,user4617,regular,no attack,false positive
business,trace,4617,user4617,regular,no attack,false positive
infrastructure,metric,2806,user2806,regular,no attack,false positive
infrastructure,log,2806,user2806,regular,no attack,false positive
infrastructure,trace,2806,user2806,regular,no attack,false positive
infrastructure,metric,5528,user5528,regular,no attack,false positive
infrastructure,log,5528,user5528,regular,no attack,false positive
infrastructure,trace,5528,user5528,regular,no attack,false positive
business,metric,5849,user5849,regular,no attack,false positive
business,log,5849,user5849,regular,no attack,false positive
business,trace,5849,user5849,regular,no attack,false positive
infrastructure,metric,9798,user9798,malicious,attack 2,false positive
infrastructure,log,9798,user9798,malicious,attack 2,false positive
infrastructure,trace,9798,user9798,malicious,attack 2,true positive
infrastructure,metric,3254,user3254,malicious,attack 1,false positive
infrastructure,log,3254,user3254,malicious,attack 1,true positive
infrastructure,trace,3254,user3254,malicious,attack 1,false positive
business,metric,4024,user4024,malicious,attack 2,false positive
business,log,4024,user4024,malicious,attack 2,false positive
business,trace,4024,user4024,malicious,attack 2,true positive
business,metric,9113,user9113,malicious,attack 2,false positive
business,log,9113,user9113,malicious,attack 2,false positive
business,trace,9113,user9113,malicious,attack 2,true positive
infrastructure,metric,8796,user8796,regular,no attack,false positive
infrastructure,log,8796,user8796,regular,no attack,false positive
infrastructure,trace,8796,user8796,regular,no attack,false positive
business,metric,3026,user3026,malicious,attack 1,false positive
business,log,3026,user3026,malicious,attack 1,true positive
business,trace,3026,user3026,malicious,attack 1,false positive
infrastructure,metric,750,user750,malicious,attack 1,false positive
infrastructure,log,750,user750,malicious,attack 1,true positive
infrastructure,trace,750,user750,malicious,attack 1,false positive
infrastructure,metric,1870,user1870,malicious,attack 2,false positive
infrastructure,log,1870,user1870,malicious,attack 2,false positive
infrastructure,trace,1870,user1870,malicious,attack 2,true positive
infrastructure,metric,4838,user4838,malicious,attack 1,false positive
infrastructure,log,4838,user4838,malicious,attack 1,true positive
infrastructure,trace,4838,user4838,malicious,attack 1,false positive
business,metric,8250,user8250,malicious,attack 1,false positive
business,log,8250,user8250,malicious,attack 1,true positive
business,trace,8250,user8250,malicious,attack 1,false positive
business,metric,6567,user6567,malicious,attack 1,false positive
business,log,6567,user6567,malicious,attack 1,true positive
business,trace,6567,user6567,malicious,attack 1,false positive
business,metric,4525,user4525,malicious,attack 2,false positive
business,log,4525,user4525,malicious,attack 2,false positive
business,trace,4525,user4525,malicious,attack 2,true positive
infrastructure,metric,3954,user3954,regular,no attack,false positive
infrastructure,log,3954,user3954,regular,no attack,false positive
infrastructure,trace,3954,user3954,regular,no attack,false positive
infrastructure,metric,6527,user6527,regular,no attack,false positive
infrastructure,log,6527,user6527,regular,no attack,false positive
infrastructure,trace,6527,user6527,regular,no attack,false positive
business,metric,1760,user1760,malicious,attack 2,false positive
business,log,1760,user1760,malicious,attack 2,false positive
business,trace,1760,user1760,malicious,attack 2,true positive
business,metric,5100,user5100,regular,no attack,false positive
business,log,5100,user5100,regular,no attack,false positive
business,trace,5100,user5100,regular,no attack,false positive
infrastructure,metric,9264,user9264,regular,no attack,false positive
infrastructure,log,9264,user9264,regular,no attack,false positive
infrastructure,trace,9264,user9264,regular,no attack,false positive
infrastructure,metric,8573,user8573,malicious,attack 1,false positive
infrastructure,log,8573,user8573,malicious,attack 1,true positive
infrastructure,trace,8573,user8573,malicious,attack 1,false positive
infrastructure,metric,8494,user8494,malicious,attack 2,false positive
infrastructure,log,8494,user8494,malicious,attack 2,false positive
infrastructure,trace,8494,user8494,malicious,attack 2,true positive
infrastructure,metric,4967,user4967,regular,no attack,false positive
infrastructure,log,4967,user4967,regular,no attack,false positive
infrastructure,trace,4967,user4967,regular,no attack,false positive
infrastructure,metric,5511,user5511,malicious,attack 1,false positive
infrastructure,log,5511,user5511,malicious,attack 1,true positive
infrastructure,trace,5511,user5511,malicious,attack 1,false positive
infrastructure,metric,2368,user2368,malicious,attack 1,false positive
infrastructure,log,2368,user2368,malicious,attack 1,true positive
infrastructure,trace,2368,user2368,malicious,attack 1,false positive
business,metric,7409,user7409,malicious,attack 1,false positive
business,log,7409,user7409,malicious,attack 1,true positive
business,trace,7409,user7409,malicious,attack 1,false positive
infrastructure,metric,8295,user8295,malicious,attack 2,false positive
infrastructure,log,8295,user8295,malicious,attack 2,false positive
infrastructure,trace,8295,user8295,malicious,attack 2,true positive
business,metric,9874,user9874,malicious,attack 2,false positive
business,log,9874,user9874,malicious,attack 2,false positive
business,trace,9874,user9874,malicious,attack 2,true positive
infrastructure,metric,5436,user5436,regular,no attack,false positive
infrastructure,log,5436,user5436,regular,no attack,false positive
infrastructure,trace,5436,user5436,regular,no attack,false positive
infrastructure,metric,2588,user2588,regular,no attack,false positive
infrastructure,log,2588,user2588,regular,no attack,false positive
infrastructure,trace,2588,user2588,regular,no attack,false positive
business,metric,2168,user2168,regular,no attack,false positive
business,log,2168,user2168,regular,no attack,false positive
business,trace,2168,user2168,regular,no attack,false positive
infrastructure,metric,1840,user1840,regular,no attack,false positive
infrastructure,log,1840,user1840,regular,no attack,false positive
infrastructure,trace,1840,user1840,regular,no attack,false positive
infrastructure,metric,3031,user3031,malicious,attack 2,false positive
infrastructure,log,3031,user3031,malicious,attack 2,false positive
infrastructure,trace,3031,user3031,malicious,attack 2,true positive
business,metric,2726,user2726,malicious,attack 1,false positive
business,log,2726,user2726,malicious,attack 1,true positive
business,trace,2726,user2726,malicious,attack 1,false positive
business,metric,2722,user2722,malicious,attack 1,false positive
business,log,2722,user2722,malicious,attack 1,true positive
business,trace,2722,user2722,malicious,attack 1,false positive
infrastructure,metric,5274,user5274,malicious,attack 2,false positive
infrastructure,log,5274,user5274,malicious,attack 2,false positive
infrastructure,trace,5274,user5274,malicious,attack 2,true positive
infrastructure,metric,5169,user5169,regular,no attack,false positive
infrastructure,log,5169,user5169,regular,no attack,false positive
infrastructure,trace,5169,user5169,regular,no attack,false positive
infrastructure,metric,8251,user8251,malicious,attack 2,false positive
infrastructure,log,8251,user8251,malicious,attack 2,false positive
infrastructure,trace,8251,user8251,malicious,attack 2,true positive
infrastructure,metric,9376,user9376,malicious,attack 1,false positive
infrastructure,log,9376,user9376,malicious,attack 1,true positive
infrastructure,trace,9376,user9376,malicious,attack 1,false positive
business,metric,1400,user1400,malicious,attack 2,false positive
business,log,1400,user1400,malicious,attack 2,false positive
business,trace,1400,user1400,malicious,attack 2,true positive
business,metric,9059,user9059,regular,no attack,false positive
business,log,9059,user9059,regular,no attack,false positive
business,trace,9059,user9059,regular,no attack,false positive
infrastructure,metric,1074,user1074,malicious,attack 1,false positive
infrastructure,log,1074,user1074,malicious,attack 1,true positive
infrastructure,trace,1074,user1074,malicious,attack 1,false positive
infrastructure,metric,4005,user4005,malicious,attack 2,false positive
infrastructure,log,4005,user4005,malicious,attack 2,false positive
infrastructure,trace,4005,user4005,malicious,attack 2,true positive
business,metric,5609,user5609,malicious,attack 1,false positive
business,log,5609,user5609,malicious,attack 1,true positive
business,trace,5609,user5609,malicious,attack 1,false positive
business,metric,8968,user8968,regular,no attack,false positive
business,log,8968,user8968,regular,no attack,false positive
business,trace,8968,user8968,regular,no attack,false positive
business,metric,3264,user3264,malicious,attack 1,false positive
business,log,3264,user3264,malicious,attack 1,true positive
business,trace,3264,user3264,malicious,attack 1,false positive
business,metric,4238,user4238,regular,no attack,false positive
business,log,4238,user4238,regular,no attack,false positive
business,trace,4238,user4238,regular,no attack,false positive
business,metric,3421,user3421,malicious,attack 2,false positive
business,log,3421,user3421,malicious,attack 2,false positive
business,trace,3421,user3421,malicious,attack 2,true positive
business,metric,4276,user4276,malicious,attack 1,false positive
business,log,4276,user4276,malicious,attack 1,true positive
business,trace,4276,user4276,malicious,attack 1,false positive
infrastructure,metric,1847,user1847,regular,no attack,false positive
infrastructure,log,1847,user1847,regular,no attack,false positive
infrastructure,trace,1847,user1847,regular,no attack,false positive
business,metric,4060,user4060,malicious,attack 1,false positive
business,log,4060,user4060,malicious,attack 1,true positive
business,trace,4060,user4060,malicious,attack 1,false positive
business,metric,3658,user3658,malicious,attack 2,false positive
business,log,3658,user3658,malicious,attack 2,false positive
business,trace,3658,user3658,malicious,attack 2,true positive
infrastructure,metric,8293,user8293,regular,no attack,false positive
infrastructure,log,8293,user8293,regular,no attack,false positive
infrastructure,trace,8293,user8293,regular,no attack,false positive
infrastructure,metric,6362,user6362,regular,no attack,false positive
infrastructure,log,6362,user6362,regular,no attack,false positive
infrastructure,trace,6362,user6362,regular,no attack,false positive
business,metric,6767,user6767,malicious,attack 1,false positive
business,log,6767,user6767,malicious,attack 1,true positive
business,trace,6767,user6767,malicious,attack 1,false positive
infrastructure,metric,105,user105,malicious,attack 1,false positive
infrastructure,log,105,user105,malicious,attack 1,true positive
infrastructure,trace,105,user105,malicious,attack 1,false positive
business,metric,7911,user7911,malicious,attack 1,false positive
business,log,7911,user7911,malicious,attack 1,true positive
business,trace,7911,user7911,malicious,attack 1,false positive
infrastructure,metric,4352,user4352,regular,no attack,false positive
infrastructure,log,4352,user4352,regular,no attack,false positive
infrastructure,trace,4352,user4352,regular,no attack,false positive
infrastructure,metric,1489,user1489,malicious,attack 1,false positive
infrastructure,log,1489,user1489,malicious,attack 1,true positive
infrastructure,trace,1489,user1489,malicious,attack 1,false positive
infrastructure,metric,1234,user1234,malicious,attack 1,false positive
infrastructure,log,1234,user1234,malicious,attack 1,true positive
infrastructure,trace,1234,user1234,malicious,attack 1,false positive
business,metric,4016,user4016,malicious,attack 1,false positive
business,log,4016,user4016,malicious,attack 1,true positive
business,trace,4016,user4016,malicious,attack 1,false positive
business,metric,8497,user8497,malicious,attack 1,false positive
business,log,8497,user8497,malicious,attack 1,true positive
business,trace,8497,user8497,malicious,attack 1,false positive
business,metric,8386,user8386,regular,no attack,false positive
business,log,8386,user8386,regular,no attack,false positive
business,trace,8386,user8386,regular,no attack,false positive
business,metric,9045,user9045,malicious,attack 2,false positive
business,log,9045,user9045,malicious,attack 2,false positive
business,trace,9045,user9045,malicious,attack 2,true positive
business,metric,7220,user7220,malicious,attack 1,false positive
business,log,7220,user7220,malicious,attack 1,true positive
business,trace,7220,user7220,malicious,attack 1,false positive
business,metric,5979,user5979,malicious,attack 2,false positive
business,log,5979,user5979,malicious,attack 2,false positive
business,trace,5979,user5979,malicious,attack 2,true positive
business,metric,6899,user6899,malicious,attack 1,false positive
business,log,6899,user6899,malicious,attack 1,true positive
business,trace,6899,user6899,malicious,attack 1,false positive
infrastructure,metric,226,user226,regular,no attack,false positive
infrastructure,log,226,user226,regular,no attack,false positive
infrastructure,trace,226,user226,regular,no attack,false positive
business,metric,524,user524,malicious,attack 2,false positive
business,log,524,user524,malicious,attack 2,false positive
business,trace,524,user524,malicious,attack 2,true positive
business,metric,8560,user8560,malicious,attack 1,false positive
business,log,8560,user8560,malicious,attack 1,true positive
business,trace,8560,user8560,malicious,attack 1,false positive
infrastructure,metric,7202,user7202,regular,no attack,false positive
infrastructure,log,7202,user7202,regular,no attack,false positive
infrastructure,trace,7202,user7202,regular,no attack,false positive
business,metric,1683,user1683,regular,no attack,false positive
business,log,1683,user1683,regular,no attack,false positive
business,trace,1683,user1683,regular,no attack,false positive
infrastructure,metric,2506,user2506,malicious,attack 2,false positive
infrastructure,log,2506,user2506,malicious,attack 2,false positive
infrastructure,trace,2506,user2506,malicious,attack 2,true positive
infrastructure,metric,6038,user6038,malicious,attack 1,false positive
infrastructure,log,6038,user6038,malicious,attack 1,true positive
infrastructure,trace,6038,user6038,malicious,attack 1,false positive
business,metric,5297,user5297,regular,no attack,false positive
business,log,5297,user5297,regular,no attack,false positive
business,trace,5297,user5297,regular,no attack,false positive
infrastructure,metric,6664,user6664,regular,no attack,false positive
infrastructure,log,6664,user6664,regular,no attack,false positive
infrastructure,trace,6664,user6664,regular,no attack,false positive
business,metric,9086,user9086,malicious,attack 1,false positive
business,log,9086,user9086,malicious,attack 1,true positive
business,trace,9086,user9086,malicious,attack 1,false positive
infrastructure,metric,3072,user3072,malicious,attack 1,false positive
infrastructure,log,3072,user3072,malicious,attack 1,true positive
infrastructure,trace,3072,user3072,malicious,attack 1,false positive
infrastructure,metric,3862,user3862,malicious,attack 1,false positive
infrastructure,log,3862,user3862,malicious,attack 1,true positive
infrastructure,trace,3862,user3862,malicious,attack 1,false positive
business,metric,668,user668,malicious,attack 1,false positive
business,log,668,user668,malicious,attack 1,true positive
business,trace,668,user668,malicious,attack 1,false positive
infrastructure,metric,1547,user1547,regular,no attack,false positive
infrastructure,log,1547,user1547,regular,no attack,false positive
infrastructure,trace,1547,user1547,regular,no attack,false positive
business,metric,9959,user9959,malicious,attack 2,false positive
business,log,9959,user9959,malicious,attack 2,false positive
business,trace,9959,user9959,malicious,attack 2,true positive
infrastructure,metric,6509,user6509,malicious,attack 1,false positive
infrastructure,log,6509,user6509,malicious,attack 1,true positive
infrastructure,trace,6509,user6509,malicious,attack 1,false positive
business,metric,3921,user3921,malicious,attack 1,false positive
business,log,3921,user3921,malicious,attack 1,true positive
business,trace,3921,user3921,malicious,attack 1,false positive
infrastructure,metric,3201,user3201,malicious,attack 2,false positive
infrastructure,log,3201,user3201,malicious,attack 2,false positive
infrastructure,trace,3201,user3201,malicious,attack 2,true positive
business,metric,7101,user7101,malicious,attack 2,false positive
business,log,7101,user7101,malicious,attack 2,false positive
business,trace,7101,user7101,malicious,attack 2,true positive
infrastructure,metric,6563,user6563,malicious,attack 1,false positive
infrastructure,log,6563,user6563,malicious,attack 1,true positive
infrastructure,trace,6563,user6563,malicious,attack 1,false positive
infrastructure,metric,241,user241,malicious,attack 1,false positive
infrastructure,log,241,user241,malicious,attack 1,true positive
infrastructure,trace,241,user241,malicious,attack 1,false positive
business,metric,1656,user1656,malicious,attack 2,false positive
business,log,1656,user1656,malicious,attack 2,false positive
business,trace,1656,user1656,malicious,attack 2,true positive
business,metric,7486,user7486,regular,no attack,false positive
business,log,7486,user7486,regular,no attack,false positive
business,trace,7486,user7486,regular,no attack,false positive
infrastructure,metric,2881,user2881,malicious,attack 1,false positive
infrastructure,log,2881,user2881,malicious,attack 1,true positive
infrastructure,trace,2881,user2881,malicious,attack 1,false positive
infrastructure,metric,9199,user9199,malicious,attack 2,false positive
infrastructure,log,9199,user9199,malicious,attack 2,false positive
infrastructure,trace,9199,user9199,malicious,attack 2,true positive
infrastructure,metric,3006,user3006,malicious,attack 2,false positive
infrastructure,log,3006,user3006,malicious,attack 2,false positive
infrastructure,trace,3006,user3006,malicious,attack 2,true positive
infrastructure,metric,2342,user2342,regular,no attack,false positive
infrastructure,log,2342,user2342,regular,no attack,false positive
infrastructure,trace,2342,user2342,regular,no attack,false positive
infrastructure,metric,5705,user5705,malicious,attack 2,false positive
infrastructure,log,5705,user5705,malicious,attack 2,false positive
infrastructure,trace,5705,user5705,malicious,attack 2,true positive
business,metric,9566,user9566,regular,no attack,false positive
business,log,9566,user9566,regular,no attack,false positive
business,trace,9566,user9566,regular,no attack,false positive
infrastructure,metric,7932,user7932,regular,no attack,false positive
infrastructure,log,7932,user7932,regular,no attack,false positive
infrastructure,trace,7932,user7932,regular,no attack,false positive
business,metric,3316,user3316,malicious,attack 2,false positive
business,log,3316,user3316,malicious,attack 2,false positive
business,trace,3316,user3316,malicious,attack 2,true positive
infrastructure,metric,8368,user8368,regular,no attack,false positive
infrastructure,log,8368,user8368,regular,no attack,false positive
infrastructure,trace,8368,user8368,regular,no attack,false positive
business,metric,4136,user4136,regular,no attack,false positive
business,log,4136,user4136,regular,no attack,false positive
business,trace,4136,user4136,regular,no attack,false positive
infrastructure,metric,1223,user1223,malicious,attack 1,false positive
infrastructure,log,1223,user1223,malicious,attack 1,true positive
infrastructure,trace,1223,user1223,malicious,attack 1,false positive
business,metric,8216,user8216,malicious,attack 2,false positive
business,log,8216,user8216,malicious,attack 2,false positive
business,trace,8216,user8216,malicious,attack 2,true positive
infrastructure,metric,6861,user6861,regular,no attack,false positive
infrastructure,log,6861,user6861,regular,no attack,false positive
infrastructure,trace,6861,user6861,regular,no attack,false positive
infrastructure,metric,2663,user2663,malicious,attack 1,false positive
infrastructure,log,2663,user2663,malicious,attack 1,true positive
infrastructure,trace,2663,user2663,malicious,attack 1,false positive
business,metric,4532,user4532,malicious,attack 2,false positive
business,log,4532,user4532,malicious,attack 2,false positive
business,trace,4532,user4532,malicious,attack 2,true positive
infrastructure,metric,5843,user5843,malicious,attack 1,false positive
infrastructure,log,5843,user5843,malicious,attack 1,true positive
infrastructure,trace,5843,user5843,malicious,attack 1,false positive
business,metric,6664,user6664,regular,no attack,false positive
business,log,6664,user6664,regular,no attack,false positive
business,trace,6664,user6664,regular,no attack,false positive
infrastructure,metric,1110,user1110,malicious,attack 2,false positive
infrastructure,log,1110,user1110,malicious,attack 2,false positive
infrastructure,trace,1110,user1110,malicious,attack 2,true positive
infrastructure,metric,9956,user9956,malicious,attack 2,false positive
infrastructure,log,9956,user9956,malicious,attack 2,false positive
infrastructure,trace,9956,user9956,malicious,attack 2,true positive
business,metric,8672,user8672,malicious,attack 1,false positive
business,log,8672,user8672,malicious,attack 1,true positive
business,trace,8672,user8672,malicious,attack 1,false positive
infrastructure,metric,2128,user2128,regular,no attack,false positive
infrastructure,log,2128,user2128,regular,no attack,false positive
infrastructure,trace,2128,user2128,regular,no attack,false positive
infrastructure,metric,9284,user9284,malicious,attack 2,false positive
infrastructure,log,9284,user9284,malicious,attack 2,false positive
infrastructure,trace,9284,user9284,malicious,attack 2,true positive
infrastructure,metric,1567,user1567,malicious,attack 1,false positive
infrastructure,log,1567,user1567,malicious,attack 1,true positive
infrastructure,trace,1567,user1567,malicious,attack 1,false positive
business,metric,9242,user9242,regular,no attack,false positive
business,log,9242,user9242,regular,no attack,false positive
business,trace,9242,user9242,regular,no attack,false positive
infrastructure,metric,7330,user7330,regular,no attack,false positive
infrastructure,log,7330,user7330,regular,no attack,false positive
infrastructure,trace,7330,user7330,regular,no attack,false positive
business,metric,6526,user6526,malicious,attack 2,false positive
business,log,6526,user6526,malicious,attack 2,false positive
business,trace,6526,user6526,malicious,attack 2,true positive
infrastructure,metric,2886,user2886,malicious,attack 2,false positive
infrastructure,log,2886,user2886,malicious,attack 2,false positive
infrastructure,trace,2886,user2886,malicious,attack 2,true positive
business,metric,6691,user6691,malicious,attack 2,false positive
business,log,6691,user6691,malicious,attack 2,false positive
business,trace,6691,user6691,malicious,attack 2,true positive
infrastructure,metric,986,user986,malicious,attack 1,false positive
infrastructure,log,986,user986,malicious,attack 1,true positive
infrastructure,trace,986,user986,malicious,attack 1,false positive
business,metric,1213,user1213,malicious,attack 2,false positive
business,log,1213,user1213,malicious,attack 2,false positive
business,trace,1213,user1213,malicious,attack 2,true positive
business,metric,3156,user3156,malicious,attack 1,false positive
business,log,3156,user3156,malicious,attack 1,true positive
business,trace,3156,user3156,malicious,attack 1,false positive
business,metric,8557,user8557,malicious,attack 2,false positive
business,log,8557,user8557,malicious,attack 2,false positive
business,trace,8557,user8557,malicious,attack 2,true positive
business,metric,2808,user2808,malicious,attack 1,false positive
business,log,2808,user2808,malicious,attack 1,true positive
business,trace,2808,user2808,malicious,attack 1,false positive
infrastructure,metric,8594,user8594,malicious,attack 2,false positive
infrastructure,log,8594,user8594,malicious,attack 2,false positive
infrastructure,trace,8594,user8594,malicious,attack 2,true positive
business,metric,9977,user9977,regular,no attack,false positive
business,log,9977,user9977,regular,no attack,false positive
business,trace,9977,user9977,regular,no attack,false positive
business,metric,1778,user1778,malicious,attack 1,false positive
business,log,1778,user1778,malicious,attack 1,true positive
business,trace,1778,user1778,malicious,attack 1,false positive
business,metric,3233,user3233,malicious,attack 2,false positive
business,log,3233,user3233,malicious,attack 2,false positive
business,trace,3233,user3233,malicious,attack 2,true positive
infrastructure,metric,1937,user1937,malicious,attack 2,false positive
infrastructure,log,1937,user1937,malicious,attack 2,false positive
infrastructure,trace,1937,user1937,malicious,attack 2,true positive
infrastructure,metric,30,user30,regular,no attack,false positive
infrastructure,log,30,user30,regular,no attack,false positive
infrastructure,trace,30,user30,regular,no attack,false positive
infrastructure,metric,212,user212,malicious,attack 2,false positive
infrastructure,log,212,user212,malicious,attack 2,false positive
infrastructure,trace,212,user212,malicious,attack 2,true positive
business,metric,8790,user8790,malicious,attack 1,false positive
business,log,8790,user8790,malicious,attack 1,true positive
business,trace,8790,user8790,malicious,attack 1,false positive
infrastructure,metric,3141,user3141,malicious,attack 2,false positive
infrastructure,log,3141,user3141,malicious,attack 2,false positive
infrastructure,trace,3141,user3141,malicious,attack 2,true positive
infrastructure,metric,980,user980,regular,no attack,false positive
infrastructure,log,980,user980,regular,no attack,false positive
infrastructure,trace,980,user980,regular,no attack,false positive
business,metric,9423,user9423,malicious,attack 2,false positive
business,log,9423,user9423,malicious,attack 2,false positive
business,trace,9423,user9423,malicious,attack 2,true positive
infrastructure,metric,9204,user9204,malicious,attack 1,false positive
infrastructure,log,9204,user9204,malicious,attack 1,true positive
infrastructure,trace,9204,user9204,malicious,attack 1,false positive
infrastructure,metric,4330,user4330,malicious,attack 2,false positive
infrastructure,log,4330,user4330,malicious,attack 2,false positive
infrastructure,trace,4330,user4330,malicious,attack 2,true positive
infrastructure,metric,2772,user2772,regular,no attack,false positive
infrastructure,log,2772,user2772,regular,no attack,false positive
infrastructure,trace,2772,user2772,regular,no attack,false positive
infrastructure,metric,1584,user1584,malicious,attack 1,false positive
infrastructure,log,1584,user1584,malicious,attack 1,true positive
infrastructure,trace,1584,user1584,malicious,attack 1,false positive
business,metric,6112,user6112,malicious,attack 1,false positive
business,log,6112,user6112,malicious,attack 1,true positive
business,trace,6112,user6112,malicious,attack 1,false positive
business,metric,1576,user1576,regular,no attack,false positive
business,log,1576,user1576,regular,no attack,false positive
business,trace,1576,user1576,regular,no attack,false positive
business,metric,7598,user7598,malicious,attack 2,false positive
business,log,7598,user7598,malicious,attack 2,false positive
business,trace,7598,user7598,malicious,attack 2,true positive
business,metric,6880,user6880,malicious,attack 2,false positive
business,log,6880,user6880,malicious,attack 2,false positive
business,trace,6880,user6880,malicious,attack 2,true positive
business,metric,4063,user4063,malicious,attack 2,false positive
business,log,4063,user4063,malicious,attack 2,false positive
business,trace,4063,user4063,malicious,attack 2,true positive
infrastructure,metric,1636,user1636,regular,no attack,false positive
infrastructure,log,1636,user1636,regular,no attack,false positive
infrastructure,trace,1636,user1636,regular,no attack,false positive
business,metric,3384,user3384,regular,no attack,false positive
business,log,3384,user3384,regular,no attack,false positive
business,trace,3384,user3384,regular,no attack,false positive
infrastructure,metric,2634,user2634,malicious,attack 2,false positive
infrastructure,log,2634,user2634,malicious,attack 2,false positive
infrastructure,trace,2634,user2634,malicious,attack 2,true positive
infrastructure,metric,481,user481,malicious,attack 1,false positive
infrastructure,log,481,user481,malicious,attack 1,true positive
infrastructure,trace,481,user481,malicious,attack 1,false positive
infrastructure,metric,9800,user9800,regular,no attack,false positive
infrastructure,log,9800,user9800,regular,no attack,false positive
infrastructure,trace,9800,user9800,regular,no attack,false positive
business,metric,6165,user6165,malicious,attack 1,false positive
business,log,6165,user6165,malicious,attack 1,true positive
business,trace,6165,user6165,malicious,attack 1,false positive
infrastructure,metric,3572,user3572,malicious,attack 2,false positive
infrastructure,log,3572,user3572,malicious,attack 2,false positive
infrastructure,trace,3572,user3572,malicious,attack 2,true positive
infrastructure,metric,8449,user8449,regular,no attack,false positive
infrastructure,log,8449,user8449,regular,no attack,false positive
infrastructure,trace,8449,user8449,regular,no attack,false positive
business,metric,2190,user2190,malicious,attack 2,false positive
business,log,2190,user2190,malicious,attack 2,false positive
business,trace,2190,user2190,malicious,attack 2,true positive
business,metric,9904,user9904,malicious,attack 1,false positive
business,log,9904,user9904,malicious,attack 1,true positive
business,trace,9904,user9904,malicious,attack 1,false positive
infrastructure,metric,2469,user2469,regular,no attack,false positive
infrastructure,log,2469,user2469,regular,no attack,false positive
infrastructure,trace,2469,user2469,regular,no attack,false positive
infrastructure,metric,7813,user7813,regular,no attack,false positive
infrastructure,log,7813,user7813,regular,no attack,false positive
infrastructure,trace,7813,user7813,regular,no attack,false positive
business,metric,7126,user7126,malicious,attack 1,false positive
business,log,7126,user7126,malicious,attack 1,true positive
business,trace,7126,user7126,malicious,attack 1,false positive
infrastructure,metric,9189,user9189,regular,no attack,false positive
infrastructure,log,9189,user9189,regular,no attack,false positive
infrastructure,trace,9189,user9189,regular,no attack,false positive
infrastructure,metric,4646,user4646,malicious,attack 1,false positive
infrastructure,log,4646,user4646,malicious,attack 1,true positive
infrastructure,trace,4646,user4646,malicious,attack 1,false positive
infrastructure,metric,3488,user3488,malicious,attack 1,false positive
infrastructure,log,3488,user3488,malicious,attack 1,true positive
infrastructure,trace,3488,user3488,malicious,attack 1,false positive
business,metric,1650,user1650,malicious,attack 1,false positive
business,log,1650,user1650,malicious,attack 1,true positive
business,trace,1650,user1650,malicious,attack 1,false positive
business,metric,9801,user9801,malicious,attack 2,false positive
business,log,9801,user9801,malicious,attack 2,false positive
business,trace,9801,user9801,malicious,attack 2,true positive
infrastructure,metric,6028,user6028,malicious,attack 2,false positive
infrastructure,log,6028,user6028,malicious,attack 2,false positive
infrastructure,trace,6028,user6028,malicious,attack 2,true positive
infrastructure,metric,4720,user4720,malicious,attack 1,false positive
infrastructure,log,4720,user4720,malicious,attack 1,true positive
infrastructure,trace,4720,user4720,malicious,attack 1,false positive
business,metric,6165,user6165,malicious,attack 2,false positive
business,log,6165,user6165,malicious,attack 2,false positive
business,trace,6165,user6165,malicious,attack 2,true positive
infrastructure,metric,4066,user4066,regular,no attack,false positive
infrastructure,log,4066,user4066,regular,no attack,false positive
infrastructure,trace,4066,user4066,regular,no attack,false positive
business,metric,1575,user1575,malicious,attack 1,false positive
business,log,1575,user1575,malicious,attack 1,true positive
business,trace,1575,user1575,malicious,attack 1,false positive
infrastructure,metric,337,user337,malicious,attack 2,false positive
infrastructure,log,337,user337,malicious,attack 2,false positive
infrastructure,trace,337,user337,malicious,attack 2,true positive
infrastructure,metric,3867,user3867,malicious,attack 1,false positive
infrastructure,log,3867,user3867,malicious,attack 1,true positive
infrastructure,trace,3867,user3867,malicious,attack 1,false positive
infrastructure,metric,990,user990,regular,no attack,false positive
infrastructure,log,990,user990,regular,no attack,false positive
infrastructure,trace,990,user990,regular,no attack,false positive
business,metric,5416,user5416,malicious,attack 2,false positive
business,log,5416,user5416,malicious,attack 2,false positive
business,trace,5416,user5416,malicious,attack 2,true positive
business,metric,9912,user9912,malicious,attack 2,false positive
business,log,9912,user9912,malicious,attack 2,false positive
business,trace,9912,user9912,malicious,attack 2,true positive
infrastructure,metric,5002,user5002,malicious,attack 2,false positive
infrastructure,log,5002,user5002,malicious,attack 2,false positive
infrastructure,trace,5002,user5002,malicious,attack 2,true positive
business,metric,4235,user4235,malicious,attack 1,false positive
business,log,4235,user4235,malicious,attack 1,true positive
business,trace,4235,user4235,malicious,attack 1,false positive
business,metric,1572,user1572,malicious,attack 1,false positive
business,log,1572,user1572,malicious,attack 1,true positive
business,trace,1572,user1572,malicious,attack 1,false positive
business,metric,601,user601,malicious,attack 1,false positive
business,log,601,user601,malicious,attack 1,true positive
business,trace,601,user601,malicious,attack 1,false positive
infrastructure,metric,9225,user9225,malicious,attack 2,false positive
infrastructure,log,9225,user9225,malicious,attack 2,false positive
infrastructure,trace,9225,user9225,malicious,attack 2,true positive
infrastructure,metric,901,user901,malicious,attack 2,false positive
infrastructure,log,901,user901,malicious,attack 2,false positive
infrastructure,trace,901,user901,malicious,attack 2,true positive
infrastructure,metric,7406,user7406,regular,no attack,false positive
infrastructure,log,7406,user7406,regular,no attack,false positive
infrastructure,trace,7406,user7406,regular,no attack,false positive
business,metric,873,user873,regular,no attack,false positive
business,log,873,user873,regular,no attack,false positive
business,trace,873,user873,regular,no attack,false positive
infrastructure,metric,7808,user7808,malicious,attack 2,false positive
infrastructure,log,7808,user7808,malicious,attack 2,false positive
infrastructure,trace,7808,user7808,malicious,attack 2,true positive
infrastructure,metric,1235,user1235,malicious,attack 2,false positive
infrastructure,log,1235,user1235,malicious,attack 2,false positive
infrastructure,trace,1235,user1235,malicious,attack 2,true positive
infrastructure,metric,8644,user8644,malicious,attack 2,false positive
infrastructure,log,8644,user8644,malicious,attack 2,false positive
infrastructure,trace,8644,user8644,malicious,attack 2,true positive
infrastructure,metric,6974,user6974,malicious,attack 1,false positive
infrastructure,log,6974,user6974,malicious,attack 1,true positive
infrastructure,trace,6974,user6974,malicious,attack 1,false positive
infrastructure,metric,5475,user5475,regular,no attack,false positive
infrastructure,log,5475,user5475,regular,no attack,false positive
infrastructure,trace,5475,user5475,regular,no attack,false positive
infrastructure,metric,9109,user9109,malicious,attack 1,false positive
infrastructure,log,9109,user9109,malicious,attack 1,true positive
infrastructure,trace,9109,user9109,malicious,attack 1,false positive
infrastructure,metric,3774,user3774,regular,no attack,false positive
infrastructure,log,3774,user3774,regular,no attack,false positive
infrastructure,trace,3774,user3774,regular,no attack,false positive
business,metric,5054,user5054,malicious,attack 2,false positive
business,log,5054,user5054,malicious,attack 2,false positive
business,trace,5054,user5054,malicious,attack 2,true positive
infrastructure,metric,8235,user8235,malicious,attack 2,false positive
infrastructure,log,8235,user8235,malicious,attack 2,false positive
infrastructure,trace,8235,user8235,malicious,attack 2,true positive
infrastructure,metric,1566,user1566,malicious,attack 1,false positive
infrastructure,log,1566,user1566,malicious,attack 1,true positive
infrastructure,trace,1566,user1566,malicious,attack 1,false positive
infrastructure,metric,7982,user7982,malicious,attack 2,false positive
infrastructure,log,7982,user7982,malicious,attack 2,false positive
infrastructure,trace,7982,user7982,malicious,attack 2,true positive
infrastructure,metric,4623,user4623,malicious,attack 2,false positive
infrastructure,log,4623,user4623,malicious,attack 2,false positive
infrastructure,trace,4623,user4623,malicious,attack 2,true positive
infrastructure,metric,3343,user3343,regular,no attack,false positive
infrastructure,log,3343,user3343,regular,no attack,false positive
infrastructure,trace,3343,user3343,regular,no attack,false positive
business,metric,8978,user8978,malicious,attack 2,false positive
business,log,8978,user8978,malicious,attack 2,false positive
business,trace,8978,user8978,malicious,attack 2,true positive
infrastructure,metric,7175,user7175,malicious,attack 2,false positive
infrastructure,log,7175,user7175,malicious,attack 2,false positive
infrastructure,trace,7175,user7175,malicious,attack 2,true positive
infrastructure,metric,8018,user8018,regular,no attack,false positive
infrastructure,log,8018,user8018,regular,no attack,false positive
infrastructure,trace,8018,user8018,regular,no attack,false positive
business,metric,509,user509,malicious,attack 1,false positive
business,log,509,user509,malicious,attack 1,true positive
business,trace,509,user509,malicious,attack 1,false positive
infrastructure,metric,4351,user4351,malicious,attack 2,false positive
infrastructure,log,4351,user4351,malicious,attack 2,false positive
infrastructure,trace,4351,user4351,malicious,attack 2,true positive
infrastructure,metric,1575,user1575,malicious,attack 1,false positive
infrastructure,log,1575,user1575,malicious,attack 1,true positive
infrastructure,trace,1575,user1575,malicious,attack 1,false positive
business,metric,5425,user5425,malicious,attack 2,false positive
business,log,5425,user5425,malicious,attack 2,false positive
business,trace,5425,user5425,malicious,attack 2,true positive
infrastructure,metric,5257,user5257,malicious,attack 2,false positive
infrastructure,log,5257,user5257,malicious,attack 2,false positive
infrastructure,trace,5257,user5257,malicious,attack 2,true positive
business,metric,7472,user7472,malicious,attack 2,false positive
business,log,7472,user7472,malicious,attack 2,false positive
business,trace,7472,user7472,malicious,attack 2,true positive
infrastructure,metric,6264,user6264,malicious,attack 2,false positive
infrastructure,log,6264,user6264,malicious,attack 2,false positive
infrastructure,trace,6264,user6264,malicious,attack 2,true positive
infrastructure,metric,9845,user9845,malicious,attack 1,false positive
infrastructure,log,9845,user9845,malicious,attack 1,true positive
infrastructure,trace,9845,user9845,malicious,attack 1,false positive
business,metric,763,user763,malicious,attack 2,false positive
business,log,763,user763,malicious,attack 2,false positive
business,trace,763,user763,malicious,attack 2,true positive
infrastructure,metric,3175,user3175,regular,no attack,false positive
infrastructure,log,3175,user3175,regular,no attack,false positive
infrastructure,trace,3175,user3175,regular,no attack,false positive
business,metric,4317,user4317,malicious,attack 2,false positive
business,log,4317,user4317,malicious,attack 2,false positive
business,trace,4317,user4317,malicious,attack 2,true positive
infrastructure,metric,824,user824,malicious,attack 2,false positive
infrastructure,log,824,user824,malicious,attack 2,false positive
infrastructure,trace,824,user824,malicious,attack 2,true positive
business,metric,6060,user6060,malicious,attack 1,false positive
business,log,6060,user6060,malicious,attack 1,true positive
business,trace,6060,user6060,malicious,attack 1,false positive
business,metric,6554,user6554,regular,no attack,false positive
business,log,6554,user6554,regular,no attack,false positive
business,trace,6554,user6554,regular,no attack,false positive
infrastructure,metric,2784,user2784,malicious,attack 1,false positive
infrastructure,log,2784,user2784,malicious,attack 1,true positive
infrastructure,trace,2784,user2784,malicious,attack 1,false positive
infrastructure,metric,5428,user5428,malicious,attack 1,false positive
infrastructure,log,5428,user5428,malicious,attack 1,true positive
infrastructure,trace,5428,user5428,malicious,attack 1,false positive
business,metric,7457,user7457,malicious,attack 2,false positive
business,log,7457,user7457,malicious,attack 2,false positive
business,trace,7457,user7457,malicious,attack 2,true positive
business,metric,7309,user7309,malicious,attack 2,false positive
business,log,7309,user7309,malicious,attack 2,false positive
business,trace,7309,user7309,malicious,attack 2,true positive
infrastructure,metric,1920,user1920,malicious,attack 1,false positive
infrastructure,log,1920,user1920,malicious,attack 1,true positive
infrastructure,trace,1920,user1920,malicious,attack 1,false positive
business,metric,3025,user3025,malicious,attack 1,false positive
business,log,3025,user3025,malicious,attack 1,true positive
business,trace,3025,user3025,malicious,attack 1,false positive
business,metric,1031,user1031,malicious,attack 2,false positive
business,log,1031,user1031,malicious,attack 2,false positive
business,trace,1031,user1031,malicious,attack 2,true positive
infrastructure,metric,1645,user1645,regular,no attack,false positive
infrastructure,log,1645,user1645,regular,no attack,false positive
infrastructure,trace,1645,user1645,regular,no attack,false positive
infrastructure,metric,6840,user6840,malicious,attack 2,false positive
infrastructure,log,6840,user6840,malicious,attack 2,false positive
infrastructure,trace,6840,user6840,malicious,attack 2,true positive
infrastructure,metric,4765,user4765,malicious,attack 2,false positive
infrastructure,log,4765,user4765,malicious,attack 2,false positive
infrastructure,trace,4765,user4765,malicious,attack 2,true positive
infrastructure,metric,2036,user2036,malicious,attack 1,false positive
infrastructure,log,2036,user2036,malicious,attack 1,true positive
infrastructure,trace,2036,user2036,malicious,attack 1,false positive
infrastructure,metric,2624,user2624,malicious,attack 2,false positive
infrastructure,log,2624,user2624,malicious,attack 2,false positive
infrastructure,trace,2624,user2624,malicious,attack 2,true positive
infrastructure,metric,6352,user6352,malicious,attack 1,false positive
infrastructure,log,6352,user6352,malicious,attack 1,true positive
infrastructure,trace,6352,user6352,malicious,attack 1,false positive
business,metric,7606,user7606,regular,no attack,false positive
business,log,7606,user7606,regular,no attack,false positive
business,trace,7606,user7606,regular,no attack,false positive
business,metric,4498,user4498,regular,no attack,false positive
business,log,4498,user4498,regular,no attack,false positive
business,trace,4498,user4498,regular,no attack,false positive
business,metric,8397,user8397,malicious,attack 1,false positive
business,log,8397,user8397,malicious,attack 1,true positive
business,trace,8397,user8397,malicious,attack 1,false positive
infrastructure,metric,3991,user3991,malicious,attack 1,false positive
infrastructure,log,3991,user3991,malicious,attack 1,true positive
infrastructure,trace,3991,user3991,malicious,attack 1,false positive
business,metric,4168,user4168,regular,no attack,false positive
business,log,4168,user4168,regular,no attack,false positive
business,trace,4168,user4168,regular,no attack,false positive
business,metric,7850,user7850,malicious,attack 2,false positive
business,log,7850,user7850,malicious,attack 2,false positive
business,trace,7850,user7850,malicious,attack 2,true positive
infrastructure,metric,2898,user2898,malicious,attack 1,false positive
infrastructure,log,2898,user2898,malicious,attack 1,true positive
infrastructure,trace,2898,user2898,malicious,attack 1,false positive
business,metric,1810,user1810,malicious,attack 2,false positive
business,log,1810,user1810,malicious,attack 2,false positive
business,trace,1810,user1810,malicious,attack 2,true positive
business,metric,5490,user5490,malicious,attack 1,false positive
business,log,5490,user5490,malicious,attack 1,true positive
business,trace,5490,user5490,malicious,attack 1,false positive
business,metric,4152,user4152,malicious,attack 1,false positive
business,log,4152,user4152,malicious,attack 1,true positive
business,trace,4152,user4152,malicious,attack 1,false positive
infrastructure,metric,8503,user8503,regular,no attack,false positive
infrastructure,log,8503,user8503,regular,no attack,false positive
infrastructure,trace,8503,user8503,regular,no attack,false positive
business,metric,6703,user6703,malicious,attack 1,false positive
business,log,6703,user6703,malicious,attack 1,true positive
business,trace,6703,user6703,malicious,attack 1,false positive
business,metric,5540,user5540,regular,no attack,false positive
business,log,5540,user5540,regular,no attack,false positive
business,trace,5540,user5540,regular,no attack,false positive
business,metric,8835,user8835,regular,no attack,false positive
business,log,8835,user8835,regular,no attack,false positive
business,trace,8835,user8835,regular,no attack,false positive
infrastructure,metric,2382,user2382,malicious,attack 1,false positive
infrastructure,log,2382,user2382,malicious,attack 1,true positive
infrastructure,trace,2382,user2382,malicious,attack 1,false positive
business,metric,6145,user6145,malicious,attack 2,false positive
business,log,6145,user6145,malicious,attack 2,false positive
business,trace,6145,user6145,malicious,attack 2,true positive
infrastructure,metric,4790,user4790,regular,no attack,false positive
infrastructure,log,4790,user4790,regular,no attack,false positive
infrastructure,trace,4790,user4790,regular,no attack,false positive
infrastructure,metric,6605,user6605,regular,no attack,false positive
infrastructure,log,6605,user6605,regular,no attack,false positive
infrastructure,trace,6605,user6605,regular,no attack,false positive
infrastructure,metric,7672,user7672,regular,no attack,false positive
infrastructure,log,7672,user7672,regular,no attack,false positive
infrastructure,trace,7672,user7672,regular,no attack,false positive
infrastructure,metric,2193,user2193,regular,no attack,false positive
infrastructure,log,2193,user2193,regular,no attack,false positive
infrastructure,trace,2193,user2193,regular,no attack,false positive
infrastructure,metric,5444,user5444,malicious,attack 1,false positive
infrastructure,log,5444,user5444,malicious,attack 1,true positive
infrastructure,trace,5444,user5444,malicious,attack 1,false positive
business,metric,5847,user5847,malicious,attack 1,false positive
business,log,5847,user5847,malicious,attack 1,true positive
business,trace,5847,user5847,malicious,attack 1,false positive
business,metric,808,user808,malicious,attack 1,false positive
business,log,808,user808,malicious,attack 1,true positive
business,trace,808,user808,malicious,attack 1,false positive
infrastructure,metric,2773,user2773,malicious,attack 2,false positive
infrastructure,log,2773,user2773,malicious,attack 2,false positive
infrastructure,trace,2773,user2773,malicious,attack 2,true positive
infrastructure,metric,7743,user7743,regular,no attack,false positive
infrastructure,log,7743,user7743,regular,no attack,false positive
infrastructure,trace,7743,user7743,regular,no attack,false positive
business,metric,5973,user5973,malicious,attack 1,false positive
business,log,5973,user5973,malicious,attack 1,true positive
business,trace,5973,user5973,malicious,attack 1,false positive
infrastructure,metric,3274,user3274,malicious,attack 1,false positive
infrastructure,log,3274,user3274,malicious,attack 1,true positive
infrastructure,trace,3274,user3274,malicious,attack 1,false positive
infrastructure,metric,4048,user4048,malicious,attack 1,false positive
infrastructure,log,4048,user4048,malicious,attack 1,true positive
infrastructure,trace,4048,user4048,malicious,attack 1,false positive
infrastructure,metric,6078,user6078,regular,no attack,false positive
infrastructure,log,6078,user6078,regular,no attack,false positive
infrastructure,trace,6078,user6078,regular,no attack,false positive
business,metric,6132,user6132,malicious,attack 1,false positive
business,log,6132,user6132,malicious,attack 1,true positive
business,trace,6132,user6132,malicious,attack 1,false positive
business,metric,4601,user4601,malicious,attack 2,false positive
business,log,4601,user4601,malicious,attack 2,false positive
business,trace,4601,user4601,malicious,attack 2,true positive
infrastructure,metric,4534,user4534,malicious,attack 2,false positive
infrastructure,log,4534,user4534,malicious,attack 2,false positive
infrastructure,trace,4534,user4534,malicious,attack 2,true positive
business,metric,6029,user6029,malicious,attack 2,false positive
business,log,6029,user6029,malicious,attack 2,false positive
business,trace,6029,user6029,malicious,attack 2,true positive
business,metric,6262,user6262,malicious,attack 2,false positive
business,log,6262,user6262,malicious,attack 2,false positive
business,trace,6262,user6262,malicious,attack 2,true positive
infrastructure,metric,8330,user8330,malicious,attack 2,false positive
infrastructure,log,8330,user8330,malicious,attack 2,false positive
infrastructure,trace,8330,user8330,malicious,attack 2,true positive
business,metric,1882,user1882,malicious,attack 2,false positive
business,log,1882,user1882,malicious,attack 2,false positive
business,trace,1882,user1882,malicious,attack 2,true positive
business,metric,1346,user1346,regular,no attack,false positive
business,log,1346,user1346,regular,no attack,false positive
business,trace,1346,user1346,regular,no attack,false positive
business,metric,1437,user1437,malicious,attack 2,false positive
business,log,1437,user1437,malicious,attack 2,false positive
business,trace,1437,user1437,malicious,attack 2,true positive
infrastructure,metric,3794,user3794,malicious,attack 1,false positive
infrastructure,log,3794,user3794,malicious,attack 1,true positive
infrastructure,trace,3794,user3794,malicious,attack 1,false positive
infrastructure,metric,5187,user5187,regular,no attack,false positive
infrastructure,log,5187,user5187,regular,no attack,false positive
infrastructure,trace,5187,user5187,regular,no attack,false positive
infrastructure,metric,1809,user1809,regular,no attack,false positive
infrastructure,log,1809,user1809,regular,no attack,false positive
infrastructure,trace,1809,user1809,regular,no attack,false positive
business,metric,6581,user6581,regular,no attack,false positive
business,log,6581,user6581,regular,no attack,false positive
business,trace,6581,user6581,regular,no attack,false positive
infrastructure,metric,8230,user8230,malicious,attack 1,false positive
infrastructure,log,8230,user8230,malicious,attack 1,true positive
infrastructure,trace,8230,user8230,malicious,attack 1,false positive
infrastructure,metric,7634,user7634,regular,no attack,false positive
infrastructure,log,7634,user7634,regular,no attack,false positive
infrastructure,trace,7634,user7634,regular,no attack,false positive
infrastructure,metric,5300,user5300,regular,no attack,false positive
infrastructure,log,5300,user5300,regular,no attack,false positive
infrastructure,trace,5300,user5300,regular,no attack,false positive
infrastructure,metric,1941,user1941,malicious,attack 2,false positive
infrastructure,log,1941,user1941,malicious,attack 2,false positive
infrastructure,trace,1941,user1941,malicious,attack 2,true positive
business,metric,4705,user4705,malicious,attack 2,false positive
business,log,4705,user4705,malicious,attack 2,false positive
business,trace,4705,user4705,malicious,attack 2,true positive
infrastructure,metric,6845,user6845,malicious,attack 2,false positive
infrastructure,log,6845,user6845,malicious,attack 2,false positive
infrastructure,trace,6845,user6845,malicious,attack 2,true positive
business,metric,5423,user5423,malicious,attack 1,false positive
business,log,5423,user5423,malicious,attack 1,true positive
business,trace,5423,user5423,malicious,attack 1,false positive
business,metric,2768,user2768,malicious,attack 1,false positive
business,log,2768,user2768,malicious,attack 1,true positive
business,trace,2768,user2768,malicious,attack 1,false positive
infrastructure,metric,1106,user1106,malicious,attack 1,false positive
infrastructure,log,1106,user1106,malicious,attack 1,true positive
infrastructure,trace,1106,user1106,malicious,attack 1,false positive
business,metric,9292,user9292,malicious,attack 2,false positive
business,log,9292,user9292,malicious,attack 2,false positive
business,trace,9292,user9292,malicious,attack 2,true positive
business,metric,633,user633,regular,no attack,false positive
business,log,633,user633,regular,no attack,false positive
business,trace,633,user633,regular,no attack,false positive
infrastructure,metric,2431,user2431,regular,no attack,false positive
infrastructure,log,2431,user2431,regular,no attack,false positive
infrastructure,trace,2431,user2431,regular,no attack,false positive
infrastructure,metric,137,user137,malicious,attack 2,false positive
infrastructure,log,137,user137,malicious,attack 2,false positive
infrastructure,trace,137,user137,malicious,attack 2,true positive
business,metric,7914,user7914,malicious,attack 2,false positive
business,log,7914,user7914,malicious,attack 2,false positive
business,trace,7914,user7914,malicious,attack 2,true positive
business,metric,510,user510,malicious,attack 2,false positive
business,log,510,user510,malicious,attack 2,false positive
business,trace,510,user510,malicious,attack 2,true positive
infrastructure,metric,4143,user4143,regular,no attack,false positive
infrastructure,log,4143,user4143,regular,no attack,false positive
infrastructure,trace,4143,user4143,regular,no attack,false positive
business,metric,6803,user6803,regular,no attack,false positive
business,log,6803,user6803,regular,no attack,false positive
business,trace,6803,user6803,regular,no attack,false positive
business,metric,3910,user3910,malicious,attack 1,false positive
business,log,3910,user3910,malicious,attack 1,true positive
business,trace,3910,user3910,malicious,attack 1,false positive
infrastructure,metric,6535,user6535,malicious,attack 2,false positive
infrastructure,log,6535,user6535,malicious,attack 2,false positive
infrastructure,trace,6535,user6535,malicious,attack 2,true positive
infrastructure,metric,4337,user4337,malicious,attack 2,false positive
infrastructure,log,4337,user4337,malicious,attack 2,false positive
infrastructure,trace,4337,user4337,malicious,attack 2,true positive
business,metric,7315,user7315,malicious,attack 1,false positive
business,log,7315,user7315,malicious,attack 1,true positive
business,trace,7315,user7315,malicious,attack 1,false positive
business,metric,3781,user3781,malicious,attack 1,false positive
business,log,3781,user3781,malicious,attack 1,true positive
business,trace,3781,user3781,malicious,attack 1,false positive
business,metric,451,user451,malicious,attack 2,false positive
business,log,451,user451,malicious,attack 2,false positive
business,trace,451,user451,malicious,attack 2,true positive
business,metric,3080,user3080,malicious,attack 1,false positive
business,log,3080,user3080,malicious,attack 1,true positive
business,trace,3080,user3080,malicious,attack 1,false positive
infrastructure,metric,7489,user7489,regular,no attack,false positive
infrastructure,log,7489,user7489,regular,no attack,false positive
infrastructure,trace,7489,user7489,regular,no attack,false positive
business,metric,2486,user2486,regular,no attack,false positive
business,log,2486,user2486,regular,no attack,false positive
business,trace,2486,user2486,regular,no attack,false positive
infrastructure,metric,779,user779,regular,no attack,false positive
infrastructure,log,779,user779,regular,no attack,false positive
infrastructure,trace,779,user779,regular,no attack,false positive
business,metric,9997,user9997,regular,no attack,false positive
business,log,9997,user9997,regular,no attack,false positive
business,trace,9997,user9997,regular,no attack,false positive
business,metric,3639,user3639,malicious,attack 1,false positive
business,log,3639,user3639,malicious,attack 1,true positive
business,trace,3639,user3639,malicious,attack 1,false positive
infrastructure,metric,6352,user6352,malicious,attack 1,false positive
infrastructure,log,6352,user6352,malicious,attack 1,true positive
infrastructure,trace,6352,user6352,malicious,attack 1,false positive
infrastructure,metric,9833,user9833,malicious,attack 2,false positive
infrastructure,log,9833,user9833,malicious,attack 2,false positive
infrastructure,trace,9833,user9833,malicious,attack 2,true positive
infrastructure,metric,2000,user2000,malicious,attack 2,false positive
infrastructure,log,2000,user2000,malicious,attack 2,false positive
infrastructure,trace,2000,user2000,malicious,attack 2,true positive
business,metric,4883,user4883,malicious,attack 1,false positive
business,log,4883,user4883,malicious,attack 1,true positive
business,trace,4883,user4883,malicious,attack 1,false positive
infrastructure,metric,9152,user9152,malicious,attack 1,false positive
infrastructure,log,9152,user9152,malicious,attack 1,true positive
infrastructure,trace,9152,user9152,malicious,attack 1,false positive
business,metric,2036,user2036,malicious,attack 1,false positive
business,log,2036,user2036,malicious,attack 1,true positive
business,trace,2036,user2036,malicious,attack 1,false positive
infrastructure,metric,1780,user1780,regular,no attack,false positive
infrastructure,log,1780,user1780,regular,no attack,false positive
infrastructure,trace,1780,user1780,regular,no attack,false positive
business,metric,3001,user3001,regular,no attack,false positive
business,log,3001,user3001,regular,no attack,false positive
business,trace,3001,user3001,regular,no attack,false positive
business,metric,3437,user3437,malicious,attack 2,false positive
business,log,3437,user3437,malicious,attack 2,false positive
business,trace,3437,user3437,malicious,attack 2,true positive
infrastructure,metric,7385,user7385,regular,no attack,false positive
infrastructure,log,7385,user7385,regular,no attack,false positive
infrastructure,trace,7385,user7385,regular,no attack,false positive
infrastructure,metric,447,user447,malicious,attack 1,false positive
infrastructure,log,447,user447,malicious,attack 1,true positive
infrastructure,trace,447,user447,malicious,attack 1,false positive
business,metric,3407,user3407,malicious,attack 2,false positive
business,log,3407,user3407,malicious,attack 2,false positive
business,trace,3407,user3407,malicious,attack 2,true positive
business,metric,501,user501,malicious,attack 2,false positive
business,log,501,user501,malicious,attack 2,false positive
business,trace,501,user501,malicious,attack 2,true positive
infrastructure,metric,5961,user5961,malicious,attack 1,false positive
infrastructure,log,5961,user5961,malicious,attack 1,true positive
infrastructure,trace,5961,user5961,malicious,attack 1,false positive
business,metric,4010,user4010,malicious,attack 1,false positive
business,log,4010,user4010,malicious,attack 1,true positive
business,trace,4010,user4010,malicious,attack 1,false positive
business,metric,2916,user2916,malicious,attack 2,false positive
business,log,2916,user2916,malicious,attack 2,false positive
business,trace,2916,user2916,malicious,attack 2,true positive
infrastructure,metric,754,user754,regular,no attack,false positive
infrastructure,log,754,user754,regular,no attack,false positive
infrastructure,trace,754,user754,regular,no attack,false positive
business,metric,6968,user6968,malicious,attack 1,false positive
business,log,6968,user6968,malicious,attack 1,true positive
business,trace,6968,user6968,malicious,attack 1,false positive
infrastructure,metric,5233,user5233,regular,no attack,false positive
infrastructure,log,5233,user5233,regular,no attack,false positive
infrastructure,trace,5233,user5233,regular,no attack,false positive
infrastructure,metric,2049,user2049,malicious,attack 1,false positive
infrastructure,log,2049,user2049,malicious,attack 1,true positive
infrastructure,trace,2049,user2049,malicious,attack 1,false positive
infrastructure,metric,13,user13,malicious,attack 1,false positive
infrastructure,log,13,user13,malicious,attack 1,true positive
infrastructure,trace,13,user13,malicious,attack 1,false positive
business,metric,2109,user2109,malicious,attack 2,false positive
business,log,2109,user2109,malicious,attack 2,false positive
business,trace,2109,user2109,malicious,attack 2,true positive
infrastructure,metric,4660,user4660,malicious,attack 1,false positive
infrastructure,log,4660,user4660,malicious,attack 1,true positive
infrastructure,trace,4660,user4660,malicious,attack 1,false positive
infrastructure,metric,2392,user2392,malicious,attack 1,false positive
infrastructure,log,2392,user2392,malicious,attack 1,true positive
infrastructure,trace,2392,user2392,malicious,attack 1,false positive
business,metric,3817,user3817,malicious,attack 2,false positive
business,log,3817,user3817,malicious,attack 2,false positive
business,trace,3817,user3817,malicious,attack 2,true positive
business,metric,1357,user1357,malicious,attack 1,false positive
business,log,1357,user1357,malicious,attack 1,true positive
business,trace,1357,user1357,malicious,attack 1,false positive
infrastructure,metric,4348,user4348,malicious,attack 1,false positive
infrastructure,log,4348,user4348,malicious,attack 1,true positive
infrastructure,trace,4348,user4348,malicious,attack 1,false positive
business,metric,1881,user1881,regular,no attack,false positive
business,log,1881,user1881,regular,no attack,false positive
business,trace,1881,user1881,regular,no attack,false positive
business,metric,5571,user5571,malicious,attack 1,false positive
business,log,5571,user5571,malicious,attack 1,true positive
business,trace,5571,user5571,malicious,attack 1,false positive
infrastructure,metric,5666,user5666,malicious,attack 2,false positive
infrastructure,log,5666,user5666,malicious,attack 2,false positive
infrastructure,trace,5666,user5666,malicious,attack 2,true positive
infrastructure,metric,8356,user8356,malicious,attack 1,false positive
infrastructure,log,8356,user8356,malicious,attack 1,true positive
infrastructure,trace,8356,user8356,malicious,attack 1,false positive
infrastructure,metric,8899,user8899,regular,no attack,false positive
infrastructure,log,8899,user8899,regular,no attack,false positive
infrastructure,trace,8899,user8899,regular,no attack,false positive
infrastructure,metric,1566,user1566,malicious,attack 2,false positive
infrastructure,log,1566,user1566,malicious,attack 2,false positive
infrastructure,trace,1566,user1566,malicious,attack 2,true positive
business,metric,1816,user1816,malicious,attack 2,false positive
business,log,1816,user1816,malicious,attack 2,false positive
business,trace,1816,user1816,malicious,attack 2,true positive
infrastructure,metric,176,user176,regular,no attack,false positive
infrastructure,log,176,user176,regular,no attack,false positive
infrastructure,trace,176,user176,regular,no attack,false positive
infrastructure,metric,7332,user7332,malicious,attack 1,false positive
infrastructure,log,7332,user7332,malicious,attack 1,true positive
infrastructure,trace,7332,user7332,malicious,attack 1,false positive
business,metric,1491,user1491,malicious,attack 2,false positive
business,log,1491,user1491,malicious,attack 2,false positive
business,trace,1491,user1491,malicious,attack 2,true positive
infrastructure,metric,7497,user7497,malicious,attack 2,false positive
infrastructure,log,7497,user7497,malicious,attack 2,false positive
infrastructure,trace,7497,user7497,malicious,attack 2,true positive
business,metric,4124,user4124,malicious,attack 2,false positive
business,log,4124,user4124,malicious,attack 2,false positive
business,trace,4124,user4124,malicious,attack 2,true positive
business,metric,1770,user1770,regular,no attack,false positive
business,log,1770,user1770,regular,no attack,false positive
business,trace,1770,user1770,regular,no attack,false positive
business,metric,5785,user5785,malicious,attack 2,false positive
business,log,5785,user5785,malicious,attack 2,false positive
business,trace,5785,user5785,malicious,attack 2,true positive
infrastructure,metric,7669,user7669,regular,no attack,false positive
infrastructure,log,7669,user7669,regular,no attack,false positive
infrastructure,trace,7669,user7669,regular,no attack,false positive
infrastructure,metric,7838,user7838,malicious,attack 1,false positive
infrastructure,log,7838,user7838,malicious,attack 1,true positive
infrastructure,trace,7838,user7838,malicious,attack 1,false positive
business,metric,7126,user7126,malicious,attack 2,false positive
business,log,7126,user7126,malicious,attack 2,false positive
business,trace,7126,user7126,malicious,attack 2,true positive
infrastructure,metric,4357,user4357,malicious,attack 2,false positive
infrastructure,log,4357,user4357,malicious,attack 2,false positive
infrastructure,trace,4357,user4357,malicious,attack 2,true positive
infrastructure,metric,6721,user6721,malicious,attack 1,false positive
infrastructure,log,6721,user6721,malicious,attack 1,true positive
infrastructure,trace,6721,user6721,malicious,attack 1,false positive
infrastructure,metric,2387,user2387,malicious,attack 2,false positive
infrastructure,log,2387,user2387,malicious,attack 2,false positive
infrastructure,trace,2387,user2387,malicious,attack 2,true positive
infrastructure,metric,7719,user7719,regular,no attack,false positive
infrastructure,log,7719,user7719,regular,no attack,false positive
infrastructure,trace,7719,user7719,regular,no attack,false positive
business,metric,4447,user4447,malicious,attack 2,false positive
business,log,4447,user4447,malicious,attack 2,false positive
business,trace,4447,user4447,malicious,attack 2,true positive
infrastructure,metric,2719,user2719,regular,no attack,false positive
infrastructure,log,2719,user2719,regular,no attack,false positive
infrastructure,trace,2719,user2719,regular,no attack,false positive
infrastructure,metric,3187,user3187,malicious,attack 1,false positive
infrastructure,log,3187,user3187,malicious,attack 1,true positive
infrastructure,trace,3187,user3187,malicious,attack 1,false positive
business,metric,212,user212,malicious,attack 2,false positive
business,log,212,user212,malicious,attack 2,false positive
business,trace,212,user212,malicious,attack 2,true positive
business,metric,4153,user4153,regular,no attack,false positive
business,log,4153,user4153,regular,no attack,false positive
business,trace,4153,user4153,regular,no attack,false positive
business,metric,543,user543,malicious,attack 2,false positive
business,log,543,user543,malicious,attack 2,false positive
business,trace,543,user543,malicious,attack 2,true positive
business,metric,5426,user5426,malicious,attack 1,false positive
business,log,5426,user5426,malicious,attack 1,true positive
business,trace,5426,user5426,malicious,attack 1,false positive
infrastructure,metric,6874,user6874,malicious,attack 2,false positive
infrastructure,log,6874,user6874,malicious,attack 2,false positive
infrastructure,trace,6874,user6874,malicious,attack 2,true positive
business,metric,7944,user7944,malicious,attack 1,false positive
business,log,7944,user7944,malicious,attack 1,true positive
business,trace,7944,user7944,malicious,attack 1,false positive
infrastructure,metric,466,user466,regular,no attack,false positive
infrastructure,log,466,user466,regular,no attack,false positive
infrastructure,trace,466,user466,regular,no attack,false positive
infrastructure,metric,7896,user7896,malicious,attack 2,false positive
infrastructure,log,7896,user7896,malicious,attack 2,false positive
infrastructure,trace,7896,user7896,malicious,attack 2,true positive
infrastructure,metric,2032,user2032,malicious,attack 1,false positive
infrastructure,log,2032,user2032,malicious,attack 1,true positive
infrastructure,trace,2032,user2032,malicious,attack 1,false positive
infrastructure,metric,267,user267,malicious,attack 2,false positive
infrastructure,log,267,user267,malicious,attack 2,false positive
infrastructure,trace,267,user267,malicious,attack 2,true positive
infrastructure,metric,7771,user7771,malicious,attack 2,false positive
infrastructure,log,7771,user7771,malicious,attack 2,false positive
infrastructure,trace,7771,user7771,malicious,attack 2,true positive
business,metric,3453,user3453,malicious,attack 1,false positive
business,log,3453,user3453,malicious,attack 1,true positive
business,trace,3453,user3453,malicious,attack 1,false positive
business,metric,2591,user2591,regular,no attack,false positive
business,log,2591,user2591,regular,no attack,false positive
business,trace,2591,user2591,regular,no attack,false positive
infrastructure,metric,6457,user6457,malicious,attack 2,false positive
infrastructure,log,6457,user6457,malicious,attack 2,false positive
infrastructure,trace,6457,user6457,malicious,attack 2,true positive
infrastructure,metric,9496,user9496,malicious,attack 2,false positive
infrastructure,log,9496,user9496,malicious,attack 2,false positive
infrastructure,trace,9496,user9496,malicious,attack 2,true positive
business,metric,3032,user3032,malicious,attack 2,false positive
business,log,3032,user3032,malicious,attack 2,false positive
business,trace,3032,user3032,malicious,attack 2,true positive
infrastructure,metric,8544,user8544,malicious,attack 1,false positive
infrastructure,log,8544,user8544,malicious,attack 1,true positive
infrastructure,trace,8544,user8544,malicious,attack 1,false positive
infrastructure,metric,7807,user7807,malicious,attack 1,false positive
infrastructure,log,7807,user7807,malicious,attack 1,true positive
infrastructure,trace,7807,user7807,malicious,attack 1,false positive
business,metric,6202,user6202,regular,no attack,false positive
business,log,6202,user6202,regular,no attack,false positive
business,trace,6202,user6202,regular,no attack,false positive
business,metric,5485,user5485,malicious,attack 1,false positive
business,log,5485,user5485,malicious,attack 1,true positive
business,trace,5485,user5485,malicious,attack 1,false positive
business,metric,2450,user2450,regular,no attack,false positive
business,log,2450,user2450,regular,no attack,false positive
business,trace,2450,user2450,regular,no attack,false positive
infrastructure,metric,1903,user1903,malicious,attack 1,false positive
infrastructure,log,1903,user1903,malicious,attack 1,true positive
infrastructure,trace,1903,user1903,malicious,attack 1,false positive
infrastructure,metric,8458,user8458,regular,no attack,false positive
infrastructure,log,8458,user8458,regular,no attack,false positive
infrastructure,trace,8458,user8458,regular,no attack,false positive
business,metric,5597,user5597,malicious,attack 2,false positive
business,log,5597,user5597,malicious,attack 2,false positive
business,trace,5597,user5597,malicious,attack 2,true positive
infrastructure,metric,9193,user9193,regular,no attack,false positive
infrastructure,log,9193,user9193,regular,no attack,false positive
infrastructure,trace,9193,user9193,regular,no attack,false positive
infrastructure,metric,2969,user2969,malicious,attack 2,false positive
infrastructure,log,2969,user2969,malicious,attack 2,false positive
infrastructure,trace,2969,user2969,malicious,attack 2,true positive
infrastructure,metric,4423,user4423,regular,no attack,false positive
infrastructure,log,4423,user4423,regular,no attack,false positive
infrastructure,trace,4423,user4423,regular,no attack,false positive
infrastructure,metric,4169,user4169,malicious,attack 1,false positive
infrastructure,log,4169,user4169,malicious,attack 1,true positive
infrastructure,trace,4169,user4169,malicious,attack 1,false positive
infrastructure,metric,87,user87,regular,no attack,false positive
infrastructure,log,87,user87,regular,no attack,false positive
infrastructure,trace,87,user87,regular,no attack,false positive
infrastructure,metric,5064,user5064,malicious,attack 2,false positive
infrastructure,log,5064,user5064,malicious,attack 2,false positive
infrastructure,trace,5064,user5064,malicious,attack 2,true positive
business,metric,1810,user1810,malicious,attack 2,false positive
business,log,1810,user1810,malicious,attack 2,false positive
business,trace,1810,user1810,malicious,attack 2,true positive
infrastructure,metric,3508,user3508,malicious,attack 2,false positive
infrastructure,log,3508,user3508,malicious,attack 2,false positive
infrastructure,trace,3508,user3508,malicious,attack 2,true positive
infrastructure,metric,4418,user4418,malicious,attack 2,false positive
infrastructure,log,4418,user4418,malicious,attack 2,false positive
infrastructure,trace,4418,user4418,malicious,attack 2,true positive
business,metric,3621,user3621,regular,no attack,false positive
business,log,3621,user3621,regular,no attack,false positive
business,trace,3621,user3621,regular,no attack,false positive
business,metric,1759,user1759,malicious,attack 2,false positive
business,log,1759,user1759,malicious,attack 2,false positive
business,trace,1759,user1759,malicious,attack 2,true positive
infrastructure,metric,8084,user8084,regular,no attack,false positive
infrastructure,log,8084,user8084,regular,no attack,false positive
infrastructure,trace,8084,user8084,regular,no attack,false positive
infrastructure,metric,5132,user5132,malicious,attack 2,false positive
infrastructure,log,5132,user5132,malicious,attack 2,false positive
infrastructure,trace,5132,user5132,malicious,attack 2,true positive
business,metric,4718,user4718,malicious,attack 2,false positive
business,log,4718,user4718,malicious,attack 2,false positive
business,trace,4718,user4718,malicious,attack 2,true positive
business,metric,2384,user2384,malicious,attack 1,false positive
business,log,2384,user2384,malicious,attack 1,true positive
business,trace,2384,user2384,malicious,attack 1,false positive
infrastructure,metric,9101,user9101,regular,no attack,false positive
infrastructure,log,9101,user9101,regular,no attack,false positive
infrastructure,trace,9101,user9101,regular,no attack,false positive
business,metric,5886,user5886,malicious,attack 2,false positive
business,log,5886,user5886,malicious,attack 2,false positive
business,trace,5886,user5886,malicious,attack 2,true positive
infrastructure,metric,7212,user7212,malicious,attack 2,false positive
infrastructure,log,7212,user7212,malicious,attack 2,false positive
infrastructure,trace,7212,user7212,malicious,attack 2,true positive
business,metric,3793,user3793,malicious,attack 1,false positive
business,log,3793,user3793,malicious,attack 1,true positive
business,trace,3793,user3793,malicious,attack 1,false positive
business,metric,26,user26,regular,no attack,false positive
business,log,26,user26,regular,no attack,false positive
business,trace,26,user26,regular,no attack,false positive
infrastructure,metric,6877,user6877,malicious,attack 2,false positive
infrastructure,log,6877,user6877,malicious,attack 2,false positive
infrastructure,trace,6877,user6877,malicious,attack 2,true positive
infrastructure,metric,4916,user4916,malicious,attack 1,false positive
infrastructure,log,4916,user4916,malicious,attack 1,true positive
infrastructure,trace,4916,user4916,malicious,attack 1,false positive
infrastructure,metric,9695,user9695,regular,no attack,false positive
infrastructure,log,9695,user9695,regular,no attack,false positive
infrastructure,trace,9695,user9695,regular,no attack,false positive
business,metric,734,user734,regular,no attack,false positive
business,log,734,user734,regular,no attack,false positive
business,trace,734,user734,regular,no attack,false positive
infrastructure,metric,5253,user5253,malicious,attack 1,false positive
infrastructure,log,5253,user5253,malicious,attack 1,true positive
infrastructure,trace,5253,user5253,malicious,attack 1,false positive
infrastructure,metric,1629,user1629,regular,no attack,false positive
infrastructure,log,1629,user1629,regular,no attack,false positive
infrastructure,trace,1629,user1629,regular,no attack,false positive
infrastructure,metric,6912,user6912,malicious,attack 1,false positive
infrastructure,log,6912,user6912,malicious,attack 1,true positive
infrastructure,trace,6912,user6912,malicious,attack 1,false positive
business,metric,7665,user7665,malicious,attack 2,false positive
business,log,7665,user7665,malicious,attack 2,false positive
business,trace,7665,user7665,malicious,attack 2,true positive
business,metric,2624,user2624,malicious,attack 1,false positive
business,log,2624,user2624,malicious,attack 1,true positive
business,trace,2624,user2624,malicious,attack 1,false positive
infrastructure,metric,889,user889,malicious,attack 2,false positive
infrastructure,log,889,user889,malicious,attack 2,false positive
infrastructure,trace,889,user889,malicious,attack 2,true positive
infrastructure,metric,6414,user6414,regular,no attack,false positive
infrastructure,log,6414,user6414,regular,no attack,false positive
infrastructure,trace,6414,user6414,regular,no attack,false positive
infrastructure,metric,9046,user9046,malicious,attack 2,false positive
infrastructure,log,9046,user9046,malicious,attack 2,false positive
infrastructure,trace,9046,user9046,malicious,attack 2,true positive
infrastructure,metric,5928,user5928,malicious,attack 2,false positive
infrastructure,log,5928,user5928,malicious,attack 2,false positive
infrastructure,trace,5928,user5928,malicious,attack 2,true positive
business,metric,1337,user1337,malicious,attack 2,false positive
business,log,1337,user1337,malicious,attack 2,false positive
business,trace,1337,user1337,malicious,attack 2,true positive
business,metric,7570,user7570,malicious,attack 1,false positive
business,log,7570,user7570,malicious,attack 1,true positive
business,trace,7570,user7570,malicious,attack 1,false positive
infrastructure,metric,2485,user2485,malicious,attack 2,false positive
infrastructure,log,2485,user2485,malicious,attack 2,false positive
infrastructure,trace,2485,user2485,malicious,attack 2,true positive
business,metric,3629,user3629,malicious,attack 1,false positive
business,log,3629,user3629,malicious,attack 1,true positive
business,trace,3629,user3629,malicious,attack 1,false positive
infrastructure,metric,8102,user8102,malicious,attack 2,false positive
infrastructure,log,8102,user8102,malicious,attack 2,false positive
infrastructure,trace,8102,user8102,malicious,attack 2,true positive
business,metric,5976,user5976,regular,no attack,false positive
business,log,5976,user5976,regular,no attack,false positive
business,trace,5976,user5976,regular,no attack,false positive
business,metric,5774,user5774,malicious,attack 1,false positive
business,log,5774,user5774,malicious,attack 1,true positive
business,trace,5774,user5774,malicious,attack 1,false positive
infrastructure,metric,5141,user5141,malicious,attack 2,false positive
infrastructure,log,5141,user5141,malicious,attack 2,false positive
infrastructure,trace,5141,user5141,malicious,attack 2,true positive
infrastructure,metric,6052,user6052,regular,no attack,false positive
infrastructure,log,6052,user6052,regular,no attack,false positive
infrastructure,trace,6052,user6052,regular,no attack,false positive
infrastructure,metric,387,user387,malicious,attack 1,false positive
infrastructure,log,387,user387,malicious,attack 1,true positive
infrastructure,trace,387,user387,malicious,attack 1,false positive
infrastructure,metric,105,user105,malicious,attack 2,false positive
infrastructure,log,105,user105,malicious,attack 2,false positive
infrastructure,trace,105,user105,malicious,attack 2,true positive
infrastructure,metric,3471,user3471,malicious,attack 1,false positive
infrastructure,log,3471,user3471,malicious,attack 1,true positive
infrastructure,trace,3471,user3471,malicious,attack 1,false positive
infrastructure,metric,8956,user8956,regular,no attack,false positive
infrastructure,log,8956,user8956,regular,no attack,false positive
infrastructure,trace,8956,user8956,regular,no attack,false positive
business,metric,4219,user4219,malicious,attack 2,false positive
business,log,4219,user4219,malicious,attack 2,false positive
business,trace,4219,user4219,malicious,attack 2,true positive
business,metric,7687,user7687,malicious,attack 1,false positive
business,log,7687,user7687,malicious,attack 1,true positive
business,trace,7687,user7687,malicious,attack 1,false positive
business,metric,2833,user2833,malicious,attack 2,false positive
business,log,2833,user2833,malicious,attack 2,false positive
business,trace,2833,user2833,malicious,attack 2,true positive
infrastructure,metric,4357,user4357,malicious,attack 1,false positive
infrastructure,log,4357,user4357,malicious,attack 1,true positive
infrastructure,trace,4357,user4357,malicious,attack 1,false positive
infrastructure,metric,8026,user8026,regular,no attack,false positive
infrastructure,log,8026,user8026,regular,no attack,false positive
infrastructure,trace,8026,user8026,regular,no attack,false positive
business,metric,4277,user4277,malicious,attack 1,false positive
business,log,4277,user4277,malicious,attack 1,true positive
business,trace,4277,user4277,malicious,attack 1,false positive
business,metric,1468,user1468,malicious,attack 2,false positive
business,log,1468,user1468,malicious,attack 2,false positive
business,trace,1468,user1468,malicious,attack 2,true positive
business,metric,759,user759,malicious,attack 1,false positive
business,log,759,user759,malicious,attack 1,true positive
business,trace,759,user759,malicious,attack 1,false positive
infrastructure,metric,4727,user4727,malicious,attack 2,false positive
infrastructure,log,4727,user4727,malicious,attack 2,false positive
infrastructure,trace,4727,user4727,malicious,attack 2,true positive
business,metric,8617,user8617,malicious,attack 1,false positive
business,log,8617,user8617,malicious,attack 1,true positive
business,trace,8617,user8617,malicious,attack 1,false positive
business,metric,419,user419,regular,no attack,false positive
business,log,419,user419,regular,no attack,false positive
business,trace,419,user419,regular,no attack,false positive
business,metric,6668,user6668,regular,no attack,false positive
business,log,6668,user6668,regular,no attack,false positive
business,trace,6668,user6668,regular,no attack,false positive
infrastructure,metric,5329,user5329,malicious,attack 2,false positive
infrastructure,log,5329,user5329,malicious,attack 2,false positive
infrastructure,trace,5329,user5329,malicious,attack 2,true positive
infrastructure,metric,7707,user7707,malicious,attack 2,false positive
infrastructure,log,7707,user7707,malicious,attack 2,false positive
infrastructure,trace,7707,user7707,malicious,attack 2,true positive
business,metric,4705,user4705,malicious,attack 2,false positive
business,log,4705,user4705,malicious,attack 2,false positive
business,trace,4705,user4705,malicious,attack 2,true positive
infrastructure,metric,4605,user4605,regular,no attack,false positive
infrastructure,log,4605,user4605,regular,no attack,false positive
infrastructure,trace,4605,user4605,regular,no attack,false positive
infrastructure,metric,2526,user2526,malicious,attack 2,false positive
infrastructure,log,2526,user2526,malicious,attack 2,false positive
infrastructure,trace,2526,user2526,malicious,attack 2,true positive
business,metric,8866,user8866,malicious,attack 1,false positive
business,log,8866,user8866,malicious,attack 1,true positive
business,trace,8866,user8866,malicious,attack 1,false positive
business,metric,4688,user4688,malicious,attack 1,false positive
business,log,4688,user4688,malicious,attack 1,true positive
business,trace,4688,user4688,malicious,attack 1,false positive
infrastructure,metric,9063,user9063,regular,no attack,false positive
infrastructure,log,9063,user9063,regular,no attack,false positive
infrastructure,trace,9063,user9063,regular,no attack,false positive
infrastructure,metric,429,user429,regular,no attack,false positive
infrastructure,log,429,user429,regular,no attack,false positive
infrastructure,trace,429,user429,regular,no attack,false positive
business,metric,1700,user1700,malicious,attack 2,false positive
business,log,1700,user1700,malicious,attack 2,false positive
business,trace,1700,user1700,malicious,attack 2,true positive
infrastructure,metric,6263,user6263,malicious,attack 1,false positive
infrastructure,log,6263,user6263,malicious,attack 1,true positive
infrastructure,trace,6263,user6263,malicious,attack 1,false positive
business,metric,7409,user7409,malicious,attack 2,false positive
business,log,7409,user7409,malicious,attack 2,false positive
business,trace,7409,user7409,malicious,attack 2,true positive
infrastructure,metric,6516,user6516,regular,no attack,false positive
infrastructure,log,6516,user6516,regular,no attack,false positive
infrastructure,trace,6516,user6516,regular,no attack,false positive
infrastructure,metric,4446,user4446,malicious,attack 1,false positive
infrastructure,log,4446,user4446,malicious,attack 1,true positive
infrastructure,trace,4446,user4446,malicious,attack 1,false positive
business,metric,483,user483,malicious,attack 1,false positive
business,log,483,user483,malicious,attack 1,true positive
business,trace,483,user483,malicious,attack 1,false positive
business,metric,3160,user3160,regular,no attack,false positive
business,log,3160,user3160,regular,no attack,false positive
business,trace,3160,user3160,regular,no attack,false positive
infrastructure,metric,3469,user3469,regular,no attack,false positive
infrastructure,log,3469,user3469,regular,no attack,false positive
infrastructure,trace,3469,user3469,regular,no attack,false positive
business,metric,1889,user1889,malicious,attack 2,false positive
business,log,1889,user1889,malicious,attack 2,false positive
business,trace,1889,user1889,malicious,attack 2,true positive
business,metric,8016,user8016,malicious,attack 2,false positive
business,log,8016,user8016,malicious,attack 2,false positive
business,trace,8016,user8016,malicious,attack 2,true positive
business,metric,2298,user2298,malicious,attack 1,false positive
business,log,2298,user2298,malicious,attack 1,true positive
business,trace,2298,user2298,malicious,attack 1,false positive
infrastructure,metric,3335,user3335,malicious,attack 1,false positive
infrastructure,log,3335,user3335,malicious,attack 1,true positive
infrastructure,trace,3335,user3335,malicious,attack 1,false positive
infrastructure,metric,1531,user1531,malicious,attack 2,false positive
infrastructure,log,1531,user1531,malicious,attack 2,false positive
infrastructure,trace,1531,user1531,malicious,attack 2,true positive
business,metric,5256,user5256,regular,no attack,false positive
business,log,5256,user5256,regular,no attack,false positive
business,trace,5256,user5256,regular,no attack,false positive
infrastructure,metric,8807,user8807,malicious,attack 1,false positive
infrastructure,log,8807,user8807,malicious,attack 1,true positive
infrastructure,trace,8807,user8807,malicious,attack 1,false positive
infrastructure,metric,5561,user5561,malicious,attack 2,false positive
infrastructure,log,5561,user5561,malicious,attack 2,false positive
infrastructure,trace,5561,user5561,malicious,attack 2,true positive
infrastructure,metric,2258,user2258,malicious,attack 2,false positive
infrastructure,log,2258,user2258,malicious,attack 2,false positive
infrastructure,trace,2258,user2258,malicious,attack 2,true positive
business,metric,9305,user9305,malicious,attack 1,false positive
business,log,9305,user9305,malicious,attack 1,true positive
business,trace,9305,user9305,malicious,attack 1,false positive
business,metric,1988,user1988,malicious,attack 2,false positive
business,log,1988,user1988,malicious,attack 2,false positive
business,trace,1988,user1988,malicious,attack 2,true positive
business,metric,8359,user8359,malicious,attack 2,false positive
business,log,8359,user8359,malicious,attack 2,false positive
business,trace,8359,user8359,malicious,attack 2,true positive
business,metric,1584,user1584,malicious,attack 1,false positive
business,log,1584,user1584,malicious,attack 1,true positive
business,trace,1584,user1584,malicious,attack 1,false positive
infrastructure,metric,1046,user1046,malicious,attack 2,false positive
infrastructure,log,1046,user1046,malicious,attack 2,false positive
infrastructure,trace,1046,user1046,malicious,attack 2,true positive
infrastructure,metric,4459,user4459,regular,no attack,false positive
infrastructure,log,4459,user4459,regular,no attack,false positive
infrastructure,trace,4459,user4459,regular,no attack,false positive
business,metric,3873,user3873,malicious,attack 2,false positive
business,log,3873,user3873,malicious,attack 2,false positive
business,trace,3873,user3873,malicious,attack 2,true positive
business,metric,6346,user6346,malicious,attack 2,false positive
business,log,6346,user6346,malicious,attack 2,false positive
business,trace,6346,user6346,malicious,attack 2,true positive
infrastructure,metric,5370,user5370,malicious,attack 2,false positive
infrastructure,log,5370,user5370,malicious,attack 2,false positive
infrastructure,trace,5370,user5370,malicious,attack 2,true positive
infrastructure,metric,2330,user2330,malicious,attack 2,false positive
infrastructure,log,2330,user2330,malicious,attack 2,false positive
infrastructure,trace,2330,user2330,malicious,attack 2,true positive
infrastructure,metric,4313,user4313,regular,no attack,false positive
infrastructure,log,4313,user4313,regular,no attack,false positive
infrastructure,trace,4313,user4313,regular,no attack,false positive
business,metric,5109,user5109,malicious,attack 2,false positive
business,log,5109,user5109,malicious,attack 2,false positive
business,trace,5109,user5109,malicious,attack 2,true positive
business,metric,188,user188,regular,no attack,false positive
business,log,188,user188,regular,no attack,false positive
business,trace,188,user188,regular,no attack,false positive
infrastructure,metric,3968,user3968,malicious,attack 1,false positive
infrastructure,log,3968,user3968,malicious,attack 1,true positive
infrastructure,trace,3968,user3968,malicious,attack 1,false positive
infrastructure,metric,5792,user5792,malicious,attack 1,false positive
infrastructure,log,5792,user5792,malicious,attack 1,true positive
infrastructure,trace,5792,user5792,malicious,attack 1,false positive
business,metric,3695,user3695,malicious,attack 1,false positive
business,log,3695,user3695,malicious,attack 1,true positive
business,trace,3695,user3695,malicious,attack 1,false positive
infrastructure,metric,2405,user2405,malicious,attack 1,false positive
infrastructure,log,2405,user2405,malicious,attack 1,true positive
infrastructure,trace,2405,user2405,malicious,attack 1,false positive
business,metric,996,user996,regular,no attack,false positive
business,log,996,user996,regular,no attack,false positive
business,trace,996,user996,regular,no attack,false positive
business,metric,142,user142,regular,no attack,false positive
business,log,142,user142,regular,no attack,false positive
business,trace,142,user142,regular,no attack,false positive
business,metric,5353,user5353,malicious,attack 1,false positive
business,log,5353,user5353,malicious,attack 1,true positive
business,trace,5353,user5353,malicious,attack 1,false positive
infrastructure,metric,1748,user1748,malicious,attack 1,false positive
infrastructure,log,1748,user1748,malicious,attack 1,true positive
infrastructure,trace,1748,user1748,malicious,attack 1,false positive
infrastructure,metric,9516,user9516,malicious,attack 2,false positive
infrastructure,log,9516,user9516,malicious,attack 2,false positive
infrastructure,trace,9516,user9516,malicious,attack 2,true positive
business,metric,3041,user3041,malicious,attack 2,false positive
business,log,3041,user3041,malicious,attack 2,false positive
business,trace,3041,user3041,malicious,attack 2,true positive
infrastructure,metric,707,user707,malicious,attack 1,false positive
infrastructure,log,707,user707,malicious,attack 1,true positive
infrastructure,trace,707,user707,malicious,attack 1,false positive
infrastructure,metric,9020,user9020,regular,no attack,false positive
infrastructure,log,9020,user9020,regular,no attack,false positive
infrastructure,trace,9020,user9020,regular,no attack,false positive
infrastructure,metric,1962,user1962,malicious,attack 1,false positive
infrastructure,log,1962,user1962,malicious,attack 1,true positive
infrastructure,trace,1962,user1962,malicious,attack 1,false positive
infrastructure,metric,6247,user6247,malicious,attack 2,false positive
infrastructure,log,6247,user6247,malicious,attack 2,false positive
infrastructure,trace,6247,user6247,malicious,attack 2,true positive
business,metric,7050,user7050,malicious,attack 1,false positive
business,log,7050,user7050,malicious,attack 1,true positive
business,trace,7050,user7050,malicious,attack 1,false positive
infrastructure,metric,7910,user7910,malicious,attack 1,false positive
infrastructure,log,7910,user7910,malicious,attack 1,true positive
infrastructure,trace,7910,user7910,malicious,attack 1,false positive
infrastructure,metric,3920,user3920,malicious,attack 2,false positive
infrastructure,log,3920,user3920,malicious,attack 2,false positive
infrastructure,trace,3920,user3920,malicious,attack 2,true positive
business,metric,8898,user8898,regular,no attack,false positive
business,log,8898,user8898,regular,no attack,false positive
business,trace,8898,user8898,regular,no attack,false positive
business,metric,4498,user4498,regular,no attack,false positive
business,log,4498,user4498,regular,no attack,false positive
business,trace,4498,user4498,regular,no attack,false positive
infrastructure,metric,6648,user6648,regular,no attack,false positive
infrastructure,log,6648,user6648,regular,no attack,false positive
infrastructure,trace,6648,user6648,regular,no attack,false positive
infrastructure,metric,8072,user8072,regular,no attack,false positive
infrastructure,log,8072,user8072,regular,no attack,false positive
infrastructure,trace,8072,user8072,regular,no attack,false positive
business,metric,6661,user6661,malicious,attack 2,false positive
business,log,6661,user6661,malicious,attack 2,false positive
business,trace,6661,user6661,malicious,attack 2,true positive
infrastructure,metric,5854,user5854,malicious,attack 2,false positive
infrastructure,log,5854,user5854,malicious,attack 2,false positive
infrastructure,trace,5854,user5854,malicious,attack 2,true positive
infrastructure,metric,4917,user4917,regular,no attack,false positive
infrastructure,log,4917,user4917,regular,no attack,false positive
infrastructure,trace,4917,user4917,regular,no attack,false positive
business,metric,397,user397,malicious,attack 1,false positive
business,log,397,user397,malicious,attack 1,true positive
business,trace,397,user397,malicious,attack 1,false positive
business,metric,8373,user8373,malicious,attack 2,false positive
business,log,8373,user8373,malicious,attack 2,false positive
business,trace,8373,user8373,malicious,attack 2,true positive
infrastructure,metric,1459,user1459,malicious,attack 1,false positive
infrastructure,log,1459,user1459,malicious,attack 1,true positive
infrastructure,trace,1459,user1459,malicious,attack 1,false positive
infrastructure,metric,2649,user2649,malicious,attack 1,false positive
infrastructure,log,2649,user2649,malicious,attack 1,true positive
infrastructure,trace,2649,user2649,malicious,attack 1,false positive
business,metric,4016,user4016,malicious,attack 1,false positive
business,log,4016,user4016,malicious,attack 1,true positive
business,trace,4016,user4016,malicious,attack 1,false positive
infrastructure,metric,8393,user8393,malicious,attack 2,false positive
infrastructure,log,8393,user8393,malicious,attack 2,false positive
infrastructure,trace,8393,user8393,malicious,attack 2,true positive
business,metric,952,user952,regular,no attack,false positive
business,log,952,user952,regular,no attack,false positive
business,trace,952,user952,regular,no attack,false positive
infrastructure,metric,2241,user2241,malicious,attack 2,false positive
infrastructure,log,2241,user2241,malicious,attack 2,false positive
infrastructure,trace,2241,user2241,malicious,attack 2,true positive
infrastructure,metric,9067,user9067,malicious,attack 1,false positive
infrastructure,log,9067,user9067,malicious,attack 1,true positive
infrastructure,trace,9067,user9067,malicious,attack 1,false positive
infrastructure,metric,6982,user6982,regular,no attack,false positive
infrastructure,log,6982,user6982,regular,no attack,false positive
infrastructure,trace,6982,user6982,regular,no attack,false positive
business,metric,8116,user8116,regular,no attack,false positive
business,log,8116,user8116,regular,no attack,false positive
business,trace,8116,user8116,regular,no attack,false positive
business,metric,4509,user4509,malicious,attack 2,false positive
business,log,4509,user4509,malicious,attack 2,false positive
business,trace,4509,user4509,malicious,attack 2,true positive
business,metric,5358,user5358,regular,no attack,false positive
business,log,5358,user5358,regular,no attack,false positive
business,trace,5358,user5358,regular,no attack,false positive
business,metric,2954,user2954,regular,no attack,false positive
business,log,2954,user2954,regular,no attack,false positive
business,trace,2954,user2954,regular,no attack,false positive
business,metric,31,user31,malicious,attack 2,false positive
business,log,31,user31,malicious,attack 2,false positive
business,trace,31,user31,malicious,attack 2,true positive
infrastructure,metric,2411,user2411,regular,no attack,false positive
infrastructure,log,2411,user2411,regular,no attack,false positive
infrastructure,trace,2411,user2411,regular,no attack,false positive
infrastructure,metric,6952,user6952,malicious,attack 1,false positive
infrastructure,log,6952,user6952,malicious,attack 1,true positive
infrastructure,trace,6952,user6952,malicious,attack 1,false positive
business,metric,835,user835,regular,no attack,false positive
business,log,835,user835,regular,no attack,false positive
business,trace,835,user835,regular,no attack,false positive
business,metric,2528,user2528,regular,no attack,false positive
business,log,2528,user2528,regular,no attack,false positive
business,trace,2528,user2528,regular,no attack,false positive
business,metric,2805,user2805,malicious,attack 1,false positive
business,log,2805,user2805,malicious,attack 1,true positive
business,trace,2805,user2805,malicious,attack 1,false positive
infrastructure,metric,843,user843,malicious,attack 1,false positive
infrastructure,log,843,user843,malicious,attack 1,true positive
infrastructure,trace,843,user843,malicious,attack 1,false positive
infrastructure,metric,6266,user6266,malicious,attack 1,false positive
infrastructure,log,6266,user6266,malicious,attack 1,true positive
infrastructure,trace,6266,user6266,malicious,attack 1,false positive
business,metric,9431,user9431,malicious,attack 1,false positive
business,log,9431,user9431,malicious,attack 1,true positive
business,trace,9431,user9431,malicious,attack 1,false positive
infrastructure,metric,96,user96,malicious,attack 1,false positive
infrastructure,log,96,user96,malicious,attack 1,true positive
infrastructure,trace,96,user96,malicious,attack 1,false positive
infrastructure,metric,4242,user4242,malicious,attack 2,false positive
infrastructure,log,4242,user4242,malicious,attack 2,false positive
infrastructure,trace,4242,user4242,malicious,attack 2,true positive
business,metric,9121,user9121,malicious,attack 1,false positive
business,log,9121,user9121,malicious,attack 1,true positive
business,trace,9121,user9121,malicious,attack 1,false positive
business,metric,6306,user6306,regular,no attack,false positive
business,log,6306,user6306,regular,no attack,false positive
business,trace,6306,user6306,regular,no attack,false positive
infrastructure,metric,8060,user8060,malicious,attack 1,false positive
infrastructure,log,8060,user8060,malicious,attack 1,true positive
infrastructure,trace,8060,user8060,malicious,attack 1,false positive
infrastructure,metric,3502,user3502,malicious,attack 1,false positive
infrastructure,log,3502,user3502,malicious,attack 1,true positive
infrastructure,trace,3502,user3502,malicious,attack 1,false positive
infrastructure,metric,2341,user2341,malicious,attack 2,false positive
infrastructure,log,2341,user2341,malicious,attack 2,false positive
infrastructure,trace,2341,user2341,malicious,attack 2,true positive
infrastructure,metric,4376,user4376,malicious,attack 1,false positive
infrastructure,log,4376,user4376,malicious,attack 1,true positive
infrastructure,trace,4376,user4376,malicious,attack 1,false positive
business,metric,4510,user4510,regular,no attack,false positive
business,log,4510,user4510,regular,no attack,false positive
business,trace,4510,user4510,regular,no attack,false positive
infrastructure,metric,1126,user1126,regular,no attack,false positive
infrastructure,log,1126,user1126,regular,no attack,false positive
infrastructure,trace,1126,user1126,regular,no attack,false positive
infrastructure,metric,9955,user9955,malicious,attack 2,false positive
infrastructure,log,9955,user9955,malicious,attack 2,false positive
infrastructure,trace,9955,user9955,malicious,attack 2,true positive
infrastructure,metric,5572,user5572,regular,no attack,false positive
infrastructure,log,5572,user5572,regular,no attack,false positive
infrastructure,trace,5572,user5572,regular,no attack,false positive
business,metric,9275,user9275,malicious,attack 1,false positive
business,log,9275,user9275,malicious,attack 1,true positive
business,trace,9275,user9275,malicious,attack 1,false positive
business,metric,7318,user7318,regular,no attack,false positive
business,log,7318,user7318,regular,no attack,false positive
business,trace,7318,user7318,regular,no attack,false positive
infrastructure,metric,8060,user8060,malicious,attack 2,false positive
infrastructure,log,8060,user8060,malicious,attack 2,false positive
infrastructure,trace,8060,user8060,malicious,attack 2,true positive
business,metric,202,user202,regular,no attack,false positive
business,log,202,user202,regular,no attack,false positive
business,trace,202,user202,regular,no attack,false positive
business,metric,3994,user3994,regular,no attack,false positive
business,log,3994,user3994,regular,no attack,false positive
business,trace,3994,user3994,regular,no attack,false positive
infrastructure,metric,6253,user6253,malicious,attack 2,false positive
infrastructure,log,6253,user6253,malicious,attack 2,false positive
infrastructure,trace,6253,user6253,malicious,attack 2,true positive
business,metric,2732,user2732,regular,no attack,false positive
business,log,2732,user2732,regular,no attack,false positive
business,trace,2732,user2732,regular,no attack,false positive
infrastructure,metric,1224,user1224,malicious,attack 2,false positive
infrastructure,log,1224,user1224,malicious,attack 2,false positive
infrastructure,trace,1224,user1224,malicious,attack 2,true positive
infrastructure,metric,6564,user6564,malicious,attack 2,false positive
infrastructure,log,6564,user6564,malicious,attack 2,false positive
infrastructure,trace,6564,user6564,malicious,attack 2,true positive
infrastructure,metric,845,user845,regular,no attack,false positive
infrastructure,log,845,user845,regular,no attack,false positive
infrastructure,trace,845,user845,regular,no attack,false positive
infrastructure,metric,9935,user9935,malicious,attack 1,false positive
infrastructure,log,9935,user9935,malicious,attack 1,true positive
infrastructure,trace,9935,user9935,malicious,attack 1,false positive
infrastructure,metric,1298,user1298,malicious,attack 2,false positive
infrastructure,log,1298,user1298,malicious,attack 2,false positive
infrastructure,trace,1298,user1298,malicious,attack 2,true positive
business,metric,9843,user9843,malicious,attack 2,false positive
business,log,9843,user9843,malicious,attack 2,false positive
business,trace,9843,user9843,malicious,attack 2,true positive
infrastructure,metric,9201,user9201,malicious,attack 1,false positive
infrastructure,log,9201,user9201,malicious,attack 1,true positive
infrastructure,trace,9201,user9201,malicious,attack 1,false positive
infrastructure,metric,5270,user5270,malicious,attack 2,false positive
infrastructure,log,5270,user5270,malicious,attack 2,false positive
infrastructure,trace,5270,user5270,malicious,attack 2,true positive
infrastructure,metric,4690,user4690,regular,no attack,false positive
infrastructure,log,4690,user4690,regular,no attack,false positive
infrastructure,trace,4690,user4690,regular,no attack,false positive
infrastructure,metric,7031,user7031,malicious,attack 2,false positive
infrastructure,log,7031,user7031,malicious,attack 2,false positive
infrastructure,trace,7031,user7031,malicious,attack 2,true positive
infrastructure,metric,6026,user6026,regular,no attack,false positive
infrastructure,log,6026,user6026,regular,no attack,false positive
infrastructure,trace,6026,user6026,regular,no attack,false positive
business,metric,5925,user5925,regular,no attack,false positive
business,log,5925,user5925,regular,no attack,false positive
business,trace,5925,user5925,regular,no attack,false positive
infrastructure,metric,905,user905,malicious,attack 1,false positive
infrastructure,log,905,user905,malicious,attack 1,true positive
infrastructure,trace,905,user905,malicious,attack 1,false positive
business,metric,7423,user7423,malicious,attack 1,false positive
business,log,7423,user7423,malicious,attack 1,true positive
business,trace,7423,user7423,malicious,attack 1,false positive
infrastructure,metric,7504,user7504,malicious,attack 2,false positive
infrastructure,log,7504,user7504,malicious,attack 2,false positive
infrastructure,trace,7504,user7504,malicious,attack 2,true positive
infrastructure,metric,4683,user4683,malicious,attack 2,false positive
infrastructure,log,4683,user4683,malicious,attack 2,false positive
infrastructure,trace,4683,user4683,malicious,attack 2,true positive
business,metric,8328,user8328,regular,no attack,false positive
business,log,8328,user8328,regular,no attack,false positive
business,trace,8328,user8328,regular,no attack,false positive
infrastructure,metric,9671,user9671,regular,no attack,false positive
infrastructure,log,9671,user9671,regular,no attack,false positive
infrastructure,trace,9671,user9671,regular,no attack,false positive
business,metric,693,user693,regular,no attack,false positive
business,log,693,user693,regular,no attack,false positive
business,trace,693,user693,regular,no attack,false positive
business,metric,482,user482,regular,no attack,false positive
business,log,482,user482,regular,no attack,false positive
business,trace,482,user482,regular,no attack,false positive
business,metric,5141,user5141,malicious,attack 1,false positive
business,log,5141,user5141,malicious,attack 1,true positive
business,trace,5141,user5141,malicious,attack 1,false positive
business,metric,7998,user7998,malicious,attack 1,false positive
business,log,7998,user7998,malicious,attack 1,true positive
business,trace,7998,user7998,malicious,attack 1,false positive
business,metric,4384,user4384,malicious,attack 2,false positive
business,log,4384,user4384,malicious,attack 2,false positive
business,trace,4384,user4384,malicious,attack 2,true positive
infrastructure,metric,5807,user5807,malicious,attack 1,false positive
infrastructure,log,5807,user5807,malicious,attack 1,true positive
infrastructure,trace,5807,user5807,malicious,attack 1,false positive
infrastructure,metric,3198,user3198,regular,no attack,false positive
infrastructure,log,3198,user3198,regular,no attack,false positive
infrastructure,trace,3198,user3198,regular,no attack,false positive
infrastructure,metric,5713,user5713,malicious,attack 2,false positive
infrastructure,log,5713,user5713,malicious,attack 2,false positive
infrastructure,trace,5713,user5713,malicious,attack 2,true positive
infrastructure,metric,3131,user3131,malicious,attack 2,false positive
infrastructure,log,3131,user3131,malicious,attack 2,false positive
infrastructure,trace,3131,user3131,malicious,attack 2,true positive
business,metric,3788,user3788,malicious,attack 2,false positive
business,log,3788,user3788,malicious,attack 2,false positive
business,trace,3788,user3788,malicious,attack 2,true positive
infrastructure,metric,1414,user1414,malicious,attack 2,false positive
infrastructure,log,1414,user1414,malicious,attack 2,false positive
infrastructure,trace,1414,user1414,malicious,attack 2,true positive
infrastructure,metric,5997,user5997,malicious,attack 2,false positive
infrastructure,log,5997,user5997,malicious,attack 2,false positive
infrastructure,trace,5997,user5997,malicious,attack 2,true positive
business,metric,10000,user10000,regular,no attack,false positive
business,log,10000,user10000,regular,no attack,false positive
business,trace,10000,user10000,regular,no attack,false positive
infrastructure,metric,9167,user9167,regular,no attack,false positive
infrastructure,log,9167,user9167,regular,no attack,false positive
infrastructure,trace,9167,user9167,regular,no attack,false positive
infrastructure,metric,3892,user3892,regular,no attack,false positive
infrastructure,log,3892,user3892,regular,no attack,false positive
infrastructure,trace,3892,user3892,regular,no attack,false positive
infrastructure,metric,4857,user4857,malicious,attack 1,false positive
infrastructure,log,4857,user4857,malicious,attack 1,true positive
infrastructure,trace,4857,user4857,malicious,attack 1,false positive
business,metric,1704,user1704,malicious,attack 1,false positive
business,log,1704,user1704,malicious,attack 1,true positive
business,trace,1704,user1704,malicious,attack 1,false positive
infrastructure,metric,3141,user3141,malicious,attack 1,false positive
infrastructure,log,3141,user3141,malicious,attack 1,true positive
infrastructure,trace,3141,user3141,malicious,attack 1,false positive
business,metric,9944,user9944,malicious,attack 2,false positive
business,log,9944,user9944,malicious,attack 2,false positive
business,trace,9944,user9944,malicious,attack 2,true positive
business,metric,9807,user9807,regular,no attack,false positive
business,log,9807,user9807,regular,no attack,false positive
business,trace,9807,user9807,regular,no attack,false positive
infrastructure,metric,1139,user1139,regular,no attack,false positive
infrastructure,log,1139,user1139,regular,no attack,false positive
infrastructure,trace,1139,user1139,regular,no attack,false positive
business,metric,2560,user2560,malicious,attack 2,false positive
business,log,2560,user2560,malicious,attack 2,false positive
business,trace,2560,user2560,malicious,attack 2,true positive
business,metric,68,user68,malicious,attack 2,false positive
business,log,68,user68,malicious,attack 2,false positive
business,trace,68,user68,malicious,attack 2,true positive
business,metric,288,user288,malicious,attack 1,false positive
business,log,288,user288,malicious,attack 1,true positive
business,trace,288,user288,malicious,attack 1,false positive
business,metric,8628,user8628,regular,no attack,false positive
business,log,8628,user8628,regular,no attack,false positive
business,trace,8628,user8628,regular,no attack,false positive
business,metric,4629,user4629,malicious,attack 2,false positive
business,log,4629,user4629,malicious,attack 2,false positive
business,trace,4629,user4629,malicious,attack 2,true positive
infrastructure,metric,2791,user2791,malicious,attack 2,false positive
infrastructure,log,2791,user2791,malicious,attack 2,false positive
infrastructure,trace,2791,user2791,malicious,attack 2,true positive
infrastructure,metric,3640,user3640,malicious,attack 2,false positive
infrastructure,log,3640,user3640,malicious,attack 2,false positive
infrastructure,trace,3640,user3640,malicious,attack 2,true positive
infrastructure,metric,8844,user8844,regular,no attack,false positive
infrastructure,log,8844,user8844,regular,no attack,false positive
infrastructure,trace,8844,user8844,regular,no attack,false positive
business,metric,7528,user7528,malicious,attack 1,false positive
business,log,7528,user7528,malicious,attack 1,true positive
business,trace,7528,user7528,malicious,attack 1,false positive
business,metric,3507,user3507,malicious,attack 2,false positive
business,log,3507,user3507,malicious,attack 2,false positive
business,trace,3507,user3507,malicious,attack 2,true positive
business,metric,6837,user6837,malicious,attack 1,false positive
business,log,6837,user6837,malicious,attack 1,true positive
business,trace,6837,user6837,malicious,attack 1,false positive
infrastructure,metric,1724,user1724,regular,no attack,false positive
infrastructure,log,1724,user1724,regular,no attack,false positive
infrastructure,trace,1724,user1724,regular,no attack,false positive
business,metric,3426,user3426,malicious,attack 1,false positive
business,log,3426,user3426,malicious,attack 1,true positive
business,trace,3426,user3426,malicious,attack 1,false positive
business,metric,6270,user6270,malicious,attack 1,false positive
business,log,6270,user6270,malicious,attack 1,true positive
business,trace,6270,user6270,malicious,attack 1,false positive
infrastructure,metric,7035,user7035,malicious,attack 2,false positive
infrastructure,log,7035,user7035,malicious,attack 2,false positive
infrastructure,trace,7035,user7035,malicious,attack 2,true positive
infrastructure,metric,331,user331,malicious,attack 1,false positive
infrastructure,log,331,user331,malicious,attack 1,true positive
infrastructure,trace,331,user331,malicious,attack 1,false positive
infrastructure,metric,2305,user2305,regular,no attack,false positive
infrastructure,log,2305,user2305,regular,no attack,false positive
infrastructure,trace,2305,user2305,regular,no attack,false positive
infrastructure,metric,8161,user8161,regular,no attack,false positive
infrastructure,log,8161,user8161,regular,no attack,false positive
infrastructure,trace,8161,user8161,regular,no attack,false positive
business,metric,4505,user4505,malicious,attack 1,false positive
business,log,4505,user4505,malicious,attack 1,true positive
business,trace,4505,user4505,malicious,attack 1,false positive
business,metric,4155,user4155,malicious,attack 1,false positive
business,log,4155,user4155,malicious,attack 1,true positive
business,trace,4155,user4155,malicious,attack 1,false positive
business,metric,118,user118,malicious,attack 2,false positive
business,log,118,user118,malicious,attack 2,false positive
business,trace,118,user118,malicious,attack 2,true positive
business,metric,9830,user9830,malicious,attack 2,false positive
business,log,9830,user9830,malicious,attack 2,false positive
business,trace,9830,user9830,malicious,attack 2,true positive
business,metric,5597,user5597,malicious,attack 2,false positive
business,log,5597,user5597,malicious,attack 2,false positive
business,trace,5597,user5597,malicious,attack 2,true positive
business,metric,6728,user6728,malicious,attack 2,false positive
business,log,6728,user6728,malicious,attack 2,false positive
business,trace,6728,user6728,malicious,attack 2,true positive
infrastructure,metric,5882,user5882,regular,no attack,false positive
infrastructure,log,5882,user5882,regular,no attack,false positive
infrastructure,trace,5882,user5882,regular,no attack,false positive
infrastructure,metric,9980,user9980,malicious,attack 1,false positive
infrastructure,log,9980,user9980,malicious,attack 1,true positive
infrastructure,trace,9980,user9980,malicious,attack 1,false positive
infrastructure,metric,7304,user7304,regular,no attack,false positive
infrastructure,log,7304,user7304,regular,no attack,false positive
infrastructure,trace,7304,user7304,regular,no attack,false positive
infrastructure,metric,1057,user1057,malicious,attack 2,false positive
infrastructure,log,1057,user1057,malicious,attack 2,false positive
infrastructure,trace,1057,user1057,malicious,attack 2,true positive
business,metric,2366,user2366,malicious,attack 2,false positive
business,log,2366,user2366,malicious,attack 2,false positive
business,trace,2366,user2366,malicious,attack 2,true positive
business,metric,4098,user4098,malicious,attack 1,false positive
business,log,4098,user4098,malicious,attack 1,true positive
business,trace,4098,user4098,malicious,attack 1,false positive
business,metric,3332,user3332,malicious,attack 2,false positive
business,log,3332,user3332,malicious,attack 2,false positive
business,trace,3332,user3332,malicious,attack 2,true positive
infrastructure,metric,4891,user4891,malicious,attack 1,false positive
infrastructure,log,4891,user4891,malicious,attack 1,true positive
infrastructure,trace,4891,user4891,malicious,attack 1,false positive
infrastructure,metric,2932,user2932,malicious,attack 2,false positive
infrastructure,log,2932,user2932,malicious,attack 2,false positive
infrastructure,trace,2932,user2932,malicious,attack 2,true positive
business,metric,816,user816,malicious,attack 2,false positive
business,log,816,user816,malicious,attack 2,false positive
business,trace,816,user816,malicious,attack 2,true positive
business,metric,1680,user1680,malicious,attack 1,false positive
business,log,1680,user1680,malicious,attack 1,true positive
business,trace,1680,user1680,malicious,attack 1,false positive
infrastructure,metric,5467,user5467,regular,no attack,false positive
infrastructure,log,5467,user5467,regular,no attack,false positive
infrastructure,trace,5467,user5467,regular,no attack,false positive
business,metric,3845,user3845,malicious,attack 2,false positive
business,log,3845,user3845,malicious,attack 2,false positive
business,trace,3845,user3845,malicious,attack 2,true positive
infrastructure,metric,697,user697,malicious,attack 2,false positive
infrastructure,log,697,user697,malicious,attack 2,false positive
infrastructure,trace,697,user697,malicious,attack 2,true positive
business,metric,701,user701,malicious,attack 2,false positive
business,log,701,user701,malicious,attack 2,false positive
business,trace,701,user701,malicious,attack 2,true positive
business,metric,7100,user7100,regular,no attack,false positive
business,log,7100,user7100,regular,no attack,false positive
business,trace,7100,user7100,regular,no attack,false positive
business,metric,545,user545,malicious,attack 2,false positive
business,log,545,user545,malicious,attack 2,false positive
business,trace,545,user545,malicious,attack 2,true positive
business,metric,5666,user5666,malicious,attack 1,false positive
business,log,5666,user5666,malicious,attack 1,true positive
business,trace,5666,user5666,malicious,attack 1,false positive
infrastructure,metric,3999,user3999,malicious,attack 2,false positive
infrastructure,log,3999,user3999,malicious,attack 2,false positive
infrastructure,trace,3999,user3999,malicious,attack 2,true positive
infrastructure,metric,1660,user1660,regular,no attack,false positive
infrastructure,log,1660,user1660,regular,no attack,false positive
infrastructure,trace,1660,user1660,regular,no attack,false positive
business,metric,7634,user7634,regular,no attack,false positive
business,log,7634,user7634,regular,no attack,false positive
business,trace,7634,user7634,regular,no attack,false positive
infrastructure,metric,3711,user3711,malicious,attack 1,false positive
infrastructure,log,3711,user3711,malicious,attack 1,true positive
infrastructure,trace,3711,user3711,malicious,attack 1,false positive
business,metric,9351,user9351,regular,no attack,false positive
business,log,9351,user9351,regular,no attack,false positive
business,trace,9351,user9351,regular,no attack,false positive
infrastructure,metric,1939,user1939,malicious,attack 1,false positive
infrastructure,log,1939,user1939,malicious,attack 1,true positive
infrastructure,trace,1939,user1939,malicious,attack 1,false positive
infrastructure,metric,5896,user5896,regular,no attack,false positive
infrastructure,log,5896,user5896,regular,no attack,false positive
infrastructure,trace,5896,user5896,regular,no attack,false positive
infrastructure,metric,2217,user2217,malicious,attack 2,false positive
infrastructure,log,2217,user2217,malicious,attack 2,false positive
infrastructure,trace,2217,user2217,malicious,attack 2,true positive
business,metric,4276,user4276,malicious,attack 2,false positive
business,log,4276,user4276,malicious,attack 2,false positive
business,trace,4276,user4276,malicious,attack 2,true positive
business,metric,9571,user9571,regular,no attack,false positive
business,log,9571,user9571,regular,no attack,false positive
business,trace,9571,user9571,regular,no attack,false positive
infrastructure,metric,8568,user8568,regular,no attack,false positive
infrastructure,log,8568,user8568,regular,no attack,false positive
infrastructure,trace,8568,user8568,regular,no attack,false positive
business,metric,9060,user9060,regular,no attack,false positive
business,log,9060,user9060,regular,no attack,false positive
business,trace,9060,user9060,regular,no attack,false positive
infrastructure,metric,103,user103,malicious,attack 2,false positive
infrastructure,log,103,user103,malicious,attack 2,false positive
infrastructure,trace,103,user103,malicious,attack 2,true positive
infrastructure,metric,4019,user4019,malicious,attack 2,false positive
infrastructure,log,4019,user4019,malicious,attack 2,false positive
infrastructure,trace,4019,user4019,malicious,attack 2,true positive
business,metric,8549,user8549,malicious,attack 1,false positive
business,log,8549,user8549,malicious,attack 1,true positive
business,trace,8549,user8549,malicious,attack 1,false positive
infrastructure,metric,6195,user6195,regular,no attack,false positive
infrastructure,log,6195,user6195,regular,no attack,false positive
infrastructure,trace,6195,user6195,regular,no attack,false positive
business,metric,8830,user8830,malicious,attack 1,false positive
business,log,8830,user8830,malicious,attack 1,true positive
business,trace,8830,user8830,malicious,attack 1,false positive
infrastructure,metric,8266,user8266,malicious,attack 2,false positive
infrastructure,log,8266,user8266,malicious,attack 2,false positive
infrastructure,trace,8266,user8266,malicious,attack 2,true positive
infrastructure,metric,7316,user7316,malicious,attack 1,false positive
infrastructure,log,7316,user7316,malicious,attack 1,true positive
infrastructure,trace,7316,user7316,malicious,attack 1,false positive
infrastructure,metric,3248,user3248,malicious,attack 1,false positive
infrastructure,log,3248,user3248,malicious,attack 1,true positive
infrastructure,trace,3248,user3248,malicious,attack 1,false positive
business,metric,6568,user6568,malicious,attack 2,false positive
business,log,6568,user6568,malicious,attack 2,false positive
business,trace,6568,user6568,malicious,attack 2,true positive
business,metric,7357,user7357,malicious,attack 2,false positive
business,log,7357,user7357,malicious,attack 2,false positive
business,trace,7357,user7357,malicious,attack 2,true positive
infrastructure,metric,1236,user1236,malicious,attack 2,false positive
infrastructure,log,1236,user1236,malicious,attack 2,false positive
infrastructure,trace,1236,user1236,malicious,attack 2,true positive
infrastructure,metric,5429,user5429,malicious,attack 2,false positive
infrastructure,log,5429,user5429,malicious,attack 2,false positive
infrastructure,trace,5429,user5429,malicious,attack 2,true positive
business,metric,924,user924,malicious,attack 2,false positive
business,log,924,user924,malicious,attack 2,false positive
business,trace,924,user924,malicious,attack 2,true positive
infrastructure,metric,7844,user7844,malicious,attack 2,false positive
infrastructure,log,7844,user7844,malicious,attack 2,false positive
infrastructure,trace,7844,user7844,malicious,attack 2,true positive
business,metric,3959,user3959,malicious,attack 1,false positive
business,log,3959,user3959,malicious,attack 1,true positive
business,trace,3959,user3959,malicious,attack 1,false positive
infrastructure,metric,5434,user5434,regular,no attack,false positive
infrastructure,log,5434,user5434,regular,no attack,false positive
infrastructure,trace,5434,user5434,regular,no attack,false positive
business,metric,4435,user4435,regular,no attack,false positive
business,log,4435,user4435,regular,no attack,false positive
business,trace,4435,user4435,regular,no attack,false positive
infrastructure,metric,5405,user5405,malicious,attack 2,false positive
infrastructure,log,5405,user5405,malicious,attack 2,false positive
infrastructure,trace,5405,user5405,malicious,attack 2,true positive
business,metric,3524,user3524,malicious,attack 1,false positive
business,log,3524,user3524,malicious,attack 1,true positive
business,trace,3524,user3524,malicious,attack 1,false positive
infrastructure,metric,9109,user9109,malicious,attack 2,false positive
infrastructure,log,9109,user9109,malicious,attack 2,false positive
infrastructure,trace,9109,user9109,malicious,attack 2,true positive
business,metric,5910,user5910,malicious,attack 2,false positive
business,log,5910,user5910,malicious,attack 2,false positive
business,trace,5910,user5910,malicious,attack 2,true positive
business,metric,8628,user8628,regular,no attack,false positive
business,log,8628,user8628,regular,no attack,false positive
business,trace,8628,user8628,regular,no attack,false positive
business,metric,7603,user7603,malicious,attack 2,false positive
business,log,7603,user7603,malicious,attack 2,false positive
business,trace,7603,user7603,malicious,attack 2,true positive
business,metric,3272,user3272,malicious,attack 1,false positive
business,log,3272,user3272,malicious,attack 1,true positive
business,trace,3272,user3272,malicious,attack 1,false positive
infrastructure,metric,7597,user7597,malicious,attack 1,false positive
infrastructure,log,7597,user7597,malicious,attack 1,true positive
infrastructure,trace,7597,user7597,malicious,attack 1,false positive
infrastructure,metric,8787,user8787,malicious,attack 2,false positive
infrastructure,log,8787,user8787,malicious,attack 2,false positive
infrastructure,trace,8787,user8787,malicious,attack 2,true positive
infrastructure,metric,3248,user3248,malicious,attack 1,false positive
infrastructure,log,3248,user3248,malicious,attack 1,true positive
infrastructure,trace,3248,user3248,malicious,attack 1,false positive
infrastructure,metric,2801,user2801,regular,no attack,false positive
infrastructure,log,2801,user2801,regular,no attack,false positive
infrastructure,trace,2801,user2801,regular,no attack,false positive
infrastructure,metric,8276,user8276,malicious,attack 2,false positive
infrastructure,log,8276,user8276,malicious,attack 2,false positive
infrastructure,trace,8276,user8276,malicious,attack 2,true positive
business,metric,2484,user2484,malicious,attack 2,false positive
business,log,2484,user2484,malicious,attack 2,false positive
business,trace,2484,user2484,malicious,attack 2,true positive
infrastructure,metric,6096,user6096,regular,no attack,false positive
infrastructure,log,6096,user6096,regular,no attack,false positive
infrastructure,trace,6096,user6096,regular,no attack,false positive
business,metric,7145,user7145,regular,no attack,false positive
business,log,7145,user7145,regular,no attack,false positive
business,trace,7145,user7145,regular,no attack,false positive
infrastructure,metric,6161,user6161,regular,no attack,false positive
infrastructure,log,6161,user6161,regular,no attack,false positive
infrastructure,trace,6161,user6161,regular,no attack,false positive
business,metric,5916,user5916,regular,no attack,false positive
business,log,5916,user5916,regular,no attack,false positive
business,trace,5916,user5916,regular,no attack,false positive
business,metric,4403,user4403,malicious,attack 2,false positive
business,log,4403,user4403,malicious,attack 2,false positive
business,trace,4403,user4403,malicious,attack 2,true positive
business,metric,8928,user8928,malicious,attack 2,false positive
business,log,8928,user8928,malicious,attack 2,false positive
business,trace,8928,user8928,malicious,attack 2,true positive
business,metric,9578,user9578,regular,no attack,false positive
business,log,9578,user9578,regular,no attack,false positive
business,trace,9578,user9578,regular,no attack,false positive
business,metric,731,user731,malicious,attack 1,false positive
business,log,731,user731,malicious,attack 1,true positive
business,trace,731,user731,malicious,attack 1,false positive
business,metric,9774,user9774,regular,no attack,false positive
business,log,9774,user9774,regular,no attack,false positive
business,trace,9774,user9774,regular,no attack,false positive
infrastructure,metric,2900,user2900,malicious,attack 1,false positive
infrastructure,log,2900,user2900,malicious,attack 1,true positive
infrastructure,trace,2900,user2900,malicious,attack 1,false positive
infrastructure,metric,8737,user8737,malicious,attack 1,false positive
infrastructure,log,8737,user8737,malicious,attack 1,true positive
infrastructure,trace,8737,user8737,malicious,attack 1,false positive
infrastructure,metric,2149,user2149,regular,no attack,false positive
infrastructure,log,2149,user2149,regular,no attack,false positive
infrastructure,trace,2149,user2149,regular,no attack,false positive
infrastructure,metric,5806,user5806,malicious,attack 1,false positive
infrastructure,log,5806,user5806,malicious,attack 1,true positive
infrastructure,trace,5806,user5806,malicious,attack 1,false positive
business,metric,5486,user5486,malicious,attack 1,false positive
business,log,5486,user5486,malicious,attack 1,true positive
business,trace,5486,user5486,malicious,attack 1,false positive
business,metric,2252,user2252,malicious,attack 2,false positive
business,log,2252,user2252,malicious,attack 2,false positive
business,trace,2252,user2252,malicious,attack 2,true positive
business,metric,2249,user2249,malicious,attack 1,false positive
business,log,2249,user2249,malicious,attack 1,true positive
business,trace,2249,user2249,malicious,attack 1,false positive
infrastructure,metric,38,user38,malicious,attack 2,false positive
infrastructure,log,38,user38,malicious,attack 2,false positive
infrastructure,trace,38,user38,malicious,attack 2,true positive
infrastructure,metric,981,user981,malicious,attack 1,false positive
infrastructure,log,981,user981,malicious,attack 1,true positive
infrastructure,trace,981,user981,malicious,attack 1,false positive
infrastructure,metric,5001,user5001,malicious,attack 1,false positive
infrastructure,log,5001,user5001,malicious,attack 1,true positive
infrastructure,trace,5001,user5001,malicious,attack 1,false positive
infrastructure,metric,5578,user5578,malicious,attack 1,false positive
infrastructure,log,5578,user5578,malicious,attack 1,true positive
infrastructure,trace,5578,user5578,malicious,attack 1,false positive
infrastructure,metric,8136,user8136,regular,no attack,false positive
infrastructure,log,8136,user8136,regular,no attack,false positive
infrastructure,trace,8136,user8136,regular,no attack,false positive
business,metric,5740,user5740,malicious,attack 2,false positive
business,log,5740,user5740,malicious,attack 2,false positive
business,trace,5740,user5740,malicious,attack 2,true positive
business,metric,1413,user1413,malicious,attack 2,false positive
business,log,1413,user1413,malicious,attack 2,false positive
business,trace,1413,user1413,malicious,attack 2,true positive
infrastructure,metric,7776,user7776,malicious,attack 2,false positive
infrastructure,log,7776,user7776,malicious,attack 2,false positive
infrastructure,trace,7776,user7776,malicious,attack 2,true positive
infrastructure,metric,9946,user9946,malicious,attack 1,false positive
infrastructure,log,9946,user9946,malicious,attack 1,true positive
infrastructure,trace,9946,user9946,malicious,attack 1,false positive
business,metric,9395,user9395,malicious,attack 2,false positive
business,log,9395,user9395,malicious,attack 2,false positive
business,trace,9395,user9395,malicious,attack 2,true positive
infrastructure,metric,6038,user6038,malicious,attack 2,false positive
infrastructure,log,6038,user6038,malicious,attack 2,false positive
infrastructure,trace,6038,user6038,malicious,attack 2,true positive
infrastructure,metric,6853,user6853,malicious,attack 2,false positive
infrastructure,log,6853,user6853,malicious,attack 2,false positive
infrastructure,trace,6853,user6853,malicious,attack 2,true positive
infrastructure,metric,2625,user2625,malicious,attack 2,false positive
infrastructure,log,2625,user2625,malicious,attack 2,false positive
infrastructure,trace,2625,user2625,malicious,attack 2,true positive
business,metric,7337,user7337,malicious,attack 1,false positive
business,log,7337,user7337,malicious,attack 1,true positive
business,trace,7337,user7337,malicious,attack 1,false positive
business,metric,782,user782,malicious,attack 1,false positive
business,log,782,user782,malicious,attack 1,true positive
business,trace,782,user782,malicious,attack 1,false positive
infrastructure,metric,6015,user6015,regular,no attack,false positive
infrastructure,log,6015,user6015,regular,no attack,false positive
infrastructure,trace,6015,user6015,regular,no attack,false positive
infrastructure,metric,3752,user3752,regular,no attack,false positive
infrastructure,log,3752,user3752,regular,no attack,false positive
infrastructure,trace,3752,user3752,regular,no attack,false positive
infrastructure,metric,2637,user2637,malicious,attack 1,false positive
infrastructure,log,2637,user2637,malicious,attack 1,true positive
infrastructure,trace,2637,user2637,malicious,attack 1,false positive
business,metric,5132,user5132,malicious,attack 1,false positive
business,log,5132,user5132,malicious,attack 1,true positive
business,trace,5132,user5132,malicious,attack 1,false positive
infrastructure,metric,8,user8,malicious,attack 2,false positive
infrastructure,log,8,user8,malicious,attack 2,false positive
infrastructure,trace,8,user8,malicious,attack 2,true positive
business,metric,9646,user9646,malicious,attack 2,false positive
business,log,9646,user9646,malicious,attack 2,false positive
business,trace,9646,user9646,malicious,attack 2,true positive
business,metric,8542,user8542,malicious,attack 1,false positive
business,log,8542,user8542,malicious,attack 1,true positive
business,trace,8542,user8542,malicious,attack 1,false positive
business,metric,3898,user3898,malicious,attack 1,false positive
business,log,3898,user3898,malicious,attack 1,true positive
business,trace,3898,user3898,malicious,attack 1,false positive
infrastructure,metric,9071,user9071,malicious,attack 1,false positive
infrastructure,log,9071,user9071,malicious,attack 1,true positive
infrastructure,trace,9071,user9071,malicious,attack 1,false positive
infrastructure,metric,4976,user4976,regular,no attack,false positive
infrastructure,log,4976,user4976,regular,no attack,false positive
infrastructure,trace,4976,user4976,regular,no attack,false positive
business,metric,1016,user1016,malicious,attack 1,false positive
business,log,1016,user1016,malicious,attack 1,true positive
business,trace,1016,user1016,malicious,attack 1,false positive
infrastructure,metric,8270,user8270,malicious,attack 1,false positive
infrastructure,log,8270,user8270,malicious,attack 1,true positive
infrastructure,trace,8270,user8270,malicious,attack 1,false positive
infrastructure,metric,9684,user9684,malicious,attack 1,false positive
infrastructure,log,9684,user9684,malicious,attack 1,true positive
infrastructure,trace,9684,user9684,malicious,attack 1,false positive
business,metric,6642,user6642,regular,no attack,false positive
business,log,6642,user6642,regular,no attack,false positive
business,trace,6642,user6642,regular,no attack,false positive
business,metric,1806,user1806,malicious,attack 1,false positive
business,log,1806,user1806,malicious,attack 1,true positive
business,trace,1806,user1806,malicious,attack 1,false positive
business,metric,3278,user3278,malicious,attack 2,false positive
business,log,3278,user3278,malicious,attack 2,false positive
business,trace,3278,user3278,malicious,attack 2,true positive
infrastructure,metric,4524,user4524,malicious,attack 1,false positive
infrastructure,log,4524,user4524,malicious,attack 1,true positive
infrastructure,trace,4524,user4524,malicious,attack 1,false positive
infrastructure,metric,9670,user9670,malicious,attack 1,false positive
infrastructure,log,9670,user9670,malicious,attack 1,true positive
infrastructure,trace,9670,user9670,malicious,attack 1,false positive
business,metric,856,user856,malicious,attack 1,false positive
business,log,856,user856,malicious,attack 1,true positive
business,trace,856,user856,malicious,attack 1,false positive
infrastructure,metric,2206,user2206,malicious,attack 2,false positive
infrastructure,log,2206,user2206,malicious,attack 2,false positive
infrastructure,trace,2206,user2206,malicious,attack 2,true positive
infrastructure,metric,2357,user2357,malicious,attack 2,false positive
infrastructure,log,2357,user2357,malicious,attack 2,false positive
infrastructure,trace,2357,user2357,malicious,attack 2,true positive
business,metric,8907,user8907,malicious,attack 1,false positive
business,log,8907,user8907,malicious,attack 1,true positive
business,trace,8907,user8907,malicious,attack 1,false positive
infrastructure,metric,9155,user9155,malicious,attack 2,false positive
infrastructure,log,9155,user9155,malicious,attack 2,false positive
infrastructure,trace,9155,user9155,malicious,attack 2,true positive
infrastructure,metric,6259,user6259,regular,no attack,false positive
infrastructure,log,6259,user6259,regular,no attack,false positive
infrastructure,trace,6259,user6259,regular,no attack,false positive
infrastructure,metric,1592,user1592,regular,no attack,false positive
infrastructure,log,1592,user1592,regular,no attack,false positive
infrastructure,trace,1592,user1592,regular,no attack,false positive
infrastructure,metric,1227,user1227,malicious,attack 2,false positive
infrastructure,log,1227,user1227,malicious,attack 2,false positive
infrastructure,trace,1227,user1227,malicious,attack 2,true positive
business,metric,8800,user8800,regular,no attack,false positive
business,log,8800,user8800,regular,no attack,false positive
business,trace,8800,user8800,regular,no attack,false positive
infrastructure,metric,2922,user2922,malicious,attack 2,false positive
infrastructure,log,2922,user2922,malicious,attack 2,false positive
infrastructure,trace,2922,user2922,malicious,attack 2,true positive
business,metric,58,user58,malicious,attack 2,false positive
business,log,58,user58,malicious,attack 2,false positive
business,trace,58,user58,malicious,attack 2,true positive
business,metric,4154,user4154,malicious,attack 2,false positive
business,log,4154,user4154,malicious,attack 2,false positive
business,trace,4154,user4154,malicious,attack 2,true positive
infrastructure,metric,8923,user8923,malicious,attack 1,false positive
infrastructure,log,8923,user8923,malicious,attack 1,true positive
infrastructure,trace,8923,user8923,malicious,attack 1,false positive
business,metric,3168,user3168,regular,no attack,false positive
business,log,3168,user3168,regular,no attack,false positive
business,trace,3168,user3168,regular,no attack,false positive
business,metric,7196,user7196,malicious,attack 2,false positive
business,log,7196,user7196,malicious,attack 2,false positive
business,trace,7196,user7196,malicious,attack 2,true positive
infrastructure,metric,5192,user5192,regular,no attack,false positive
infrastructure,log,5192,user5192,regular,no attack,false positive
infrastructure,trace,5192,user5192,regular,no attack,false positive
infrastructure,metric,480,user480,malicious,attack 1,false positive
infrastructure,log,480,user480,malicious,attack 1,true positive
infrastructure,trace,480,user480,malicious,attack 1,false positive
infrastructure,metric,9794,user9794,regular,no attack,false positive
infrastructure,log,9794,user9794,regular,no attack,false positive
infrastructure,trace,9794,user9794,regular,no attack,false positive
business,metric,6702,user6702,malicious,attack 2,false positive
business,log,6702,user6702,malicious,attack 2,false positive
business,trace,6702,user6702,malicious,attack 2,true positive
infrastructure,metric,1410,user1410,regular,no attack,false positive
infrastructure,log,1410,user1410,regular,no attack,false positive
infrastructure,trace,1410,user1410,regular,no attack,false positive
infrastructure,metric,8976,user8976,malicious,attack 2,false positive
infrastructure,log,8976,user8976,malicious,attack 2,false positive
infrastructure,trace,8976,user8976,malicious,attack 2,true positive
business,metric,3234,user3234,malicious,attack 1,false positive
business,log,3234,user3234,malicious,attack 1,true positive
business,trace,3234,user3234,malicious,attack 1,false positive
infrastructure,metric,6095,user6095,malicious,attack 2,false positive
infrastructure,log,6095,user6095,malicious,attack 2,false positive
infrastructure,trace,6095,user6095,malicious,attack 2,true positive
infrastructure,metric,8569,user8569,regular,no attack,false positive
infrastructure,log,8569,user8569,regular,no attack,false positive
infrastructure,trace,8569,user8569,regular,no attack,false positive
business,metric,368,user368,malicious,attack 2,false positive
business,log,368,user368,malicious,attack 2,false positive
business,trace,368,user368,malicious,attack 2,true positive
business,metric,9195,user9195,regular,no attack,false positive
business,log,9195,user9195,regular,no attack,false positive
business,trace,9195,user9195,regular,no attack,false positive
business,metric,2232,user2232,malicious,attack 1,false positive
business,log,2232,user2232,malicious,attack 1,true positive
business,trace,2232,user2232,malicious,attack 1,false positive
business,metric,8588,user8588,regular,no attack,false positive
business,log,8588,user8588,regular,no attack,false positive
business,trace,8588,user8588,regular,no attack,false positive
business,metric,507,user507,regular,no attack,false positive
business,log,507,user507,regular,no attack,false positive
business,trace,507,user507,regular,no attack,false positive
infrastructure,metric,930,user930,regular,no attack,false positive
infrastructure,log,930,user930,regular,no attack,false positive
infrastructure,trace,930,user930,regular,no attack,false positive
infrastructure,metric,8099,user8099,regular,no attack,false positive
infrastructure,log,8099,user8099,regular,no attack,false positive
infrastructure,trace,8099,user8099,regular,no attack,false positive
infrastructure,metric,4088,user4088,malicious,attack 2,false positive
infrastructure,log,4088,user4088,malicious,attack 2,false positive
infrastructure,trace,4088,user4088,malicious,attack 2,true positive
business,metric,8729,user8729,regular,no attack,false positive
business,log,8729,user8729,regular,no attack,false positive
business,trace,8729,user8729,regular,no attack,false positive
infrastructure,metric,1250,user1250,malicious,attack 1,false positive
infrastructure,log,1250,user1250,malicious,attack 1,true positive
infrastructure,trace,1250,user1250,malicious,attack 1,false positive
infrastructure,metric,8718,user8718,malicious,attack 1,false positive
infrastructure,log,8718,user8718,malicious,attack 1,true positive
infrastructure,trace,8718,user8718,malicious,attack 1,false positive
infrastructure,metric,8212,user8212,malicious,attack 2,false positive
infrastructure,log,8212,user8212,malicious,attack 2,false positive
infrastructure,trace,8212,user8212,malicious,attack 2,true positive
infrastructure,metric,9867,user9867,malicious,attack 2,false positive
infrastructure,log,9867,user9867,malicious,attack 2,false positive
infrastructure,trace,9867,user9867,malicious,attack 2,true positive
business,metric,2617,user2617,regular,no attack,false positive
business,log,2617,user2617,regular,no attack,false positive
business,trace,2617,user2617,regular,no attack,false positive
business,metric,7223,user7223,regular,no attack,false positive
business,log,7223,user7223,regular,no attack,false positive
business,trace,7223,user7223,regular,no attack,false positive
business,metric,8052,user8052,malicious,attack 2,false positive
business,log,8052,user8052,malicious,attack 2,false positive
business,trace,8052,user8052,malicious,attack 2,true positive
infrastructure,metric,1999,user1999,malicious,attack 2,false positive
infrastructure,log,1999,user1999,malicious,attack 2,false positive
infrastructure,trace,1999,user1999,malicious,attack 2,true positive
infrastructure,metric,2564,user2564,malicious,attack 2,false positive
infrastructure,log,2564,user2564,malicious,attack 2,false positive
infrastructure,trace,2564,user2564,malicious,attack 2,true positive
infrastructure,metric,7764,user7764,malicious,attack 2,false positive
infrastructure,log,7764,user7764,malicious,attack 2,false positive
infrastructure,trace,7764,user7764,malicious,attack 2,true positive
infrastructure,metric,5937,user5937,malicious,attack 1,false positive
infrastructure,log,5937,user5937,malicious,attack 1,true positive
infrastructure,trace,5937,user5937,malicious,attack 1,false positive
infrastructure,metric,8106,user8106,malicious,attack 1,false positive
infrastructure,log,8106,user8106,malicious,attack 1,true positive
infrastructure,trace,8106,user8106,malicious,attack 1,false positive
business,metric,8686,user8686,regular,no attack,false positive
business,log,8686,user8686,regular,no attack,false positive
business,trace,8686,user8686,regular,no attack,false positive
business,metric,6333,user6333,malicious,attack 1,false positive
business,log,6333,user6333,malicious,attack 1,true positive
business,trace,6333,user6333,malicious,attack 1,false positive
business,metric,3682,user3682,malicious,attack 2,false positive
business,log,3682,user3682,malicious,attack 2,false positive
business,trace,3682,user3682,malicious,attack 2,true positive
infrastructure,metric,2532,user2532,malicious,attack 2,false positive
infrastructure,log,2532,user2532,malicious,attack 2,false positive
infrastructure,trace,2532,user2532,malicious,attack 2,true positive
business,metric,900,user900,malicious,attack 1,false positive
business,log,900,user900,malicious,attack 1,true positive
business,trace,900,user900,malicious,attack 1,false positive
infrastructure,metric,5647,user5647,malicious,attack 1,false positive
infrastructure,log,5647,user5647,malicious,attack 1,true positive
infrastructure,trace,5647,user5647,malicious,attack 1,false positive
infrastructure,metric,8579,user8579,malicious,attack 1,false positive
infrastructure,log,8579,user8579,malicious,attack 1,true positive
infrastructure,trace,8579,user8579,malicious,attack 1,false positive
business,metric,8421,user8421,regular,no attack,false positive
business,log,8421,user8421,regular,no attack,false positive
business,trace,8421,user8421,regular,no attack,false positive
infrastructure,metric,7442,user7442,malicious,attack 2,false positive
infrastructure,log,7442,user7442,malicious,attack 2,false positive
infrastructure,trace,7442,user7442,malicious,attack 2,true positive
infrastructure,metric,3325,user3325,regular,no attack,false positive
infrastructure,log,3325,user3325,regular,no attack,false positive
infrastructure,trace,3325,user3325,regular,no attack,false positive
business,metric,3121,user3121,malicious,attack 2,false positive
business,log,3121,user3121,malicious,attack 2,false positive
business,trace,3121,user3121,malicious,attack 2,true positive
infrastructure,metric,2403,user2403,malicious,attack 2,false positive
infrastructure,log,2403,user2403,malicious,attack 2,false positive
infrastructure,trace,2403,user2403,malicious,attack 2,true positive
business,metric,3715,user3715,malicious,attack 2,false positive
business,log,3715,user3715,malicious,attack 2,false positive
business,trace,3715,user3715,malicious,attack 2,true positive
business,metric,6717,user6717,malicious,attack 2,false positive
business,log,6717,user6717,malicious,attack 2,false positive
business,trace,6717,user6717,malicious,attack 2,true positive
business,metric,3525,user3525,malicious,attack 2,false positive
business,log,3525,user3525,malicious,attack 2,false positive
business,trace,3525,user3525,malicious,attack 2,true positive
business,metric,1939,user1939,malicious,attack 2,false positive
business,log,1939,user1939,malicious,attack 2,false positive
business,trace,1939,user1939,malicious,attack 2,true positive
infrastructure,metric,3939,user3939,malicious,attack 2,false positive
infrastructure,log,3939,user3939,malicious,attack 2,false positive
infrastructure,trace,3939,user3939,malicious,attack 2,true positive
business,metric,4642,user4642,regular,no attack,false positive
business,log,4642,user4642,regular,no attack,false positive
business,trace,4642,user4642,regular,no attack,false positive
infrastructure,metric,3858,user3858,malicious,attack 2,false positive
infrastructure,log,3858,user3858,malicious,attack 2,false positive
infrastructure,trace,3858,user3858,malicious,attack 2,true positive
business,metric,656,user656,regular,no attack,false positive
business,log,656,user656,regular,no attack,false positive
business,trace,656,user656,regular,no attack,false positive
business,metric,357,user357,regular,no attack,false positive
business,log,357,user357,regular,no attack,false positive
business,trace,357,user357,regular,no attack,false positive
business,metric,9434,user9434,regular,no attack,false positive
business,log,9434,user9434,regular,no attack,false positive
business,trace,9434,user9434,regular,no attack,false positive
infrastructure,metric,6787,user6787,regular,no attack,false positive
infrastructure,log,6787,user6787,regular,no attack,false positive
infrastructure,trace,6787,user6787,regular,no attack,false positive
business,metric,7559,user7559,regular,no attack,false positive
business,log,7559,user7559,regular,no attack,false positive
business,trace,7559,user7559,regular,no attack,false positive
infrastructure,metric,26,user26,regular,no attack,false positive
infrastructure,log,26,user26,regular,no attack,false positive
infrastructure,trace,26,user26,regular,no attack,false positive
infrastructure,metric,4444,user4444,malicious,attack 2,false positive
infrastructure,log,4444,user4444,malicious,attack 2,false positive
infrastructure,trace,4444,user4444,malicious,attack 2,true positive
infrastructure,metric,2516,user2516,malicious,attack 2,false positive
infrastructure,log,2516,user2516,malicious,attack 2,false positive
infrastructure,trace,2516,user2516,malicious,attack 2,true positive
business,metric,84,user84,regular,no attack,false positive
business,log,84,user84,regular,no attack,false positive
business,trace,84,user84,regular,no attack,false positive
infrastructure,metric,3273,user3273,malicious,attack 1,false positive
infrastructure,log,3273,user3273,malicious,attack 1,true positive
infrastructure,trace,3273,user3273,malicious,attack 1,false positive
infrastructure,metric,1572,user1572,malicious,attack 1,false positive
infrastructure,log,1572,user1572,malicious,attack 1,true positive
infrastructure,trace,1572,user1572,malicious,attack 1,false positive
business,metric,2118,user2118,regular,no attack,false positive
business,log,2118,user2118,regular,no attack,false positive
business,trace,2118,user2118,regular,no attack,false positive
business,metric,2661,user2661,malicious,attack 2,false positive
business,log,2661,user2661,malicious,attack 2,false positive
business,trace,2661,user2661,malicious,attack 2,true positive
infrastructure,metric,2024,user2024,malicious,attack 1,false positive
infrastructure,log,2024,user2024,malicious,attack 1,true positive
infrastructure,trace,2024,user2024,malicious,attack 1,false positive
infrastructure,metric,2614,user2614,regular,no attack,false positive
infrastructure,log,2614,user2614,regular,no attack,false positive
infrastructure,trace,2614,user2614,regular,no attack,false positive
business,metric,8659,user8659,malicious,attack 2,false positive
business,log,8659,user8659,malicious,attack 2,false positive
business,trace,8659,user8659,malicious,attack 2,true positive
infrastructure,metric,1981,user1981,malicious,attack 2,false positive
infrastructure,log,1981,user1981,malicious,attack 2,false positive
infrastructure,trace,1981,user1981,malicious,attack 2,true positive
infrastructure,metric,861,user861,malicious,attack 1,false positive
infrastructure,log,861,user861,malicious,attack 1,true positive
infrastructure,trace,861,user861,malicious,attack 1,false positive
business,metric,4509,user4509,malicious,attack 2,false positive
business,log,4509,user4509,malicious,attack 2,false positive
business,trace,4509,user4509,malicious,attack 2,true positive
infrastructure,metric,2057,user2057,malicious,attack 1,false positive
infrastructure,log,2057,user2057,malicious,attack 1,true positive
infrastructure,trace,2057,user2057,malicious,attack 1,false positive
infrastructure,metric,1899,user1899,malicious,attack 2,false positive
infrastructure,log,1899,user1899,malicious,attack 2,false positive
infrastructure,trace,1899,user1899,malicious,attack 2,true positive
business,metric,3137,user3137,regular,no attack,false positive
business,log,3137,user3137,regular,no attack,false positive
business,trace,3137,user3137,regular,no attack,false positive
infrastructure,metric,9007,user9007,malicious,attack 2,false positive
infrastructure,log,9007,user9007,malicious,attack 2,false positive
infrastructure,trace,9007,user9007,malicious,attack 2,true positive
business,metric,1317,user1317,malicious,attack 2,false positive
business,log,1317,user1317,malicious,attack 2,false positive
business,trace,1317,user1317,malicious,attack 2,true positive
infrastructure,metric,4436,user4436,regular,no attack,false positive
infrastructure,log,4436,user4436,regular,no attack,false positive
infrastructure,trace,4436,user4436,regular,no attack,false positive
infrastructure,metric,9426,user9426,malicious,attack 1,false positive
infrastructure,log,9426,user9426,malicious,attack 1,true positive
infrastructure,trace,9426,user9426,malicious,attack 1,false positive
infrastructure,metric,361,user361,malicious,attack 2,false positive
infrastructure,log,361,user361,malicious,attack 2,false positive
infrastructure,trace,361,user361,malicious,attack 2,true positive
business,metric,3186,user3186,malicious,attack 2,false positive
business,log,3186,user3186,malicious,attack 2,false positive
business,trace,3186,user3186,malicious,attack 2,true positive
infrastructure,metric,5384,user5384,malicious,attack 2,false positive
infrastructure,log,5384,user5384,malicious,attack 2,false positive
infrastructure,trace,5384,user5384,malicious,attack 2,true positive
business,metric,2612,user2612,malicious,attack 1,false positive
business,log,2612,user2612,malicious,attack 1,true positive
business,trace,2612,user2612,malicious,attack 1,false positive
business,metric,1494,user1494,malicious,attack 1,false positive
business,log,1494,user1494,malicious,attack 1,true positive
business,trace,1494,user1494,malicious,attack 1,false positive
infrastructure,metric,6500,user6500,malicious,attack 2,false positive
infrastructure,log,6500,user6500,malicious,attack 2,false positive
infrastructure,trace,6500,user6500,malicious,attack 2,true positive
business,metric,5970,user5970,malicious,attack 2,false positive
business,log,5970,user5970,malicious,attack 2,false positive
business,trace,5970,user5970,malicious,attack 2,true positive
business,metric,6386,user6386,malicious,attack 2,false positive
business,log,6386,user6386,malicious,attack 2,false positive
business,trace,6386,user6386,malicious,attack 2,true positive
business,metric,8145,user8145,malicious,attack 1,false positive
business,log,8145,user8145,malicious,attack 1,true positive
business,trace,8145,user8145,malicious,attack 1,false positive
infrastructure,metric,9500,user9500,malicious,attack 1,false positive
infrastructure,log,9500,user9500,malicious,attack 1,true positive
infrastructure,trace,9500,user9500,malicious,attack 1,false positive
business,metric,5269,user5269,malicious,attack 2,false positive
business,log,5269,user5269,malicious,attack 2,false positive
business,trace,5269,user5269,malicious,attack 2,true positive
infrastructure,metric,7865,user7865,malicious,attack 1,false positive
infrastructure,log,7865,user7865,malicious,attack 1,true positive
infrastructure,trace,7865,user7865,malicious,attack 1,false positive
infrastructure,metric,7838,user7838,malicious,attack 2,false positive
infrastructure,log,7838,user7838,malicious,attack 2,false positive
infrastructure,trace,7838,user7838,malicious,attack 2,true positive
infrastructure,metric,3861,user3861,malicious,attack 1,false positive
infrastructure,log,3861,user3861,malicious,attack 1,true positive
infrastructure,trace,3861,user3861,malicious,attack 1,false positive
business,metric,1910,user1910,malicious,attack 1,false positive
business,log,1910,user1910,malicious,attack 1,true positive
business,trace,1910,user1910,malicious,attack 1,false positive
business,metric,5912,user5912,malicious,attack 1,false positive
business,log,5912,user5912,malicious,attack 1,true positive
business,trace,5912,user5912,malicious,attack 1,false positive
infrastructure,metric,2881,user2881,malicious,attack 2,false positive
infrastructure,log,2881,user2881,malicious,attack 2,false positive
infrastructure,trace,2881,user2881,malicious,attack 2,true positive
business,metric,3158,user3158,malicious,attack 2,false positive
business,log,3158,user3158,malicious,attack 2,false positive
business,trace,3158,user3158,malicious,attack 2,true positive
business,metric,8627,user8627,malicious,attack 2,false positive
business,log,8627,user8627,malicious,attack 2,false positive
business,trace,8627,user8627,malicious,attack 2,true positive
infrastructure,metric,3216,user3216,malicious,attack 2,false positive
infrastructure,log,3216,user3216,malicious,attack 2,false positive
infrastructure,trace,3216,user3216,malicious,attack 2,true positive
infrastructure,metric,199,user199,regular,no attack,false positive
infrastructure,log,199,user199,regular,no attack,false positive
infrastructure,trace,199,user199,regular,no attack,false positive
infrastructure,metric,6003,user6003,malicious,attack 2,false positive
infrastructure,log,6003,user6003,malicious,attack 2,false positive
infrastructure,trace,6003,user6003,malicious,attack 2,true positive
business,metric,1939,user1939,malicious,attack 1,false positive
business,log,1939,user1939,malicious,attack 1,true positive
business,trace,1939,user1939,malicious,attack 1,false positive
infrastructure,metric,4293,user4293,malicious,attack 1,false positive
infrastructure,log,4293,user4293,malicious,attack 1,true positive
infrastructure,trace,4293,user4293,malicious,attack 1,false positive
infrastructure,metric,3372,user3372,malicious,attack 1,false positive
infrastructure,log,3372,user3372,malicious,attack 1,true positive
infrastructure,trace,3372,user3372,malicious,attack 1,false positive
business,metric,1477,user1477,malicious,attack 1,false positive
business,log,1477,user1477,malicious,attack 1,true positive
business,trace,1477,user1477,malicious,attack 1,false positive
infrastructure,metric,4031,user4031,malicious,attack 1,false positive
infrastructure,log,4031,user4031,malicious,attack 1,true positive
infrastructure,trace,4031,user4031,malicious,attack 1,false positive
infrastructure,metric,3355,user3355,malicious,attack 2,false positive
infrastructure,log,3355,user3355,malicious,attack 2,false positive
infrastructure,trace,3355,user3355,malicious,attack 2,true positive
business,metric,4105,user4105,malicious,attack 1,false positive
business,log,4105,user4105,malicious,attack 1,true positive
business,trace,4105,user4105,malicious,attack 1,false positive
business,metric,196,user196,malicious,attack 1,false positive
business,log,196,user196,malicious,attack 1,true positive
business,trace,196,user196,malicious,attack 1,false positive
business,metric,9200,user9200,malicious,attack 1,false positive
business,log,9200,user9200,malicious,attack 1,true positive
business,trace,9200,user9200,malicious,attack 1,false positive
infrastructure,metric,2612,user2612,malicious,attack 2,false positive
infrastructure,log,2612,user2612,malicious,attack 2,false positive
infrastructure,trace,2612,user2612,malicious,attack 2,true positive
infrastructure,metric,9609,user9609,regular,no attack,false positive
infrastructure,log,9609,user9609,regular,no attack,false positive
infrastructure,trace,9609,user9609,regular,no attack,false positive
infrastructure,metric,6915,user6915,malicious,attack 1,false positive
infrastructure,log,6915,user6915,malicious,attack 1,true positive
infrastructure,trace,6915,user6915,malicious,attack 1,false positive
business,metric,2964,user2964,malicious,attack 1,false positive
business,log,2964,user2964,malicious,attack 1,true positive
business,trace,2964,user2964,malicious,attack 1,false positive
infrastructure,metric,8714,user8714,regular,no attack,false positive
infrastructure,log,8714,user8714,regular,no attack,false positive
infrastructure,trace,8714,user8714,regular,no attack,false positive
business,metric,9045,user9045,malicious,attack 2,false positive
business,log,9045,user9045,malicious,attack 2,false positive
business,trace,9045,user9045,malicious,attack 2,true positive
business,metric,4398,user4398,malicious,attack 1,false positive
business,log,4398,user4398,malicious,attack 1,true positive
business,trace,4398,user4398,malicious,attack 1,false positive
business,metric,8630,user8630,malicious,attack 1,false positive
business,log,8630,user8630,malicious,attack 1,true positive
business,trace,8630,user8630,malicious,attack 1,false positive
business,metric,1501,user1501,regular,no attack,false positive
business,log,1501,user1501,regular,no attack,false positive
business,trace,1501,user1501,regular,no attack,false positive
business,metric,9982,user9982,regular,no attack,false positive
business,log,9982,user9982,regular,no attack,false positive
business,trace,9982,user9982,regular,no attack,false positive
business,metric,5078,user5078,malicious,attack 2,false positive
business,log,5078,user5078,malicious,attack 2,false positive
business,trace,5078,user5078,malicious,attack 2,true positive
infrastructure,metric,2316,user2316,malicious,attack 1,false positive
infrastructure,log,2316,user2316,malicious,attack 1,true positive
infrastructure,trace,2316,user2316,malicious,attack 1,false positive
infrastructure,metric,5920,user5920,regular,no attack,false positive
infrastructure,log,5920,user5920,regular,no attack,false positive
infrastructure,trace,5920,user5920,regular,no attack,false positive
infrastructure,metric,2776,user2776,malicious,attack 2,false positive
infrastructure,log,2776,user2776,malicious,attack 2,false positive
infrastructure,trace,2776,user2776,malicious,attack 2,true positive
business,metric,5309,user5309,malicious,attack 2,false positive
business,log,5309,user5309,malicious,attack 2,false positive
business,trace,5309,user5309,malicious,attack 2,true positive
infrastructure,metric,8070,user8070,regular,no attack,false positive
infrastructure,log,8070,user8070,regular,no attack,false positive
infrastructure,trace,8070,user8070,regular,no attack,false positive
infrastructure,metric,2078,user2078,regular,no attack,false positive
infrastructure,log,2078,user2078,regular,no attack,false positive
infrastructure,trace,2078,user2078,regular,no attack,false positive
infrastructure,metric,2903,user2903,regular,no attack,false positive
infrastructure,log,2903,user2903,regular,no attack,false positive
infrastructure,trace,2903,user2903,regular,no attack,false positive
infrastructure,metric,8472,user8472,malicious,attack 1,false positive
infrastructure,log,8472,user8472,malicious,attack 1,true positive
infrastructure,trace,8472,user8472,malicious,attack 1,false positive
infrastructure,metric,7487,user7487,malicious,attack 2,false positive
infrastructure,log,7487,user7487,malicious,attack 2,false positive
infrastructure,trace,7487,user7487,malicious,attack 2,true positive
infrastructure,metric,9049,user9049,malicious,attack 1,false positive
infrastructure,log,9049,user9049,malicious,attack 1,true positive
infrastructure,trace,9049,user9049,malicious,attack 1,false positive
infrastructure,metric,6303,user6303,regular,no attack,false positive
infrastructure,log,6303,user6303,regular,no attack,false positive
infrastructure,trace,6303,user6303,regular,no attack,false positive
business,metric,1881,user1881,regular,no attack,false positive
business,log,1881,user1881,regular,no attack,false positive
business,trace,1881,user1881,regular,no attack,false positive
infrastructure,metric,9751,user9751,malicious,attack 2,false positive
infrastructure,log,9751,user9751,malicious,attack 2,false positive
infrastructure,trace,9751,user9751,malicious,attack 2,true positive
business,metric,643,user643,malicious,attack 1,false positive
business,log,643,user643,malicious,attack 1,true positive
business,trace,643,user643,malicious,attack 1,false positive
infrastructure,metric,1152,user1152,regular,no attack,false positive
infrastructure,log,1152,user1152,regular,no attack,false positive
infrastructure,trace,1152,user1152,regular,no attack,false positive
infrastructure,metric,8773,user8773,malicious,attack 2,false positive
infrastructure,log,8773,user8773,malicious,attack 2,false positive
infrastructure,trace,8773,user8773,malicious,attack 2,true positive
infrastructure,metric,5813,user5813,regular,no attack,false positive
infrastructure,log,5813,user5813,regular,no attack,false positive
infrastructure,trace,5813,user5813,regular,no attack,false positive
business,metric,5934,user5934,regular,no attack,false positive
business,log,5934,user5934,regular,no attack,false positive
business,trace,5934,user5934,regular,no attack,false positive
infrastructure,metric,6521,user6521,malicious,attack 1,false positive
infrastructure,log,6521,user6521,malicious,attack 1,true positive
infrastructure,trace,6521,user6521,malicious,attack 1,false positive
business,metric,409,user409,regular,no attack,false positive
business,log,409,user409,regular,no attack,false positive
business,trace,409,user409,regular,no attack,false positive
business,metric,6790,user6790,malicious,attack 2,false positive
business,log,6790,user6790,malicious,attack 2,false positive
business,trace,6790,user6790,malicious,attack 2,true positive
infrastructure,metric,2789,user2789,malicious,attack 1,false positive
infrastructure,log,2789,user2789,malicious,attack 1,true positive
infrastructure,trace,2789,user2789,malicious,attack 1,false positive
business,metric,741,user741,malicious,attack 1,false positive
business,log,741,user741,malicious,attack 1,true positive
business,trace,741,user741,malicious,attack 1,false positive
infrastructure,metric,1315,user1315,regular,no attack,false positive
infrastructure,log,1315,user1315,regular,no attack,false positive
infrastructure,trace,1315,user1315,regular,no attack,false positive
infrastructure,metric,1827,user1827,regular,no attack,false positive
infrastructure,log,1827,user1827,regular,no attack,false positive
infrastructure,trace,1827,user1827,regular,no attack,false positive
infrastructure,metric,7917,user7917,malicious,attack 2,false positive
infrastructure,log,7917,user7917,malicious,attack 2,false positive
infrastructure,trace,7917,user7917,malicious,attack 2,true positive
infrastructure,metric,7921,user7921,regular,no attack,false positive
infrastructure,log,7921,user7921,regular,no attack,false positive
infrastructure,trace,7921,user7921,regular,no attack,false positive
business,metric,470,user470,malicious,attack 1,false positive
business,log,470,user470,malicious,attack 1,true positive
business,trace,470,user470,malicious,attack 1,false positive
infrastructure,metric,975,user975,malicious,attack 1,false positive
infrastructure,log,975,user975,malicious,attack 1,true positive
infrastructure,trace,975,user975,malicious,attack 1,false positive
infrastructure,metric,5292,user5292,regular,no attack,false positive
infrastructure,log,5292,user5292,regular,no attack,false positive
infrastructure,trace,5292,user5292,regular,no attack,false positive
infrastructure,metric,5981,user5981,malicious,attack 1,false positive
infrastructure,log,5981,user5981,malicious,attack 1,true positive
infrastructure,trace,5981,user5981,malicious,attack 1,false positive
business,metric,1449,user1449,malicious,attack 2,false positive
business,log,1449,user1449,malicious,attack 2,false positive
business,trace,1449,user1449,malicious,attack 2,true positive
business,metric,7055,user7055,malicious,attack 1,false positive
business,log,7055,user7055,malicious,attack 1,true positive
business,trace,7055,user7055,malicious,attack 1,false positive
infrastructure,metric,2238,user2238,regular,no attack,false positive
infrastructure,log,2238,user2238,regular,no attack,false positive
infrastructure,trace,2238,user2238,regular,no attack,false positive
business,metric,8244,user8244,malicious,attack 1,false positive
business,log,8244,user8244,malicious,attack 1,true positive
business,trace,8244,user8244,malicious,attack 1,false positive
business,metric,7311,user7311,malicious,attack 2,false positive
business,log,7311,user7311,malicious,attack 2,false positive
business,trace,7311,user7311,malicious,attack 2,true positive
infrastructure,metric,7835,user7835,regular,no attack,false positive
infrastructure,log,7835,user7835,regular,no attack,false positive
infrastructure,trace,7835,user7835,regular,no attack,false positive
business,metric,771,user771,malicious,attack 1,false positive
business,log,771,user771,malicious,attack 1,true positive
business,trace,771,user771,malicious,attack 1,false positive
infrastructure,metric,9648,user9648,malicious,attack 1,false positive
infrastructure,log,9648,user9648,malicious,attack 1,true positive
infrastructure,trace,9648,user9648,malicious,attack 1,false positive
business,metric,9384,user9384,malicious,attack 1,false positive
business,log,9384,user9384,malicious,attack 1,true positive
business,trace,9384,user9384,malicious,attack 1,false positive
business,metric,5180,user5180,malicious,attack 2,false positive
business,log,5180,user5180,malicious,attack 2,false positive
business,trace,5180,user5180,malicious,attack 2,true positive
infrastructure,metric,3863,user3863,malicious,attack 1,false positive
infrastructure,log,3863,user3863,malicious,attack 1,true positive
infrastructure,trace,3863,user3863,malicious,attack 1,false positive
infrastructure,metric,7073,user7073,malicious,attack 1,false positive
infrastructure,log,7073,user7073,malicious,attack 1,true positive
infrastructure,trace,7073,user7073,malicious,attack 1,false positive
infrastructure,metric,3748,user3748,malicious,attack 1,false positive
infrastructure,log,3748,user3748,malicious,attack 1,true positive
infrastructure,trace,3748,user3748,malicious,attack 1,false positive
infrastructure,metric,2861,user2861,malicious,attack 1,false positive
infrastructure,log,2861,user2861,malicious,attack 1,true positive
infrastructure,trace,2861,user2861,malicious,attack 1,false positive
infrastructure,metric,1750,user1750,malicious,attack 1,false positive
infrastructure,log,1750,user1750,malicious,attack 1,true positive
infrastructure,trace,1750,user1750,malicious,attack 1,false positive
infrastructure,metric,3290,user3290,malicious,attack 1,false positive
infrastructure,log,3290,user3290,malicious,attack 1,true positive
infrastructure,trace,3290,user3290,malicious,attack 1,false positive
infrastructure,metric,3339,user3339,malicious,attack 1,false positive
infrastructure,log,3339,user3339,malicious,attack 1,true positive
infrastructure,trace,3339,user3339,malicious,attack 1,false positive
infrastructure,metric,5566,user5566,malicious,attack 2,false positive
infrastructure,log,5566,user5566,malicious,attack 2,false positive
infrastructure,trace,5566,user5566,malicious,attack 2,true positive
business,metric,5484,user5484,malicious,attack 1,false positive
business,log,5484,user5484,malicious,attack 1,true positive
business,trace,5484,user5484,malicious,attack 1,false positive
infrastructure,metric,9151,user9151,regular,no attack,false positive
infrastructure,log,9151,user9151,regular,no attack,false positive
infrastructure,trace,9151,user9151,regular,no attack,false positive
business,metric,7359,user7359,regular,no attack,false positive
business,log,7359,user7359,regular,no attack,false positive
business,trace,7359,user7359,regular,no attack,false positive
business,metric,5941,user5941,malicious,attack 2,false positive
business,log,5941,user5941,malicious,attack 2,false positive
business,trace,5941,user5941,malicious,attack 2,true positive
infrastructure,metric,3710,user3710,malicious,attack 1,false positive
infrastructure,log,3710,user3710,malicious,attack 1,true positive
infrastructure,trace,3710,user3710,malicious,attack 1,false positive
business,metric,717,user717,malicious,attack 1,false positive
business,log,717,user717,malicious,attack 1,true positive
business,trace,717,user717,malicious,attack 1,false positive
infrastructure,metric,5129,user5129,malicious,attack 2,false positive
infrastructure,log,5129,user5129,malicious,attack 2,false positive
infrastructure,trace,5129,user5129,malicious,attack 2,true positive
business,metric,7101,user7101,malicious,attack 1,false positive
business,log,7101,user7101,malicious,attack 1,true positive
business,trace,7101,user7101,malicious,attack 1,false positive
infrastructure,metric,881,user881,malicious,attack 1,false positive
infrastructure,log,881,user881,malicious,attack 1,true positive
infrastructure,trace,881,user881,malicious,attack 1,false positive
business,metric,671,user671,regular,no attack,false positive
business,log,671,user671,regular,no attack,false positive
business,trace,671,user671,regular,no attack,false positive
business,metric,1994,user1994,malicious,attack 1,false positive
business,log,1994,user1994,malicious,attack 1,true positive
business,trace,1994,user1994,malicious,attack 1,false positive
infrastructure,metric,9484,user9484,malicious,attack 1,false positive
infrastructure,log,9484,user9484,malicious,attack 1,true positive
infrastructure,trace,9484,user9484,malicious,attack 1,false positive
business,metric,2176,user2176,malicious,attack 1,false positive
business,log,2176,user2176,malicious,attack 1,true positive
business,trace,2176,user2176,malicious,attack 1,false positive
business,metric,8713,user8713,regular,no attack,false positive
business,log,8713,user8713,regular,no attack,false positive
business,trace,8713,user8713,regular,no attack,false positive
business,metric,4145,user4145,malicious,attack 1,false positive
business,log,4145,user4145,malicious,attack 1,true positive
business,trace,4145,user4145,malicious,attack 1,false positive
infrastructure,metric,1570,user1570,malicious,attack 1,false positive
infrastructure,log,1570,user1570,malicious,attack 1,true positive
infrastructure,trace,1570,user1570,malicious,attack 1,false positive
infrastructure,metric,7774,user7774,malicious,attack 1,false positive
infrastructure,log,7774,user7774,malicious,attack 1,true positive
infrastructure,trace,7774,user7774,malicious,attack 1,false positive
business,metric,131,user131,malicious,attack 1,false positive
business,log,131,user131,malicious,attack 1,true positive
business,trace,131,user131,malicious,attack 1,false positive
business,metric,3554,user3554,malicious,attack 2,false positive
business,log,3554,user3554,malicious,attack 2,false positive
business,trace,3554,user3554,malicious,attack 2,true positive
business,metric,3505,user3505,malicious,attack 2,false positive
business,log,3505,user3505,malicious,attack 2,false positive
business,trace,3505,user3505,malicious,attack 2,true positive
business,metric,9654,user9654,regular,no attack,false positive
business,log,9654,user9654,regular,no attack,false positive
business,trace,9654,user9654,regular,no attack,false positive
business,metric,129,user129,regular,no attack,false positive
business,log,129,user129,regular,no attack,false positive
business,trace,129,user129,regular,no attack,false positive
business,metric,1507,user1507,malicious,attack 1,false positive
business,log,1507,user1507,malicious,attack 1,true positive
business,trace,1507,user1507,malicious,attack 1,false positive
infrastructure,metric,5697,user5697,malicious,attack 2,false positive
infrastructure,log,5697,user5697,malicious,attack 2,false positive
infrastructure,trace,5697,user5697,malicious,attack 2,true positive
business,metric,6785,user6785,malicious,attack 2,false positive
business,log,6785,user6785,malicious,attack 2,false positive
business,trace,6785,user6785,malicious,attack 2,true positive
business,metric,8838,user8838,regular,no attack,false positive
business,log,8838,user8838,regular,no attack,false positive
business,trace,8838,user8838,regular,no attack,false positive
business,metric,1435,user1435,malicious,attack 2,false positive
business,log,1435,user1435,malicious,attack 2,false positive
business,trace,1435,user1435,malicious,attack 2,true positive
infrastructure,metric,7606,user7606,regular,no attack,false positive
infrastructure,log,7606,user7606,regular,no attack,false positive
infrastructure,trace,7606,user7606,regular,no attack,false positive
business,metric,8701,user8701,malicious,attack 2,false positive
business,log,8701,user8701,malicious,attack 2,false positive
business,trace,8701,user8701,malicious,attack 2,true positive
infrastructure,metric,8350,user8350,regular,no attack,false positive
infrastructure,log,8350,user8350,regular,no attack,false positive
infrastructure,trace,8350,user8350,regular,no attack,false positive
infrastructure,metric,9537,user9537,malicious,attack 2,false positive
infrastructure,log,9537,user9537,malicious,attack 2,false positive
infrastructure,trace,9537,user9537,malicious,attack 2,true positive
infrastructure,metric,5303,user5303,regular,no attack,false positive
infrastructure,log,5303,user5303,regular,no attack,false positive
infrastructure,trace,5303,user5303,regular,no attack,false positive
business,metric,6526,user6526,malicious,attack 1,false positive
business,log,6526,user6526,malicious,attack 1,true positive
business,trace,6526,user6526,malicious,attack 1,false positive
infrastructure,metric,3431,user3431,regular,no attack,false positive
infrastructure,log,3431,user3431,regular,no attack,false positive
infrastructure,trace,3431,user3431,regular,no attack,false positive
infrastructure,metric,628,user628,regular,no attack,false positive
infrastructure,log,628,user628,regular,no attack,false positive
infrastructure,trace,628,user628,regular,no attack,false positive
business,metric,5027,user5027,malicious,attack 2,false positive
business,log,5027,user5027,malicious,attack 2,false positive
business,trace,5027,user5027,malicious,attack 2,true positive
business,metric,1580,user1580,regular,no attack,false positive
business,log,1580,user1580,regular,no attack,false positive
business,trace,1580,user1580,regular,no attack,false positive
business,metric,8155,user8155,malicious,attack 2,false positive
business,log,8155,user8155,malicious,attack 2,false positive
business,trace,8155,user8155,malicious,attack 2,true positive
business,metric,8811,user8811,malicious,attack 1,false positive
business,log,8811,user8811,malicious,attack 1,true positive
business,trace,8811,user8811,malicious,attack 1,false positive
infrastructure,metric,4520,user4520,malicious,attack 2,false positive
infrastructure,log,4520,user4520,malicious,attack 2,false positive
infrastructure,trace,4520,user4520,malicious,attack 2,true positive
infrastructure,metric,5874,user5874,regular,no attack,false positive
infrastructure,log,5874,user5874,regular,no attack,false positive
infrastructure,trace,5874,user5874,regular,no attack,false positive
business,metric,6043,user6043,malicious,attack 1,false positive
business,log,6043,user6043,malicious,attack 1,true positive
business,trace,6043,user6043,malicious,attack 1,false positive
infrastructure,metric,3586,user3586,malicious,attack 1,false positive
infrastructure,log,3586,user3586,malicious,attack 1,true positive
infrastructure,trace,3586,user3586,malicious,attack 1,false positive
business,metric,5137,user5137,regular,no attack,false positive
business,log,5137,user5137,regular,no attack,false positive
business,trace,5137,user5137,regular,no attack,false positive
infrastructure,metric,5644,user5644,malicious,attack 1,false positive
infrastructure,log,5644,user5644,malicious,attack 1,true positive
infrastructure,trace,5644,user5644,malicious,attack 1,false positive
infrastructure,metric,351,user351,regular,no attack,false positive
infrastructure,log,351,user351,regular,no attack,false positive
infrastructure,trace,351,user351,regular,no attack,false positive
business,metric,9909,user9909,malicious,attack 2,false positive
business,log,9909,user9909,malicious,attack 2,false positive
business,trace,9909,user9909,malicious,attack 2,true positive
business,metric,6938,user6938,malicious,attack 1,false positive
business,log,6938,user6938,malicious,attack 1,true positive
business,trace,6938,user6938,malicious,attack 1,false positive
infrastructure,metric,55,user55,malicious,attack 1,false positive
infrastructure,log,55,user55,malicious,attack 1,true positive
infrastructure,trace,55,user55,malicious,attack 1,false positive
business,metric,1426,user1426,malicious,attack 1,false positive
business,log,1426,user1426,malicious,attack 1,true positive
business,trace,1426,user1426,malicious,attack 1,false positive
infrastructure,metric,5195,user5195,malicious,attack 1,false positive
infrastructure,log,5195,user5195,malicious,attack 1,true positive
infrastructure,trace,5195,user5195,malicious,attack 1,false positive
infrastructure,metric,5485,user5485,malicious,attack 2,false positive
infrastructure,log,5485,user5485,malicious,attack 2,false positive
infrastructure,trace,5485,user5485,malicious,attack 2,true positive
infrastructure,metric,7400,user7400,malicious,attack 2,false positive
infrastructure,log,7400,user7400,malicious,attack 2,false positive
infrastructure,trace,7400,user7400,malicious,attack 2,true positive
infrastructure,metric,3283,user3283,malicious,attack 1,false positive
infrastructure,log,3283,user3283,malicious,attack 1,true positive
infrastructure,trace,3283,user3283,malicious,attack 1,false positive
business,metric,4702,user4702,malicious,attack 2,false positive
business,log,4702,user4702,malicious,attack 2,false positive
business,trace,4702,user4702,malicious,attack 2,true positive
infrastructure,metric,9114,user9114,malicious,attack 1,false positive
infrastructure,log,9114,user9114,malicious,attack 1,true positive
infrastructure,trace,9114,user9114,malicious,attack 1,false positive
infrastructure,metric,8625,user8625,regular,no attack,false positive
infrastructure,log,8625,user8625,regular,no attack,false positive
infrastructure,trace,8625,user8625,regular,no attack,false positive
business,metric,234,user234,malicious,attack 1,false positive
business,log,234,user234,malicious,attack 1,true positive
business,trace,234,user234,malicious,attack 1,false positive
infrastructure,metric,3232,user3232,malicious,attack 1,false positive
infrastructure,log,3232,user3232,malicious,attack 1,true positive
infrastructure,trace,3232,user3232,malicious,attack 1,false positive
infrastructure,metric,7500,user7500,malicious,attack 1,false positive
infrastructure,log,7500,user7500,malicious,attack 1,true positive
infrastructure,trace,7500,user7500,malicious,attack 1,false positive
business,metric,2934,user2934,malicious,attack 2,false positive
business,log,2934,user2934,malicious,attack 2,false positive
business,trace,2934,user2934,malicious,attack 2,true positive
business,metric,2192,user2192,malicious,attack 2,false positive
business,log,2192,user2192,malicious,attack 2,false positive
business,trace,2192,user2192,malicious,attack 2,true positive
infrastructure,metric,6034,user6034,malicious,attack 1,false positive
infrastructure,log,6034,user6034,malicious,attack 1,true positive
infrastructure,trace,6034,user6034,malicious,attack 1,false positive
infrastructure,metric,9406,user9406,malicious,attack 1,false positive
infrastructure,log,9406,user9406,malicious,attack 1,true positive
infrastructure,trace,9406,user9406,malicious,attack 1,false positive
infrastructure,metric,5785,user5785,malicious,attack 2,false positive
infrastructure,log,5785,user5785,malicious,attack 2,false positive
infrastructure,trace,5785,user5785,malicious,attack 2,true positive
infrastructure,metric,7974,user7974,malicious,attack 2,false positive
infrastructure,log,7974,user7974,malicious,attack 2,false positive
infrastructure,trace,7974,user7974,malicious,attack 2,true positive
infrastructure,metric,6787,user6787,regular,no attack,false positive
infrastructure,log,6787,user6787,regular,no attack,false positive
infrastructure,trace,6787,user6787,regular,no attack,false positive
business,metric,947,user947,malicious,attack 2,false positive
business,log,947,user947,malicious,attack 2,false positive
business,trace,947,user947,malicious,attack 2,true positive
infrastructure,metric,765,user765,malicious,attack 2,false positive
infrastructure,log,765,user765,malicious,attack 2,false positive
infrastructure,trace,765,user765,malicious,attack 2,true positive
business,metric,5518,user5518,regular,no attack,false positive
business,log,5518,user5518,regular,no attack,false positive
business,trace,5518,user5518,regular,no attack,false positive
infrastructure,metric,2801,user2801,regular,no attack,false positive
infrastructure,log,2801,user2801,regular,no attack,false positive
infrastructure,trace,2801,user2801,regular,no attack,false positive
infrastructure,metric,1184,user1184,malicious,attack 2,false positive
infrastructure,log,1184,user1184,malicious,attack 2,false positive
infrastructure,trace,1184,user1184,malicious,attack 2,true positive
infrastructure,metric,6866,user6866,malicious,attack 1,false positive
infrastructure,log,6866,user6866,malicious,attack 1,true positive
infrastructure,trace,6866,user6866,malicious,attack 1,false positive
infrastructure,metric,4396,user4396,malicious,attack 1,false positive
infrastructure,log,4396,user4396,malicious,attack 1,true positive
infrastructure,trace,4396,user4396,malicious,attack 1,false positive
infrastructure,metric,4227,user4227,regular,no attack,false positive
infrastructure,log,4227,user4227,regular,no attack,false positive
infrastructure,trace,4227,user4227,regular,no attack,false positive
infrastructure,metric,8632,user8632,malicious,attack 1,false positive
infrastructure,log,8632,user8632,malicious,attack 1,true positive
infrastructure,trace,8632,user8632,malicious,attack 1,false positive
business,metric,3280,user3280,regular,no attack,false positive
business,log,3280,user3280,regular,no attack,false positive
business,trace,3280,user3280,regular,no attack,false positive
business,metric,9156,user9156,malicious,attack 1,false positive
business,log,9156,user9156,malicious,attack 1,true positive
business,trace,9156,user9156,malicious,attack 1,false positive
infrastructure,metric,1677,user1677,malicious,attack 1,false positive
infrastructure,log,1677,user1677,malicious,attack 1,true positive
infrastructure,trace,1677,user1677,malicious,attack 1,false positive
business,metric,2794,user2794,regular,no attack,false positive
business,log,2794,user2794,regular,no attack,false positive
business,trace,2794,user2794,regular,no attack,false positive
infrastructure,metric,2831,user2831,malicious,attack 1,false positive
infrastructure,log,2831,user2831,malicious,attack 1,true positive
infrastructure,trace,2831,user2831,malicious,attack 1,false positive
infrastructure,metric,3911,user3911,malicious,attack 1,false positive
infrastructure,log,3911,user3911,malicious,attack 1,true positive
infrastructure,trace,3911,user3911,malicious,attack 1,false positive
business,metric,1757,user1757,malicious,attack 2,false positive
business,log,1757,user1757,malicious,attack 2,false positive
business,trace,1757,user1757,malicious,attack 2,true positive
business,metric,8934,user8934,malicious,attack 1,false positive
business,log,8934,user8934,malicious,attack 1,true positive
business,trace,8934,user8934,malicious,attack 1,false positive
infrastructure,metric,9554,user9554,regular,no attack,false positive
infrastructure,log,9554,user9554,regular,no attack,false positive
infrastructure,trace,9554,user9554,regular,no attack,false positive
infrastructure,metric,5147,user5147,regular,no attack,false positive
infrastructure,log,5147,user5147,regular,no attack,false positive
infrastructure,trace,5147,user5147,regular,no attack,false positive
infrastructure,metric,1859,user1859,malicious,attack 2,false positive
infrastructure,log,1859,user1859,malicious,attack 2,false positive
infrastructure,trace,1859,user1859,malicious,attack 2,true positive
infrastructure,metric,7622,user7622,malicious,attack 1,false positive
infrastructure,log,7622,user7622,malicious,attack 1,true positive
infrastructure,trace,7622,user7622,malicious,attack 1,false positive
infrastructure,metric,7879,user7879,regular,no attack,false positive
infrastructure,log,7879,user7879,regular,no attack,false positive
infrastructure,trace,7879,user7879,regular,no attack,false positive
infrastructure,metric,6865,user6865,malicious,attack 2,false positive
infrastructure,log,6865,user6865,malicious,attack 2,false positive
infrastructure,trace,6865,user6865,malicious,attack 2,true positive
business,metric,7317,user7317,regular,no attack,false positive
business,log,7317,user7317,regular,no attack,false positive
business,trace,7317,user7317,regular,no attack,false positive
infrastructure,metric,4105,user4105,malicious,attack 1,false positive
infrastructure,log,4105,user4105,malicious,attack 1,true positive
infrastructure,trace,4105,user4105,malicious,attack 1,false positive
infrastructure,metric,4798,user4798,malicious,attack 2,false positive
infrastructure,log,4798,user4798,malicious,attack 2,false positive
infrastructure,trace,4798,user4798,malicious,attack 2,true positive
infrastructure,metric,4077,user4077,regular,no attack,false positive
infrastructure,log,4077,user4077,regular,no attack,false positive
infrastructure,trace,4077,user4077,regular,no attack,false positive
business,metric,3574,user3574,malicious,attack 1,false positive
business,log,3574,user3574,malicious,attack 1,true positive
business,trace,3574,user3574,malicious,attack 1,false positive
infrastructure,metric,1243,user1243,malicious,attack 2,false positive
infrastructure,log,1243,user1243,malicious,attack 2,false positive
infrastructure,trace,1243,user1243,malicious,attack 2,true positive
infrastructure,metric,1031,user1031,malicious,attack 1,false positive
infrastructure,log,1031,user1031,malicious,attack 1,true positive
infrastructure,trace,1031,user1031,malicious,attack 1,false positive
business,metric,1959,user1959,malicious,attack 1,false positive
business,log,1959,user1959,malicious,attack 1,true positive
business,trace,1959,user1959,malicious,attack 1,false positive
business,metric,5635,user5635,malicious,attack 2,false positive
business,log,5635,user5635,malicious,attack 2,false positive
business,trace,5635,user5635,malicious,attack 2,true positive
business,metric,2513,user2513,malicious,attack 1,false positive
business,log,2513,user2513,malicious,attack 1,true positive
business,trace,2513,user2513,malicious,attack 1,false positive
infrastructure,metric,5107,user5107,malicious,attack 1,false positive
infrastructure,log,5107,user5107,malicious,attack 1,true positive
infrastructure,trace,5107,user5107,malicious,attack 1,false positive
infrastructure,metric,9646,user9646,malicious,attack 1,false positive
infrastructure,log,9646,user9646,malicious,attack 1,true positive
infrastructure,trace,9646,user9646,malicious,attack 1,false positive
infrastructure,metric,160,user160,malicious,attack 1,false positive
infrastructure,log,160,user160,malicious,attack 1,true positive
infrastructure,trace,160,user160,malicious,attack 1,false positive
infrastructure,metric,5,user5,malicious,attack 1,false positive
infrastructure,log,5,user5,malicious,attack 1,true positive
infrastructure,trace,5,user5,malicious,attack 1,false positive
infrastructure,metric,6093,user6093,malicious,attack 1,false positive
infrastructure,log,6093,user6093,malicious,attack 1,true positive
infrastructure,trace,6093,user6093,malicious,attack 1,false positive
business,metric,75,user75,regular,no attack,false positive
business,log,75,user75,regular,no attack,false positive
business,trace,75,user75,regular,no attack,false positive
infrastructure,metric,4401,user4401,malicious,attack 2,false positive
infrastructure,log,4401,user4401,malicious,attack 2,false positive
infrastructure,trace,4401,user4401,malicious,attack 2,true positive
business,metric,6283,user6283,malicious,attack 2,false positive
business,log,6283,user6283,malicious,attack 2,false positive
business,trace,6283,user6283,malicious,attack 2,true positive
business,metric,7138,user7138,malicious,attack 1,false positive
business,log,7138,user7138,malicious,attack 1,true positive
business,trace,7138,user7138,malicious,attack 1,false positive
business,metric,9022,user9022,malicious,attack 2,false positive
business,log,9022,user9022,malicious,attack 2,false positive
business,trace,9022,user9022,malicious,attack 2,true positive
infrastructure,metric,485,user485,malicious,attack 1,false positive
infrastructure,log,485,user485,malicious,attack 1,true positive
infrastructure,trace,485,user485,malicious,attack 1,false positive
infrastructure,metric,9416,user9416,regular,no attack,false positive
infrastructure,log,9416,user9416,regular,no attack,false positive
infrastructure,trace,9416,user9416,regular,no attack,false positive
infrastructure,metric,2233,user2233,regular,no attack,false positive
infrastructure,log,2233,user2233,regular,no attack,false positive
infrastructure,trace,2233,user2233,regular,no attack,false positive
infrastructure,metric,5142,user5142,malicious,attack 2,false positive
infrastructure,log,5142,user5142,malicious,attack 2,false positive
infrastructure,trace,5142,user5142,malicious,attack 2,true positive
infrastructure,metric,338,user338,regular,no attack,false positive
infrastructure,log,338,user338,regular,no attack,false positive
infrastructure,trace,338,user338,regular,no attack,false positive
business,metric,4744,user4744,malicious,attack 1,false positive
business,log,4744,user4744,malicious,attack 1,true positive
business,trace,4744,user4744,malicious,attack 1,false positive
infrastructure,metric,1856,user1856,malicious,attack 1,false positive
infrastructure,log,1856,user1856,malicious,attack 1,true positive
infrastructure,trace,1856,user1856,malicious,attack 1,false positive
infrastructure,metric,6568,user6568,malicious,attack 1,false positive
infrastructure,log,6568,user6568,malicious,attack 1,true positive
infrastructure,trace,6568,user6568,malicious,attack 1,false positive
business,metric,4181,user4181,regular,no attack,false positive
business,log,4181,user4181,regular,no attack,false positive
business,trace,4181,user4181,regular,no attack,false positive
business,metric,7880,user7880,malicious,attack 2,false positive
business,log,7880,user7880,malicious,attack 2,false positive
business,trace,7880,user7880,malicious,attack 2,true positive
business,metric,44,user44,regular,no attack,false positive
business,log,44,user44,regular,no attack,false positive
business,trace,44,user44,regular,no attack,false positive
business,metric,6214,user6214,malicious,attack 2,false positive
business,log,6214,user6214,malicious,attack 2,false positive
business,trace,6214,user6214,malicious,attack 2,true positive
business,metric,3931,user3931,malicious,attack 2,false positive
business,log,3931,user3931,malicious,attack 2,false positive
business,trace,3931,user3931,malicious,attack 2,true positive
business,metric,2248,user2248,regular,no attack,false positive
business,log,2248,user2248,regular,no attack,false positive
business,trace,2248,user2248,regular,no attack,false positive
infrastructure,metric,7598,user7598,malicious,attack 1,false positive
infrastructure,log,7598,user7598,malicious,attack 1,true positive
infrastructure,trace,7598,user7598,malicious,attack 1,false positive
business,metric,7628,user7628,malicious,attack 1,false positive
business,log,7628,user7628,malicious,attack 1,true positive
business,trace,7628,user7628,malicious,attack 1,false positive
business,metric,5285,user5285,malicious,attack 1,false positive
business,log,5285,user5285,malicious,attack 1,true positive
business,trace,5285,user5285,malicious,attack 1,false positive
infrastructure,metric,5194,user5194,malicious,attack 2,false positive
infrastructure,log,5194,user5194,malicious,attack 2,false positive
infrastructure,trace,5194,user5194,malicious,attack 2,true positive
business,metric,7828,user7828,malicious,attack 2,false positive
business,log,7828,user7828,malicious,attack 2,false positive
business,trace,7828,user7828,malicious,attack 2,true positive
business,metric,9104,user9104,malicious,attack 1,false positive
business,log,9104,user9104,malicious,attack 1,true positive
business,trace,9104,user9104,malicious,attack 1,false positive
business,metric,1557,user1557,regular,no attack,false positive
business,log,1557,user1557,regular,no attack,false positive
business,trace,1557,user1557,regular,no attack,false positive
infrastructure,metric,2743,user2743,malicious,attack 2,false positive
infrastructure,log,2743,user2743,malicious,attack 2,false positive
infrastructure,trace,2743,user2743,malicious,attack 2,true positive
business,metric,7617,user7617,malicious,attack 2,false positive
business,log,7617,user7617,malicious,attack 2,false positive
business,trace,7617,user7617,malicious,attack 2,true positive
infrastructure,metric,3683,user3683,malicious,attack 2,false positive
infrastructure,log,3683,user3683,malicious,attack 2,false positive
infrastructure,trace,3683,user3683,malicious,attack 2,true positive
business,metric,5244,user5244,malicious,attack 1,false positive
business,log,5244,user5244,malicious,attack 1,true positive
business,trace,5244,user5244,malicious,attack 1,false positive
business,metric,6458,user6458,malicious,attack 1,false positive
business,log,6458,user6458,malicious,attack 1,true positive
business,trace,6458,user6458,malicious,attack 1,false positive
business,metric,6334,user6334,regular,no attack,false positive
business,log,6334,user6334,regular,no attack,false positive
business,trace,6334,user6334,regular,no attack,false positive
infrastructure,metric,4233,user4233,malicious,attack 2,false positive
infrastructure,log,4233,user4233,malicious,attack 2,false positive
infrastructure,trace,4233,user4233,malicious,attack 2,true positive
business,metric,2255,user2255,malicious,attack 1,false positive
business,log,2255,user2255,malicious,attack 1,true positive
business,trace,2255,user2255,malicious,attack 1,false positive
infrastructure,metric,3884,user3884,malicious,attack 2,false positive
infrastructure,log,3884,user3884,malicious,attack 2,false positive
infrastructure,trace,3884,user3884,malicious,attack 2,true positive
business,metric,290,user290,regular,no attack,false positive
business,log,290,user290,regular,no attack,false positive
business,trace,290,user290,regular,no attack,false positive
infrastructure,metric,9568,user9568,malicious,attack 1,false positive
infrastructure,log,9568,user9568,malicious,attack 1,true positive
infrastructure,trace,9568,user9568,malicious,attack 1,false positive
business,metric,748,user748,malicious,attack 2,false positive
business,log,748,user748,malicious,attack 2,false positive
business,trace,748,user748,malicious,attack 2,true positive
business,metric,1978,user1978,malicious,attack 2,false positive
business,log,1978,user1978,malicious,attack 2,false positive
business,trace,1978,user1978,malicious,attack 2,true positive
infrastructure,metric,6210,user6210,malicious,attack 2,false positive
infrastructure,log,6210,user6210,malicious,attack 2,false positive
infrastructure,trace,6210,user6210,malicious,attack 2,true positive
business,metric,7336,user7336,malicious,attack 1,false positive
business,log,7336,user7336,malicious,attack 1,true positive
business,trace,7336,user7336,malicious,attack 1,false positive
business,metric,9775,user9775,regular,no attack,false positive
business,log,9775,user9775,regular,no attack,false positive
business,trace,9775,user9775,regular,no attack,false positive
business,metric,293,user293,malicious,attack 2,false positive
business,log,293,user293,malicious,attack 2,false positive
business,trace,293,user293,malicious,attack 2,true positive
business,metric,3665,user3665,malicious,attack 2,false positive
business,log,3665,user3665,malicious,attack 2,false positive
business,trace,3665,user3665,malicious,attack 2,true positive
infrastructure,metric,6351,user6351,malicious,attack 1,false positive
infrastructure,log,6351,user6351,malicious,attack 1,true positive
infrastructure,trace,6351,user6351,malicious,attack 1,false positive
infrastructure,metric,2483,user2483,regular,no attack,false positive
infrastructure,log,2483,user2483,regular,no attack,false positive
infrastructure,trace,2483,user2483,regular,no attack,false positive
business,metric,6459,user6459,malicious,attack 1,false positive
business,log,6459,user6459,malicious,attack 1,true positive
business,trace,6459,user6459,malicious,attack 1,false positive
business,metric,3669,user3669,malicious,attack 1,false positive
business,log,3669,user3669,malicious,attack 1,true positive
business,trace,3669,user3669,malicious,attack 1,false positive
business,metric,4581,user4581,malicious,attack 2,false positive
business,log,4581,user4581,malicious,attack 2,false positive
business,trace,4581,user4581,malicious,attack 2,true positive
infrastructure,metric,9178,user9178,regular,no attack,false positive
infrastructure,log,9178,user9178,regular,no attack,false positive
infrastructure,trace,9178,user9178,regular,no attack,false positive
business,metric,7395,user7395,regular,no attack,false positive
business,log,7395,user7395,regular,no attack,false positive
business,trace,7395,user7395,regular,no attack,false positive
infrastructure,metric,4884,user4884,malicious,attack 2,false positive
infrastructure,log,4884,user4884,malicious,attack 2,false positive
infrastructure,trace,4884,user4884,malicious,attack 2,true positive
infrastructure,metric,7450,user7450,regular,no attack,false positive
infrastructure,log,7450,user7450,regular,no attack,false positive
infrastructure,trace,7450,user7450,regular,no attack,false positive
infrastructure,metric,5063,user5063,malicious,attack 2,false positive
infrastructure,log,5063,user5063,malicious,attack 2,false positive
infrastructure,trace,5063,user5063,malicious,attack 2,true positive
infrastructure,metric,8660,user8660,malicious,attack 1,false positive
infrastructure,log,8660,user8660,malicious,attack 1,true positive
infrastructure,trace,8660,user8660,malicious,attack 1,false positive
infrastructure,metric,4420,user4420,regular,no attack,false positive
infrastructure,log,4420,user4420,regular,no attack,false positive
infrastructure,trace,4420,user4420,regular,no attack,false positive
business,metric,5014,user5014,regular,no attack,false positive
business,log,5014,user5014,regular,no attack,false positive
business,trace,5014,user5014,regular,no attack,false positive
business,metric,364,user364,regular,no attack,false positive
business,log,364,user364,regular,no attack,false positive
business,trace,364,user364,regular,no attack,false positive
infrastructure,metric,6976,user6976,malicious,attack 1,false positive
infrastructure,log,6976,user6976,malicious,attack 1,true positive
infrastructure,trace,6976,user6976,malicious,attack 1,false positive
business,metric,5792,user5792,malicious,attack 1,false positive
business,log,5792,user5792,malicious,attack 1,true positive
business,trace,5792,user5792,malicious,attack 1,false positive
infrastructure,metric,9923,user9923,malicious,attack 1,false positive
infrastructure,log,9923,user9923,malicious,attack 1,true positive
infrastructure,trace,9923,user9923,malicious,attack 1,false positive
infrastructure,metric,9858,user9858,malicious,attack 1,false positive
infrastructure,log,9858,user9858,malicious,attack 1,true positive
infrastructure,trace,9858,user9858,malicious,attack 1,false positive
infrastructure,metric,8036,user8036,malicious,attack 2,false positive
infrastructure,log,8036,user8036,malicious,attack 2,false positive
infrastructure,trace,8036,user8036,malicious,attack 2,true positive
business,metric,5563,user5563,malicious,attack 2,false positive
business,log,5563,user5563,malicious,attack 2,false positive
business,trace,5563,user5563,malicious,attack 2,true positive
infrastructure,metric,686,user686,regular,no attack,false positive
infrastructure,log,686,user686,regular,no attack,false positive
infrastructure,trace,686,user686,regular,no attack,false positive
business,metric,474,user474,regular,no attack,false positive
business,log,474,user474,regular,no attack,false positive
business,trace,474,user474,regular,no attack,false positive
infrastructure,metric,9023,user9023,malicious,attack 1,false positive
infrastructure,log,9023,user9023,malicious,attack 1,true positive
infrastructure,trace,9023,user9023,malicious,attack 1,false positive
business,metric,5306,user5306,malicious,attack 2,false positive
business,log,5306,user5306,malicious,attack 2,false positive
business,trace,5306,user5306,malicious,attack 2,true positive
business,metric,3987,user3987,regular,no attack,false positive
business,log,3987,user3987,regular,no attack,false positive
business,trace,3987,user3987,regular,no attack,false positive
business,metric,7332,user7332,malicious,attack 1,false positive
business,log,7332,user7332,malicious,attack 1,true positive
business,trace,7332,user7332,malicious,attack 1,false positive
business,metric,3443,user3443,regular,no attack,false positive
business,log,3443,user3443,regular,no attack,false positive
business,trace,3443,user3443,regular,no attack,false positive
business,metric,2098,user2098,malicious,attack 2,false positive
business,log,2098,user2098,malicious,attack 2,false positive
business,trace,2098,user2098,malicious,attack 2,true positive
business,metric,1507,user1507,malicious,attack 1,false positive
business,log,1507,user1507,malicious,attack 1,true positive
business,trace,1507,user1507,malicious,attack 1,false positive
infrastructure,metric,4952,user4952,regular,no attack,false positive
infrastructure,log,4952,user4952,regular,no attack,false positive
infrastructure,trace,4952,user4952,regular,no attack,false positive
infrastructure,metric,385,user385,malicious,attack 2,false positive
infrastructure,log,385,user385,malicious,attack 2,false positive
infrastructure,trace,385,user385,malicious,attack 2,true positive
business,metric,8530,user8530,malicious,attack 2,false positive
business,log,8530,user8530,malicious,attack 2,false positive
business,trace,8530,user8530,malicious,attack 2,true positive
business,metric,2028,user2028,malicious,attack 2,false positive
business,log,2028,user2028,malicious,attack 2,false positive
business,trace,2028,user2028,malicious,attack 2,true positive
business,metric,1279,user1279,malicious,attack 2,false positive
business,log,1279,user1279,malicious,attack 2,false positive
business,trace,1279,user1279,malicious,attack 2,true positive
business,metric,9241,user9241,malicious,attack 2,false positive
business,log,9241,user9241,malicious,attack 2,false positive
business,trace,9241,user9241,malicious,attack 2,true positive
infrastructure,metric,2077,user2077,malicious,attack 2,false positive
infrastructure,log,2077,user2077,malicious,attack 2,false positive
infrastructure,trace,2077,user2077,malicious,attack 2,true positive
business,metric,3128,user3128,regular,no attack,false positive
business,log,3128,user3128,regular,no attack,false positive
business,trace,3128,user3128,regular,no attack,false positive
business,metric,2102,user2102,malicious,attack 2,false positive
business,log,2102,user2102,malicious,attack 2,false positive
business,trace,2102,user2102,malicious,attack 2,true positive
business,metric,2592,user2592,malicious,attack 2,false positive
business,log,2592,user2592,malicious,attack 2,false positive
business,trace,2592,user2592,malicious,attack 2,true positive
business,metric,7073,user7073,malicious,attack 2,false positive
business,log,7073,user7073,malicious,attack 2,false positive
business,trace,7073,user7073,malicious,attack 2,true positive
business,metric,9703,user9703,malicious,attack 1,false positive
business,log,9703,user9703,malicious,attack 1,true positive
business,trace,9703,user9703,malicious,attack 1,false positive
infrastructure,metric,7877,user7877,malicious,attack 1,false positive
infrastructure,log,7877,user7877,malicious,attack 1,true positive
infrastructure,trace,7877,user7877,malicious,attack 1,false positive
business,metric,9170,user9170,regular,no attack,false positive
business,log,9170,user9170,regular,no attack,false positive
business,trace,9170,user9170,regular,no attack,false positive
business,metric,1748,user1748,malicious,attack 2,false positive
business,log,1748,user1748,malicious,attack 2,false positive
business,trace,1748,user1748,malicious,attack 2,true positive
business,metric,3436,user3436,malicious,attack 2,false positive
business,log,3436,user3436,malicious,attack 2,false positive
business,trace,3436,user3436,malicious,attack 2,true positive
business,metric,9686,user9686,malicious,attack 2,false positive
business,log,9686,user9686,malicious,attack 2,false positive
business,trace,9686,user9686,malicious,attack 2,true positive
business,metric,9241,user9241,malicious,attack 1,false positive
business,log,9241,user9241,malicious,attack 1,true positive
business,trace,9241,user9241,malicious,attack 1,false positive
infrastructure,metric,2479,user2479,regular,no attack,false positive
infrastructure,log,2479,user2479,regular,no attack,false positive
infrastructure,trace,2479,user2479,regular,no attack,false positive
business,metric,1711,user1711,malicious,attack 2,false positive
business,log,1711,user1711,malicious,attack 2,false positive
business,trace,1711,user1711,malicious,attack 2,true positive
business,metric,6499,user6499,regular,no attack,false positive
business,log,6499,user6499,regular,no attack,false positive
business,trace,6499,user6499,regular,no attack,false positive
business,metric,6292,user6292,malicious,attack 2,false positive
business,log,6292,user6292,malicious,attack 2,false positive
business,trace,6292,user6292,malicious,attack 2,true positive
business,metric,1120,user1120,malicious,attack 1,false positive
business,log,1120,user1120,malicious,attack 1,true positive
business,trace,1120,user1120,malicious,attack 1,false positive
business,metric,7520,user7520,regular,no attack,false positive
business,log,7520,user7520,regular,no attack,false positive
business,trace,7520,user7520,regular,no attack,false positive
infrastructure,metric,4375,user4375,malicious,attack 2,false positive
infrastructure,log,4375,user4375,malicious,attack 2,false positive
infrastructure,trace,4375,user4375,malicious,attack 2,true positive
infrastructure,metric,5998,user5998,malicious,attack 1,false positive
infrastructure,log,5998,user5998,malicious,attack 1,true positive
infrastructure,trace,5998,user5998,malicious,attack 1,false positive
business,metric,4161,user4161,malicious,attack 2,false positive
business,log,4161,user4161,malicious,attack 2,false positive
business,trace,4161,user4161,malicious,attack 2,true positive
business,metric,831,user831,malicious,attack 1,false positive
business,log,831,user831,malicious,attack 1,true positive
business,trace,831,user831,malicious,attack 1,false positive
business,metric,7870,user7870,regular,no attack,false positive
business,log,7870,user7870,regular,no attack,false positive
business,trace,7870,user7870,regular,no attack,false positive
business,metric,862,user862,regular,no attack,false positive
business,log,862,user862,regular,no attack,false positive
business,trace,862,user862,regular,no attack,false positive
business,metric,4047,user4047,malicious,attack 1,false positive
business,log,4047,user4047,malicious,attack 1,true positive
business,trace,4047,user4047,malicious,attack 1,false positive
infrastructure,metric,6497,user6497,malicious,attack 2,false positive
infrastructure,log,6497,user6497,malicious,attack 2,false positive
infrastructure,trace,6497,user6497,malicious,attack 2,true positive
business,metric,704,user704,malicious,attack 2,false positive
business,log,704,user704,malicious,attack 2,false positive
business,trace,704,user704,malicious,attack 2,true positive
business,metric,1570,user1570,malicious,attack 1,false positive
business,log,1570,user1570,malicious,attack 1,true positive
business,trace,1570,user1570,malicious,attack 1,false positive
infrastructure,metric,4647,user4647,malicious,attack 1,false positive
infrastructure,log,4647,user4647,malicious,attack 1,true positive
infrastructure,trace,4647,user4647,malicious,attack 1,false positive
business,metric,7016,user7016,malicious,attack 2,false positive
business,log,7016,user7016,malicious,attack 2,false positive
business,trace,7016,user7016,malicious,attack 2,true positive
business,metric,6548,user6548,malicious,attack 1,false positive
business,log,6548,user6548,malicious,attack 1,true positive
business,trace,6548,user6548,malicious,attack 1,false positive
infrastructure,metric,8320,user8320,malicious,attack 2,false positive
infrastructure,log,8320,user8320,malicious,attack 2,false positive
infrastructure,trace,8320,user8320,malicious,attack 2,true positive
infrastructure,metric,5713,user5713,malicious,attack 2,false positive
infrastructure,log,5713,user5713,malicious,attack 2,false positive
infrastructure,trace,5713,user5713,malicious,attack 2,true positive
business,metric,9993,user9993,malicious,attack 1,false positive
business,log,9993,user9993,malicious,attack 1,true positive
business,trace,9993,user9993,malicious,attack 1,false positive
business,metric,8437,user8437,malicious,attack 2,false positive
business,log,8437,user8437,malicious,attack 2,false positive
business,trace,8437,user8437,malicious,attack 2,true positive
infrastructure,metric,4474,user4474,malicious,attack 1,false positive
infrastructure,log,4474,user4474,malicious,attack 1,true positive
infrastructure,trace,4474,user4474,malicious,attack 1,false positive
infrastructure,metric,4799,user4799,malicious,attack 1,false positive
infrastructure,log,4799,user4799,malicious,attack 1,true positive
infrastructure,trace,4799,user4799,malicious,attack 1,false positive
infrastructure,metric,9300,user9300,regular,no attack,false positive
infrastructure,log,9300,user9300,regular,no attack,false positive
infrastructure,trace,9300,user9300,regular,no attack,false positive
infrastructure,metric,6049,user6049,regular,no attack,false positive
infrastructure,log,6049,user6049,regular,no attack,false positive
infrastructure,trace,6049,user6049,regular,no attack,false positive
business,metric,3433,user3433,malicious,attack 2,false positive
business,log,3433,user3433,malicious,attack 2,false positive
business,trace,3433,user3433,malicious,attack 2,true positive
business,metric,7494,user7494,malicious,attack 1,false positive
business,log,7494,user7494,malicious,attack 1,true positive
business,trace,7494,user7494,malicious,attack 1,false positive
infrastructure,metric,2495,user2495,malicious,attack 2,false positive
infrastructure,log,2495,user2495,malicious,attack 2,false positive
infrastructure,trace,2495,user2495,malicious,attack 2,true positive
infrastructure,metric,6697,user6697,malicious,attack 1,false positive
infrastructure,log,6697,user6697,malicious,attack 1,true positive
infrastructure,trace,6697,user6697,malicious,attack 1,false positive
business,metric,767,user767,regular,no attack,false positive
business,log,767,user767,regular,no attack,false positive
business,trace,767,user767,regular,no attack,false positive
infrastructure,metric,2286,user2286,regular,no attack,false positive
infrastructure,log,2286,user2286,regular,no attack,false positive
infrastructure,trace,2286,user2286,regular,no attack,false positive
business,metric,7269,user7269,malicious,attack 2,false positive
business,log,7269,user7269,malicious,attack 2,false positive
business,trace,7269,user7269,malicious,attack 2,true positive
business,metric,6906,user6906,malicious,attack 2,false positive
business,log,6906,user6906,malicious,attack 2,false positive
business,trace,6906,user6906,malicious,attack 2,true positive
business,metric,4140,user4140,malicious,attack 2,false positive
business,log,4140,user4140,malicious,attack 2,false positive
business,trace,4140,user4140,malicious,attack 2,true positive
business,metric,862,user862,regular,no attack,false positive
business,log,862,user862,regular,no attack,false positive
business,trace,862,user862,regular,no attack,false positive
business,metric,8050,user8050,regular,no attack,false positive
business,log,8050,user8050,regular,no attack,false positive
business,trace,8050,user8050,regular,no attack,false positive
infrastructure,metric,8941,user8941,malicious,attack 1,false positive
infrastructure,log,8941,user8941,malicious,attack 1,true positive
infrastructure,trace,8941,user8941,malicious,attack 1,false positive
infrastructure,metric,2175,user2175,malicious,attack 2,false positive
infrastructure,log,2175,user2175,malicious,attack 2,false positive
infrastructure,trace,2175,user2175,malicious,attack 2,true positive
infrastructure,metric,8466,user8466,malicious,attack 1,false positive
infrastructure,log,8466,user8466,malicious,attack 1,true positive
infrastructure,trace,8466,user8466,malicious,attack 1,false positive
infrastructure,metric,8486,user8486,regular,no attack,false positive
infrastructure,log,8486,user8486,regular,no attack,false positive
infrastructure,trace,8486,user8486,regular,no attack,false positive
business,metric,5735,user5735,malicious,attack 2,false positive
business,log,5735,user5735,malicious,attack 2,false positive
business,trace,5735,user5735,malicious,attack 2,true positive
business,metric,3409,user3409,regular,no attack,false positive
business,log,3409,user3409,regular,no attack,false positive
business,trace,3409,user3409,regular,no attack,false positive
infrastructure,metric,5245,user5245,regular,no attack,false positive
infrastructure,log,5245,user5245,regular,no attack,false positive
infrastructure,trace,5245,user5245,regular,no attack,false positive
infrastructure,metric,2331,user2331,regular,no attack,false positive
infrastructure,log,2331,user2331,regular,no attack,false positive
infrastructure,trace,2331,user2331,regular,no attack,false positive
business,metric,6094,user6094,malicious,attack 1,false positive
business,log,6094,user6094,malicious,attack 1,true positive
business,trace,6094,user6094,malicious,attack 1,false positive
business,metric,1204,user1204,regular,no attack,false positive
business,log,1204,user1204,regular,no attack,false positive
business,trace,1204,user1204,regular,no attack,false positive
business,metric,5851,user5851,regular,no attack,false positive
business,log,5851,user5851,regular,no attack,false positive
business,trace,5851,user5851,regular,no attack,false positive
infrastructure,metric,2192,user2192,malicious,attack 2,false positive
infrastructure,log,2192,user2192,malicious,attack 2,false positive
infrastructure,trace,2192,user2192,malicious,attack 2,true positive
business,metric,4430,user4430,regular,no attack,false positive
business,log,4430,user4430,regular,no attack,false positive
business,trace,4430,user4430,regular,no attack,false positive
infrastructure,metric,2075,user2075,malicious,attack 1,false positive
infrastructure,log,2075,user2075,malicious,attack 1,true positive
infrastructure,trace,2075,user2075,malicious,attack 1,false positive
infrastructure,metric,9291,user9291,malicious,attack 1,false positive
infrastructure,log,9291,user9291,malicious,attack 1,true positive
infrastructure,trace,9291,user9291,malicious,attack 1,false positive
business,metric,6027,user6027,malicious,attack 2,false positive
business,log,6027,user6027,malicious,attack 2,false positive
business,trace,6027,user6027,malicious,attack 2,true positive
business,metric,7848,user7848,malicious,attack 1,false positive
business,log,7848,user7848,malicious,attack 1,true positive
business,trace,7848,user7848,malicious,attack 1,false positive
infrastructure,metric,5307,user5307,regular,no attack,false positive
infrastructure,log,5307,user5307,regular,no attack,false positive
infrastructure,trace,5307,user5307,regular,no attack,false positive
infrastructure,metric,6528,user6528,regular,no attack,false positive
infrastructure,log,6528,user6528,regular,no attack,false positive
infrastructure,trace,6528,user6528,regular,no attack,false positive
infrastructure,metric,7076,user7076,regular,no attack,false positive
infrastructure,log,7076,user7076,regular,no attack,false positive
infrastructure,trace,7076,user7076,regular,no attack,false positive
infrastructure,metric,6098,user6098,regular,no attack,false positive
infrastructure,log,6098,user6098,regular,no attack,false positive
infrastructure,trace,6098,user6098,regular,no attack,false positive
infrastructure,metric,4409,user4409,malicious,attack 2,false positive
infrastructure,log,4409,user4409,malicious,attack 2,false positive
infrastructure,trace,4409,user4409,malicious,attack 2,true positive
infrastructure,metric,2510,user2510,regular,no attack,false positive
infrastructure,log,2510,user2510,regular,no attack,false positive
infrastructure,trace,2510,user2510,regular,no attack,false positive
infrastructure,metric,8658,user8658,malicious,attack 2,false positive
infrastructure,log,8658,user8658,malicious,attack 2,false positive
infrastructure,trace,8658,user8658,malicious,attack 2,true positive
business,metric,5246,user5246,malicious,attack 1,false positive
business,log,5246,user5246,malicious,attack 1,true positive
business,trace,5246,user5246,malicious,attack 1,false positive
infrastructure,metric,3075,user3075,malicious,attack 1,false positive
infrastructure,log,3075,user3075,malicious,attack 1,true positive
infrastructure,trace,3075,user3075,malicious,attack 1,false positive
business,metric,77,user77,regular,no attack,false positive
business,log,77,user77,regular,no attack,false positive
business,trace,77,user77,regular,no attack,false positive
business,metric,1946,user1946,regular,no attack,false positive
business,log,1946,user1946,regular,no attack,false positive
business,trace,1946,user1946,regular,no attack,false positive
infrastructure,metric,8635,user8635,malicious,attack 2,false positive
infrastructure,log,8635,user8635,malicious,attack 2,false positive
infrastructure,trace,8635,user8635,malicious,attack 2,true positive
infrastructure,metric,6671,user6671,regular,no attack,false positive
infrastructure,log,6671,user6671,regular,no attack,false positive
infrastructure,trace,6671,user6671,regular,no attack,false positive
infrastructure,metric,4539,user4539,malicious,attack 1,false positive
infrastructure,log,4539,user4539,malicious,attack 1,true positive
infrastructure,trace,4539,user4539,malicious,attack 1,false positive
infrastructure,metric,5983,user5983,malicious,attack 1,false positive
infrastructure,log,5983,user5983,malicious,attack 1,true positive
infrastructure,trace,5983,user5983,malicious,attack 1,false positive
infrastructure,metric,6535,user6535,malicious,attack 1,false positive
infrastructure,log,6535,user6535,malicious,attack 1,true positive
infrastructure,trace,6535,user6535,malicious,attack 1,false positive
business,metric,1350,user1350,malicious,attack 2,false positive
business,log,1350,user1350,malicious,attack 2,false positive
business,trace,1350,user1350,malicious,attack 2,true positive
infrastructure,metric,6196,user6196,malicious,attack 1,false positive
infrastructure,log,6196,user6196,malicious,attack 1,true positive
infrastructure,trace,6196,user6196,malicious,attack 1,false positive
business,metric,6932,user6932,malicious,attack 2,false positive
business,log,6932,user6932,malicious,attack 2,false positive
business,trace,6932,user6932,malicious,attack 2,true positive
business,metric,363,user363,regular,no attack,false positive
business,log,363,user363,regular,no attack,false positive
business,trace,363,user363,regular,no attack,false positive
business,metric,1945,user1945,malicious,attack 1,false positive
business,log,1945,user1945,malicious,attack 1,true positive
business,trace,1945,user1945,malicious,attack 1,false positive
infrastructure,metric,104,user104,malicious,attack 1,false positive
infrastructure,log,104,user104,malicious,attack 1,true positive
infrastructure,trace,104,user104,malicious,attack 1,false positive
infrastructure,metric,8293,user8293,regular,no attack,false positive
infrastructure,log,8293,user8293,regular,no attack,false positive
infrastructure,trace,8293,user8293,regular,no attack,false positive
infrastructure,metric,2516,user2516,malicious,attack 1,false positive
infrastructure,log,2516,user2516,malicious,attack 1,true positive
infrastructure,trace,2516,user2516,malicious,attack 1,false positive
business,metric,737,user737,malicious,attack 1,false positive
business,log,737,user737,malicious,attack 1,true positive
business,trace,737,user737,malicious,attack 1,false positive
infrastructure,metric,7303,user7303,malicious,attack 2,false positive
infrastructure,log,7303,user7303,malicious,attack 2,false positive
infrastructure,trace,7303,user7303,malicious,attack 2,true positive
business,metric,1385,user1385,malicious,attack 2,false positive
business,log,1385,user1385,malicious,attack 2,false positive
business,trace,1385,user1385,malicious,attack 2,true positive
business,metric,9530,user9530,malicious,attack 1,false positive
business,log,9530,user9530,malicious,attack 1,true positive
business,trace,9530,user9530,malicious,attack 1,false positive
infrastructure,metric,4282,user4282,regular,no attack,false positive
infrastructure,log,4282,user4282,regular,no attack,false positive
infrastructure,trace,4282,user4282,regular,no attack,false positive
infrastructure,metric,9737,user9737,regular,no attack,false positive
infrastructure,log,9737,user9737,regular,no attack,false positive
infrastructure,trace,9737,user9737,regular,no attack,false positive
infrastructure,metric,6619,user6619,malicious,attack 1,false positive
infrastructure,log,6619,user6619,malicious,attack 1,true positive
infrastructure,trace,6619,user6619,malicious,attack 1,false positive
business,metric,7229,user7229,regular,no attack,false positive
business,log,7229,user7229,regular,no attack,false positive
business,trace,7229,user7229,regular,no attack,false positive
infrastructure,metric,3430,user3430,malicious,attack 2,false positive
infrastructure,log,3430,user3430,malicious,attack 2,false positive
infrastructure,trace,3430,user3430,malicious,attack 2,true positive
business,metric,9654,user9654,regular,no attack,false positive
business,log,9654,user9654,regular,no attack,false positive
business,trace,9654,user9654,regular,no attack,false positive
infrastructure,metric,2075,user2075,malicious,attack 1,false positive
infrastructure,log,2075,user2075,malicious,attack 1,true positive
infrastructure,trace,2075,user2075,malicious,attack 1,false positive
business,metric,9942,user9942,malicious,attack 2,false positive
business,log,9942,user9942,malicious,attack 2,false positive
business,trace,9942,user9942,malicious,attack 2,true positive
infrastructure,metric,9495,user9495,malicious,attack 1,false positive
infrastructure,log,9495,user9495,malicious,attack 1,true positive
infrastructure,trace,9495,user9495,malicious,attack 1,false positive
business,metric,9247,user9247,malicious,attack 1,false positive
business,log,9247,user9247,malicious,attack 1,true positive
business,trace,9247,user9247,malicious,attack 1,false positive
infrastructure,metric,6582,user6582,regular,no attack,false positive
infrastructure,log,6582,user6582,regular,no attack,false positive
infrastructure,trace,6582,user6582,regular,no attack,false positive
infrastructure,metric,3338,user3338,regular,no attack,false positive
infrastructure,log,3338,user3338,regular,no attack,false positive
infrastructure,trace,3338,user3338,regular,no attack,false positive
business,metric,4522,user4522,regular,no attack,false positive
business,log,4522,user4522,regular,no attack,false positive
business,trace,4522,user4522,regular,no attack,false positive
business,metric,2176,user2176,malicious,attack 1,false positive
business,log,2176,user2176,malicious,attack 1,true positive
business,trace,2176,user2176,malicious,attack 1,false positive
business,metric,5204,user5204,malicious,attack 1,false positive
business,log,5204,user5204,malicious,attack 1,true positive
business,trace,5204,user5204,malicious,attack 1,false positive
infrastructure,metric,4221,user4221,malicious,attack 2,false positive
infrastructure,log,4221,user4221,malicious,attack 2,false positive
infrastructure,trace,4221,user4221,malicious,attack 2,true positive
business,metric,5250,user5250,malicious,attack 2,false positive
business,log,5250,user5250,malicious,attack 2,false positive
business,trace,5250,user5250,malicious,attack 2,true positive
infrastructure,metric,8800,user8800,regular,no attack,false positive
infrastructure,log,8800,user8800,regular,no attack,false positive
infrastructure,trace,8800,user8800,regular,no attack,false positive
infrastructure,metric,7005,user7005,malicious,attack 1,false positive
infrastructure,log,7005,user7005,malicious,attack 1,true positive
infrastructure,trace,7005,user7005,malicious,attack 1,false positive
business,metric,5907,user5907,regular,no attack,false positive
business,log,5907,user5907,regular,no attack,false positive
business,trace,5907,user5907,regular,no attack,false positive
infrastructure,metric,7569,user7569,malicious,attack 1,false positive
infrastructure,log,7569,user7569,malicious,attack 1,true positive
infrastructure,trace,7569,user7569,malicious,attack 1,false positive
business,metric,4300,user4300,regular,no attack,false positive
business,log,4300,user4300,regular,no attack,false positive
business,trace,4300,user4300,regular,no attack,false positive
infrastructure,metric,384,user384,malicious,attack 2,false positive
infrastructure,log,384,user384,malicious,attack 2,false positive
infrastructure,trace,384,user384,malicious,attack 2,true positive
infrastructure,metric,6018,user6018,malicious,attack 1,false positive
infrastructure,log,6018,user6018,malicious,attack 1,true positive
infrastructure,trace,6018,user6018,malicious,attack 1,false positive
business,metric,3117,user3117,malicious,attack 1,false positive
business,log,3117,user3117,malicious,attack 1,true positive
business,trace,3117,user3117,malicious,attack 1,false positive
infrastructure,metric,882,user882,malicious,attack 1,false positive
infrastructure,log,882,user882,malicious,attack 1,true positive
infrastructure,trace,882,user882,malicious,attack 1,false positive
infrastructure,metric,8923,user8923,malicious,attack 1,false positive
infrastructure,log,8923,user8923,malicious,attack 1,true positive
infrastructure,trace,8923,user8923,malicious,attack 1,false positive
infrastructure,metric,5033,user5033,regular,no attack,false positive
infrastructure,log,5033,user5033,regular,no attack,false positive
infrastructure,trace,5033,user5033,regular,no attack,false positive
infrastructure,metric,2897,user2897,malicious,attack 1,false positive
infrastructure,log,2897,user2897,malicious,attack 1,true positive
infrastructure,trace,2897,user2897,malicious,attack 1,false positive
infrastructure,metric,4606,user4606,malicious,attack 1,false positive
infrastructure,log,4606,user4606,malicious,attack 1,true positive
infrastructure,trace,4606,user4606,malicious,attack 1,false positive
infrastructure,metric,5835,user5835,malicious,attack 1,false positive
infrastructure,log,5835,user5835,malicious,attack 1,true positive
infrastructure,trace,5835,user5835,malicious,attack 1,false positive
business,metric,2148,user2148,regular,no attack,false positive
business,log,2148,user2148,regular,no attack,false positive
business,trace,2148,user2148,regular,no attack,false positive
business,metric,64,user64,malicious,attack 2,false positive
business,log,64,user64,malicious,attack 2,false positive
business,trace,64,user64,malicious,attack 2,true positive
business,metric,5774,user5774,malicious,attack 2,false positive
business,log,5774,user5774,malicious,attack 2,false positive
business,trace,5774,user5774,malicious,attack 2,true positive
business,metric,1543,user1543,malicious,attack 2,false positive
business,log,1543,user1543,malicious,attack 2,false positive
business,trace,1543,user1543,malicious,attack 2,true positive
infrastructure,metric,2458,user2458,malicious,attack 1,false positive
infrastructure,log,2458,user2458,malicious,attack 1,true positive
infrastructure,trace,2458,user2458,malicious,attack 1,false positive
business,metric,9263,user9263,regular,no attack,false positive
business,log,9263,user9263,regular,no attack,false positive
business,trace,9263,user9263,regular,no attack,false positive
infrastructure,metric,5979,user5979,malicious,attack 2,false positive
infrastructure,log,5979,user5979,malicious,attack 2,false positive
infrastructure,trace,5979,user5979,malicious,attack 2,true positive
business,metric,1466,user1466,malicious,attack 1,false positive
business,log,1466,user1466,malicious,attack 1,true positive
business,trace,1466,user1466,malicious,attack 1,false positive
infrastructure,metric,691,user691,regular,no attack,false positive
infrastructure,log,691,user691,regular,no attack,false positive
infrastructure,trace,691,user691,regular,no attack,false positive
infrastructure,metric,5111,user5111,regular,no attack,false positive
infrastructure,log,5111,user5111,regular,no attack,false positive
infrastructure,trace,5111,user5111,regular,no attack,false positive
business,metric,2361,user2361,malicious,attack 2,false positive
business,log,2361,user2361,malicious,attack 2,false positive
business,trace,2361,user2361,malicious,attack 2,true positive
infrastructure,metric,6867,user6867,malicious,attack 2,false positive
infrastructure,log,6867,user6867,malicious,attack 2,false positive
infrastructure,trace,6867,user6867,malicious,attack 2,true positive
business,metric,9530,user9530,malicious,attack 1,false positive
business,log,9530,user9530,malicious,attack 1,true positive
business,trace,9530,user9530,malicious,attack 1,false positive
business,metric,5584,user5584,malicious,attack 2,false positive
business,log,5584,user5584,malicious,attack 2,false positive
business,trace,5584,user5584,malicious,attack 2,true positive
business,metric,3132,user3132,malicious,attack 2,false positive
business,log,3132,user3132,malicious,attack 2,false positive
business,trace,3132,user3132,malicious,attack 2,true positive
business,metric,2136,user2136,malicious,attack 1,false positive
business,log,2136,user2136,malicious,attack 1,true positive
business,trace,2136,user2136,malicious,attack 1,false positive
business,metric,8780,user8780,malicious,attack 1,false positive
business,log,8780,user8780,malicious,attack 1,true positive
business,trace,8780,user8780,malicious,attack 1,false positive
business,metric,8049,user8049,malicious,attack 1,false positive
business,log,8049,user8049,malicious,attack 1,true positive
business,trace,8049,user8049,malicious,attack 1,false positive
business,metric,6901,user6901,regular,no attack,false positive
business,log,6901,user6901,regular,no attack,false positive
business,trace,6901,user6901,regular,no attack,false positive
business,metric,4969,user4969,malicious,attack 1,false positive
business,log,4969,user4969,malicious,attack 1,true positive
business,trace,4969,user4969,malicious,attack 1,false positive
infrastructure,metric,1421,user1421,malicious,attack 1,false positive
infrastructure,log,1421,user1421,malicious,attack 1,true positive
infrastructure,trace,1421,user1421,malicious,attack 1,false positive
infrastructure,metric,3180,user3180,malicious,attack 1,false positive
infrastructure,log,3180,user3180,malicious,attack 1,true positive
infrastructure,trace,3180,user3180,malicious,attack 1,false positive
business,metric,7927,user7927,malicious,attack 1,false positive
business,log,7927,user7927,malicious,attack 1,true positive
business,trace,7927,user7927,malicious,attack 1,false positive
infrastructure,metric,3554,user3554,malicious,attack 1,false positive
infrastructure,log,3554,user3554,malicious,attack 1,true positive
infrastructure,trace,3554,user3554,malicious,attack 1,false positive
infrastructure,metric,7584,user7584,malicious,attack 1,false positive
infrastructure,log,7584,user7584,malicious,attack 1,true positive
infrastructure,trace,7584,user7584,malicious,attack 1,false positive
infrastructure,metric,5568,user5568,malicious,attack 1,false positive
infrastructure,log,5568,user5568,malicious,attack 1,true positive
infrastructure,trace,5568,user5568,malicious,attack 1,false positive
business,metric,3184,user3184,regular,no attack,false positive
business,log,3184,user3184,regular,no attack,false positive
business,trace,3184,user3184,regular,no attack,false positive
infrastructure,metric,4461,user4461,malicious,attack 1,false positive
infrastructure,log,4461,user4461,malicious,attack 1,true positive
infrastructure,trace,4461,user4461,malicious,attack 1,false positive
infrastructure,metric,7491,user7491,malicious,attack 1,false positive
infrastructure,log,7491,user7491,malicious,attack 1,true positive
infrastructure,trace,7491,user7491,malicious,attack 1,false positive
infrastructure,metric,3170,user3170,malicious,attack 2,false positive
infrastructure,log,3170,user3170,malicious,attack 2,false positive
infrastructure,trace,3170,user3170,malicious,attack 2,true positive
infrastructure,metric,8011,user8011,regular,no attack,false positive
infrastructure,log,8011,user8011,regular,no attack,false positive
infrastructure,trace,8011,user8011,regular,no attack,false positive
infrastructure,metric,3183,user3183,malicious,attack 1,false positive
infrastructure,log,3183,user3183,malicious,attack 1,true positive
infrastructure,trace,3183,user3183,malicious,attack 1,false positive
infrastructure,metric,1308,user1308,malicious,attack 1,false positive
infrastructure,log,1308,user1308,malicious,attack 1,true positive
infrastructure,trace,1308,user1308,malicious,attack 1,false positive
infrastructure,metric,9676,user9676,regular,no attack,false positive
infrastructure,log,9676,user9676,regular,no attack,false positive
infrastructure,trace,9676,user9676,regular,no attack,false positive
business,metric,9274,user9274,regular,no attack,false positive
business,log,9274,user9274,regular,no attack,false positive
business,trace,9274,user9274,regular,no attack,false positive
business,metric,3669,user3669,malicious,attack 2,false positive
business,log,3669,user3669,malicious,attack 2,false positive
business,trace,3669,user3669,malicious,attack 2,true positive
business,metric,9104,user9104,malicious,attack 1,false positive
business,log,9104,user9104,malicious,attack 1,true positive
business,trace,9104,user9104,malicious,attack 1,false positive
business,metric,8453,user8453,regular,no attack,false positive
business,log,8453,user8453,regular,no attack,false positive
business,trace,8453,user8453,regular,no attack,false positive
business,metric,9282,user9282,malicious,attack 2,false positive
business,log,9282,user9282,malicious,attack 2,false positive
business,trace,9282,user9282,malicious,attack 2,true positive
business,metric,3744,user3744,malicious,attack 1,false positive
business,log,3744,user3744,malicious,attack 1,true positive
business,trace,3744,user3744,malicious,attack 1,false positive
business,metric,3214,user3214,regular,no attack,false positive
business,log,3214,user3214,regular,no attack,false positive
business,trace,3214,user3214,regular,no attack,false positive
business,metric,8494,user8494,malicious,attack 2,false positive
business,log,8494,user8494,malicious,attack 2,false positive
business,trace,8494,user8494,malicious,attack 2,true positive
infrastructure,metric,7379,user7379,regular,no attack,false positive
infrastructure,log,7379,user7379,regular,no attack,false positive
infrastructure,trace,7379,user7379,regular,no attack,false positive
business,metric,1971,user1971,malicious,attack 2,false positive
business,log,1971,user1971,malicious,attack 2,false positive
business,trace,1971,user1971,malicious,attack 2,true positive
infrastructure,metric,1985,user1985,malicious,attack 2,false positive
infrastructure,log,1985,user1985,malicious,attack 2,false positive
infrastructure,trace,1985,user1985,malicious,attack 2,true positive
business,metric,1973,user1973,regular,no attack,false positive
business,log,1973,user1973,regular,no attack,false positive
business,trace,1973,user1973,regular,no attack,false positive
infrastructure,metric,2820,user2820,malicious,attack 1,false positive
infrastructure,log,2820,user2820,malicious,attack 1,true positive
infrastructure,trace,2820,user2820,malicious,attack 1,false positive
business,metric,8663,user8663,regular,no attack,false positive
business,log,8663,user8663,regular,no attack,false positive
business,trace,8663,user8663,regular,no attack,false positive
business,metric,4493,user4493,regular,no attack,false positive
business,log,4493,user4493,regular,no attack,false positive
business,trace,4493,user4493,regular,no attack,false positive
business,metric,9538,user9538,malicious,attack 2,false positive
business,log,9538,user9538,malicious,attack 2,false positive
business,trace,9538,user9538,malicious,attack 2,true positive
business,metric,8805,user8805,malicious,attack 1,false positive
business,log,8805,user8805,malicious,attack 1,true positive
business,trace,8805,user8805,malicious,attack 1,false positive
business,metric,7639,user7639,malicious,attack 1,false positive
business,log,7639,user7639,malicious,attack 1,true positive
business,trace,7639,user7639,malicious,attack 1,false positive
business,metric,2972,user2972,malicious,attack 1,false positive
business,log,2972,user2972,malicious,attack 1,true positive
business,trace,2972,user2972,malicious,attack 1,false positive
business,metric,611,user611,malicious,attack 2,false positive
business,log,611,user611,malicious,attack 2,false positive
business,trace,611,user611,malicious,attack 2,true positive
infrastructure,metric,5248,user5248,malicious,attack 1,false positive
infrastructure,log,5248,user5248,malicious,attack 1,true positive
infrastructure,trace,5248,user5248,malicious,attack 1,false positive
business,metric,3534,user3534,regular,no attack,false positive
business,log,3534,user3534,regular,no attack,false positive
business,trace,3534,user3534,regular,no attack,false positive
business,metric,6838,user6838,malicious,attack 1,false positive
business,log,6838,user6838,malicious,attack 1,true positive
business,trace,6838,user6838,malicious,attack 1,false positive
infrastructure,metric,5610,user5610,regular,no attack,false positive
infrastructure,log,5610,user5610,regular,no attack,false positive
infrastructure,trace,5610,user5610,regular,no attack,false positive
infrastructure,metric,7771,user7771,malicious,attack 1,false positive
infrastructure,log,7771,user7771,malicious,attack 1,true positive
infrastructure,trace,7771,user7771,malicious,attack 1,false positive
business,metric,9545,user9545,malicious,attack 2,false positive
business,log,9545,user9545,malicious,attack 2,false positive
business,trace,9545,user9545,malicious,attack 2,true positive
infrastructure,metric,5825,user5825,malicious,attack 2,false positive
infrastructure,log,5825,user5825,malicious,attack 2,false positive
infrastructure,trace,5825,user5825,malicious,attack 2,true positive
business,metric,4798,user4798,malicious,attack 2,false positive
business,log,4798,user4798,malicious,attack 2,false positive
business,trace,4798,user4798,malicious,attack 2,true positive
infrastructure,metric,5058,user5058,malicious,attack 2,false positive
infrastructure,log,5058,user5058,malicious,attack 2,false positive
infrastructure,trace,5058,user5058,malicious,attack 2,true positive
infrastructure,metric,7868,user7868,malicious,attack 2,false positive
infrastructure,log,7868,user7868,malicious,attack 2,false positive
infrastructure,trace,7868,user7868,malicious,attack 2,true positive
business,metric,4184,user4184,malicious,attack 1,false positive
business,log,4184,user4184,malicious,attack 1,true positive
business,trace,4184,user4184,malicious,attack 1,false positive
business,metric,6368,user6368,regular,no attack,false positive
business,log,6368,user6368,regular,no attack,false positive
business,trace,6368,user6368,regular,no attack,false positive
infrastructure,metric,858,user858,malicious,attack 1,false positive
infrastructure,log,858,user858,malicious,attack 1,true positive
infrastructure,trace,858,user858,malicious,attack 1,false positive
business,metric,3255,user3255,malicious,attack 2,false positive
business,log,3255,user3255,malicious,attack 2,false positive
business,trace,3255,user3255,malicious,attack 2,true positive
infrastructure,metric,9348,user9348,regular,no attack,false positive
infrastructure,log,9348,user9348,regular,no attack,false positive
infrastructure,trace,9348,user9348,regular,no attack,false positive
business,metric,6375,user6375,regular,no attack,false positive
business,log,6375,user6375,regular,no attack,false positive
business,trace,6375,user6375,regular,no attack,false positive
business,metric,7369,user7369,regular,no attack,false positive
business,log,7369,user7369,regular,no attack,false positive
business,trace,7369,user7369,regular,no attack,false positive
infrastructure,metric,7969,user7969,malicious,attack 2,false positive
infrastructure,log,7969,user7969,malicious,attack 2,false positive
infrastructure,trace,7969,user7969,malicious,attack 2,true positive
infrastructure,metric,8326,user8326,regular,no attack,false positive
infrastructure,log,8326,user8326,regular,no attack,false positive
infrastructure,trace,8326,user8326,regular,no attack,false positive
business,metric,5307,user5307,regular,no attack,false positive
business,log,5307,user5307,regular,no attack,false positive
business,trace,5307,user5307,regular,no attack,false positive
infrastructure,metric,5466,user5466,regular,no attack,false positive
infrastructure,log,5466,user5466,regular,no attack,false positive
infrastructure,trace,5466,user5466,regular,no attack,false positive
business,metric,8421,user8421,regular,no attack,false positive
business,log,8421,user8421,regular,no attack,false positive
business,trace,8421,user8421,regular,no attack,false positive
infrastructure,metric,1591,user1591,regular,no attack,false positive
infrastructure,log,1591,user1591,regular,no attack,false positive
infrastructure,trace,1591,user1591,regular,no attack,false positive
infrastructure,metric,4395,user4395,regular,no attack,false positive
infrastructure,log,4395,user4395,regular,no attack,false positive
infrastructure,trace,4395,user4395,regular,no attack,false positive
infrastructure,metric,4505,user4505,malicious,attack 1,false positive
infrastructure,log,4505,user4505,malicious,attack 1,true positive
infrastructure,trace,4505,user4505,malicious,attack 1,false positive
business,metric,3351,user3351,regular,no attack,false positive
business,log,3351,user3351,regular,no attack,false positive
business,trace,3351,user3351,regular,no attack,false positive
business,metric,1048,user1048,malicious,attack 1,false positive
business,log,1048,user1048,malicious,attack 1,true positive
business,trace,1048,user1048,malicious,attack 1,false positive
infrastructure,metric,9915,user9915,malicious,attack 1,false positive
infrastructure,log,9915,user9915,malicious,attack 1,true positive
infrastructure,trace,9915,user9915,malicious,attack 1,false positive
infrastructure,metric,4967,user4967,regular,no attack,false positive
infrastructure,log,4967,user4967,regular,no attack,false positive
infrastructure,trace,4967,user4967,regular,no attack,false positive
business,metric,9926,user9926,regular,no attack,false positive
business,log,9926,user9926,regular,no attack,false positive
business,trace,9926,user9926,regular,no attack,false positive
infrastructure,metric,2883,user2883,regular,no attack,false positive
infrastructure,log,2883,user2883,regular,no attack,false positive
infrastructure,trace,2883,user2883,regular,no attack,false positive
business,metric,485,user485,malicious,attack 2,false positive
business,log,485,user485,malicious,attack 2,false positive
business,trace,485,user485,malicious,attack 2,true positive
business,metric,1099,user1099,malicious,attack 2,false positive
business,log,1099,user1099,malicious,attack 2,false positive
business,trace,1099,user1099,malicious,attack 2,true positive
infrastructure,metric,9664,user9664,malicious,attack 1,false positive
infrastructure,log,9664,user9664,malicious,attack 1,true positive
infrastructure,trace,9664,user9664,malicious,attack 1,false positive
business,metric,1094,user1094,malicious,attack 1,false positive
business,log,1094,user1094,malicious,attack 1,true positive
business,trace,1094,user1094,malicious,attack 1,false positive
infrastructure,metric,7100,user7100,regular,no attack,false positive
infrastructure,log,7100,user7100,regular,no attack,false positive
infrastructure,trace,7100,user7100,regular,no attack,false positive
infrastructure,metric,9123,user9123,regular,no attack,false positive
infrastructure,log,9123,user9123,regular,no attack,false positive
infrastructure,trace,9123,user9123,regular,no attack,false positive
infrastructure,metric,7035,user7035,malicious,attack 1,false positive
infrastructure,log,7035,user7035,malicious,attack 1,true positive
infrastructure,trace,7035,user7035,malicious,attack 1,false positive
infrastructure,metric,7868,user7868,malicious,attack 1,false positive
infrastructure,log,7868,user7868,malicious,attack 1,true positive
infrastructure,trace,7868,user7868,malicious,attack 1,false positive
business,metric,9118,user9118,malicious,attack 1,false positive
business,log,9118,user9118,malicious,attack 1,true positive
business,trace,9118,user9118,malicious,attack 1,false positive
business,metric,1542,user1542,malicious,attack 2,false positive
business,log,1542,user1542,malicious,attack 2,false positive
business,trace,1542,user1542,malicious,attack 2,true positive
business,metric,1644,user1644,malicious,attack 2,false positive
business,log,1644,user1644,malicious,attack 2,false positive
business,trace,1644,user1644,malicious,attack 2,true positive
business,metric,1296,user1296,malicious,attack 2,false positive
business,log,1296,user1296,malicious,attack 2,false positive
business,trace,1296,user1296,malicious,attack 2,true positive
infrastructure,metric,6463,user6463,regular,no attack,false positive
infrastructure,log,6463,user6463,regular,no attack,false positive
infrastructure,trace,6463,user6463,regular,no attack,false positive
business,metric,8319,user8319,malicious,attack 1,false positive
business,log,8319,user8319,malicious,attack 1,true positive
business,trace,8319,user8319,malicious,attack 1,false positive
infrastructure,metric,3798,user3798,malicious,attack 2,false positive
infrastructure,log,3798,user3798,malicious,attack 2,false positive
infrastructure,trace,3798,user3798,malicious,attack 2,true positive
infrastructure,metric,6647,user6647,malicious,attack 2,false positive
infrastructure,log,6647,user6647,malicious,attack 2,false positive
infrastructure,trace,6647,user6647,malicious,attack 2,true positive
business,metric,1503,user1503,regular,no attack,false positive
business,log,1503,user1503,regular,no attack,false positive
business,trace,1503,user1503,regular,no attack,false positive
business,metric,1176,user1176,malicious,attack 2,false positive
business,log,1176,user1176,malicious,attack 2,false positive
business,trace,1176,user1176,malicious,attack 2,true positive
business,metric,4197,user4197,malicious,attack 1,false positive
business,log,4197,user4197,malicious,attack 1,true positive
business,trace,4197,user4197,malicious,attack 1,false positive
infrastructure,metric,8057,user8057,malicious,attack 1,false positive
infrastructure,log,8057,user8057,malicious,attack 1,true positive
infrastructure,trace,8057,user8057,malicious,attack 1,false positive
business,metric,4007,user4007,regular,no attack,false positive
business,log,4007,user4007,regular,no attack,false positive
business,trace,4007,user4007,regular,no attack,false positive
infrastructure,metric,3777,user3777,malicious,attack 1,false positive
infrastructure,log,3777,user3777,malicious,attack 1,true positive
infrastructure,trace,3777,user3777,malicious,attack 1,false positive
business,metric,8922,user8922,regular,no attack,false positive
business,log,8922,user8922,regular,no attack,false positive
business,trace,8922,user8922,regular,no attack,false positive
infrastructure,metric,634,user634,malicious,attack 1,false positive
infrastructure,log,634,user634,malicious,attack 1,true positive
infrastructure,trace,634,user634,malicious,attack 1,false positive
business,metric,5961,user5961,malicious,attack 2,false positive
business,log,5961,user5961,malicious,attack 2,false positive
business,trace,5961,user5961,malicious,attack 2,true positive
infrastructure,metric,6589,user6589,malicious,attack 2,false positive
infrastructure,log,6589,user6589,malicious,attack 2,false positive
infrastructure,trace,6589,user6589,malicious,attack 2,true positive
business,metric,8842,user8842,malicious,attack 1,false positive
business,log,8842,user8842,malicious,attack 1,true positive
business,trace,8842,user8842,malicious,attack 1,false positive
infrastructure,metric,4309,user4309,regular,no attack,false positive
infrastructure,log,4309,user4309,regular,no attack,false positive
infrastructure,trace,4309,user4309,regular,no attack,false positive
infrastructure,metric,9323,user9323,malicious,attack 1,false positive
infrastructure,log,9323,user9323,malicious,attack 1,true positive
infrastructure,trace,9323,user9323,malicious,attack 1,false positive
infrastructure,metric,3589,user3589,malicious,attack 2,false positive
infrastructure,log,3589,user3589,malicious,attack 2,false positive
infrastructure,trace,3589,user3589,malicious,attack 2,true positive
infrastructure,metric,8202,user8202,malicious,attack 2,false positive
infrastructure,log,8202,user8202,malicious,attack 2,false positive
infrastructure,trace,8202,user8202,malicious,attack 2,true positive
business,metric,6144,user6144,malicious,attack 2,false positive
business,log,6144,user6144,malicious,attack 2,false positive
business,trace,6144,user6144,malicious,attack 2,true positive
business,metric,2372,user2372,malicious,attack 2,false positive
business,log,2372,user2372,malicious,attack 2,false positive
business,trace,2372,user2372,malicious,attack 2,true positive
infrastructure,metric,8051,user8051,malicious,attack 2,false positive
infrastructure,log,8051,user8051,malicious,attack 2,false positive
infrastructure,trace,8051,user8051,malicious,attack 2,true positive
infrastructure,metric,5019,user5019,malicious,attack 2,false positive
infrastructure,log,5019,user5019,malicious,attack 2,false positive
infrastructure,trace,5019,user5019,malicious,attack 2,true positive
business,metric,310,user310,malicious,attack 2,false positive
business,log,310,user310,malicious,attack 2,false positive
business,trace,310,user310,malicious,attack 2,true positive
business,metric,2851,user2851,malicious,attack 1,false positive
business,log,2851,user2851,malicious,attack 1,true positive
business,trace,2851,user2851,malicious,attack 1,false positive
infrastructure,metric,8996,user8996,malicious,attack 2,false positive
infrastructure,log,8996,user8996,malicious,attack 2,false positive
infrastructure,trace,8996,user8996,malicious,attack 2,true positive
business,metric,8875,user8875,malicious,attack 1,false positive
business,log,8875,user8875,malicious,attack 1,true positive
business,trace,8875,user8875,malicious,attack 1,false positive
infrastructure,metric,8040,user8040,malicious,attack 1,false positive
infrastructure,log,8040,user8040,malicious,attack 1,true positive
infrastructure,trace,8040,user8040,malicious,attack 1,false positive
business,metric,5776,user5776,regular,no attack,false positive
business,log,5776,user5776,regular,no attack,false positive
business,trace,5776,user5776,regular,no attack,false positive
infrastructure,metric,8919,user8919,malicious,attack 2,false positive
infrastructure,log,8919,user8919,malicious,attack 2,false positive
infrastructure,trace,8919,user8919,malicious,attack 2,true positive
infrastructure,metric,5089,user5089,regular,no attack,false positive
infrastructure,log,5089,user5089,regular,no attack,false positive
infrastructure,trace,5089,user5089,regular,no attack,false positive
infrastructure,metric,9706,user9706,regular,no attack,false positive
infrastructure,log,9706,user9706,regular,no attack,false positive
infrastructure,trace,9706,user9706,regular,no attack,false positive
infrastructure,metric,7505,user7505,malicious,attack 2,false positive
infrastructure,log,7505,user7505,malicious,attack 2,false positive
infrastructure,trace,7505,user7505,malicious,attack 2,true positive
infrastructure,metric,9875,user9875,malicious,attack 1,false positive
infrastructure,log,9875,user9875,malicious,attack 1,true positive
infrastructure,trace,9875,user9875,malicious,attack 1,false positive
business,metric,9812,user9812,malicious,attack 1,false positive
business,log,9812,user9812,malicious,attack 1,true positive
business,trace,9812,user9812,malicious,attack 1,false positive
infrastructure,metric,1707,user1707,regular,no attack,false positive
infrastructure,log,1707,user1707,regular,no attack,false positive
infrastructure,trace,1707,user1707,regular,no attack,false positive
infrastructure,metric,9659,user9659,malicious,attack 2,false positive
infrastructure,log,9659,user9659,malicious,attack 2,false positive
infrastructure,trace,9659,user9659,malicious,attack 2,true positive
business,metric,5439,user5439,malicious,attack 2,false positive
business,log,5439,user5439,malicious,attack 2,false positive
business,trace,5439,user5439,malicious,attack 2,true positive
infrastructure,metric,565,user565,malicious,attack 2,false positive
infrastructure,log,565,user565,malicious,attack 2,false positive
infrastructure,trace,565,user565,malicious,attack 2,true positive
business,metric,794,user794,regular,no attack,false positive
business,log,794,user794,regular,no attack,false positive
business,trace,794,user794,regular,no attack,false positive
infrastructure,metric,674,user674,regular,no attack,false positive
infrastructure,log,674,user674,regular,no attack,false positive
infrastructure,trace,674,user674,regular,no attack,false positive
infrastructure,metric,2269,user2269,regular,no attack,false positive
infrastructure,log,2269,user2269,regular,no attack,false positive
infrastructure,trace,2269,user2269,regular,no attack,false positive
infrastructure,metric,3472,user3472,malicious,attack 2,false positive
infrastructure,log,3472,user3472,malicious,attack 2,false positive
infrastructure,trace,3472,user3472,malicious,attack 2,true positive
infrastructure,metric,5576,user5576,malicious,attack 2,false positive
infrastructure,log,5576,user5576,malicious,attack 2,false positive
infrastructure,trace,5576,user5576,malicious,attack 2,true positive
business,metric,5142,user5142,malicious,attack 1,false positive
business,log,5142,user5142,malicious,attack 1,true positive
business,trace,5142,user5142,malicious,attack 1,false positive
infrastructure,metric,8363,user8363,malicious,attack 2,false positive
infrastructure,log,8363,user8363,malicious,attack 2,false positive
infrastructure,trace,8363,user8363,malicious,attack 2,true positive
business,metric,4514,user4514,malicious,attack 2,false positive
business,log,4514,user4514,malicious,attack 2,false positive
business,trace,4514,user4514,malicious,attack 2,true positive
infrastructure,metric,388,user388,malicious,attack 2,false positive
infrastructure,log,388,user388,malicious,attack 2,false positive
infrastructure,trace,388,user388,malicious,attack 2,true positive
business,metric,6018,user6018,malicious,attack 1,false positive
business,log,6018,user6018,malicious,attack 1,true positive
business,trace,6018,user6018,malicious,attack 1,false positive
business,metric,1096,user1096,malicious,attack 2,false positive
business,log,1096,user1096,malicious,attack 2,false positive
business,trace,1096,user1096,malicious,attack 2,true positive
infrastructure,metric,7952,user7952,malicious,attack 1,false positive
infrastructure,log,7952,user7952,malicious,attack 1,true positive
infrastructure,trace,7952,user7952,malicious,attack 1,false positive
infrastructure,metric,4436,user4436,regular,no attack,false positive
infrastructure,log,4436,user4436,regular,no attack,false positive
infrastructure,trace,4436,user4436,regular,no attack,false positive
business,metric,5534,user5534,malicious,attack 1,false positive
business,log,5534,user5534,malicious,attack 1,true positive
business,trace,5534,user5534,malicious,attack 1,false positive
business,metric,8311,user8311,malicious,attack 2,false positive
business,log,8311,user8311,malicious,attack 2,false positive
business,trace,8311,user8311,malicious,attack 2,true positive
infrastructure,metric,2099,user2099,regular,no attack,false positive
infrastructure,log,2099,user2099,regular,no attack,false positive
infrastructure,trace,2099,user2099,regular,no attack,false positive
business,metric,4663,user4663,regular,no attack,false positive
business,log,4663,user4663,regular,no attack,false positive
business,trace,4663,user4663,regular,no attack,false positive
infrastructure,metric,3956,user3956,regular,no attack,false positive
infrastructure,log,3956,user3956,regular,no attack,false positive
infrastructure,trace,3956,user3956,regular,no attack,false positive
infrastructure,metric,3342,user3342,malicious,attack 2,false positive
infrastructure,log,3342,user3342,malicious,attack 2,false positive
infrastructure,trace,3342,user3342,malicious,attack 2,true positive
business,metric,9209,user9209,malicious,attack 1,false positive
business,log,9209,user9209,malicious,attack 1,true positive
business,trace,9209,user9209,malicious,attack 1,false positive
infrastructure,metric,1622,user1622,malicious,attack 1,false positive
infrastructure,log,1622,user1622,malicious,attack 1,true positive
infrastructure,trace,1622,user1622,malicious,attack 1,false positive
business,metric,9744,user9744,malicious,attack 1,false positive
business,log,9744,user9744,malicious,attack 1,true positive
business,trace,9744,user9744,malicious,attack 1,false positive
business,metric,1941,user1941,malicious,attack 1,false positive
business,log,1941,user1941,malicious,attack 1,true positive
business,trace,1941,user1941,malicious,attack 1,false positive
business,metric,9951,user9951,malicious,attack 1,false positive
business,log,9951,user9951,malicious,attack 1,true positive
business,trace,9951,user9951,malicious,attack 1,false positive
infrastructure,metric,6078,user6078,regular,no attack,false positive
infrastructure,log,6078,user6078,regular,no attack,false positive
infrastructure,trace,6078,user6078,regular,no attack,false positive
infrastructure,metric,5799,user5799,malicious,attack 2,false positive
infrastructure,log,5799,user5799,malicious,attack 2,false positive
infrastructure,trace,5799,user5799,malicious,attack 2,true positive
business,metric,6588,user6588,malicious,attack 2,false positive
business,log,6588,user6588,malicious,attack 2,false positive
business,trace,6588,user6588,malicious,attack 2,true positive
business,metric,1543,user1543,malicious,attack 2,false positive
business,log,1543,user1543,malicious,attack 2,false positive
business,trace,1543,user1543,malicious,attack 2,true positive
business,metric,6029,user6029,malicious,attack 2,false positive
business,log,6029,user6029,malicious,attack 2,false positive
business,trace,6029,user6029,malicious,attack 2,true positive
business,metric,4281,user4281,malicious,attack 1,false positive
business,log,4281,user4281,malicious,attack 1,true positive
business,trace,4281,user4281,malicious,attack 1,false positive
business,metric,920,user920,malicious,attack 1,false positive
business,log,920,user920,malicious,attack 1,true positive
business,trace,920,user920,malicious,attack 1,false positive
business,metric,5667,user5667,malicious,attack 2,false positive
business,log,5667,user5667,malicious,attack 2,false positive
business,trace,5667,user5667,malicious,attack 2,true positive
infrastructure,metric,1005,user1005,malicious,attack 2,false positive
infrastructure,log,1005,user1005,malicious,attack 2,false positive
infrastructure,trace,1005,user1005,malicious,attack 2,true positive
business,metric,6541,user6541,malicious,attack 1,false positive
business,log,6541,user6541,malicious,attack 1,true positive
business,trace,6541,user6541,malicious,attack 1,false positive
infrastructure,metric,1292,user1292,regular,no attack,false positive
infrastructure,log,1292,user1292,regular,no attack,false positive
infrastructure,trace,1292,user1292,regular,no attack,false positive
infrastructure,metric,603,user603,malicious,attack 1,false positive
infrastructure,log,603,user603,malicious,attack 1,true positive
infrastructure,trace,603,user603,malicious,attack 1,false positive
infrastructure,metric,4397,user4397,malicious,attack 1,false positive
infrastructure,log,4397,user4397,malicious,attack 1,true positive
infrastructure,trace,4397,user4397,malicious,attack 1,false positive
infrastructure,metric,9249,user9249,malicious,attack 1,false positive
infrastructure,log,9249,user9249,malicious,attack 1,true positive
infrastructure,trace,9249,user9249,malicious,attack 1,false positive
infrastructure,metric,9672,user9672,regular,no attack,false positive
infrastructure,log,9672,user9672,regular,no attack,false positive
infrastructure,trace,9672,user9672,regular,no attack,false positive
business,metric,747,user747,malicious,attack 1,false positive
business,log,747,user747,malicious,attack 1,true positive
business,trace,747,user747,malicious,attack 1,false positive
business,metric,7056,user7056,malicious,attack 1,false positive
business,log,7056,user7056,malicious,attack 1,true positive
business,trace,7056,user7056,malicious,attack 1,false positive
infrastructure,metric,6575,user6575,regular,no attack,false positive
infrastructure,log,6575,user6575,regular,no attack,false positive
infrastructure,trace,6575,user6575,regular,no attack,false positive
infrastructure,metric,8486,user8486,regular,no attack,false positive
infrastructure,log,8486,user8486,regular,no attack,false positive
infrastructure,trace,8486,user8486,regular,no attack,false positive
business,metric,9797,user9797,malicious,attack 1,false positive
business,log,9797,user9797,malicious,attack 1,true positive
business,trace,9797,user9797,malicious,attack 1,false positive
infrastructure,metric,5532,user5532,malicious,attack 2,false positive
infrastructure,log,5532,user5532,malicious,attack 2,false positive
infrastructure,trace,5532,user5532,malicious,attack 2,true positive
infrastructure,metric,3686,user3686,malicious,attack 2,false positive
infrastructure,log,3686,user3686,malicious,attack 2,false positive
infrastructure,trace,3686,user3686,malicious,attack 2,true positive
infrastructure,metric,6427,user6427,regular,no attack,false positive
infrastructure,log,6427,user6427,regular,no attack,false positive
infrastructure,trace,6427,user6427,regular,no attack,false positive
infrastructure,metric,4118,user4118,malicious,attack 2,false positive
infrastructure,log,4118,user4118,malicious,attack 2,false positive
infrastructure,trace,4118,user4118,malicious,attack 2,true positive
infrastructure,metric,2220,user2220,malicious,attack 2,false positive
infrastructure,log,2220,user2220,malicious,attack 2,false positive
infrastructure,trace,2220,user2220,malicious,attack 2,true positive
business,metric,7645,user7645,malicious,attack 1,false positive
business,log,7645,user7645,malicious,attack 1,true positive
business,trace,7645,user7645,malicious,attack 1,false positive
business,metric,9891,user9891,malicious,attack 1,false positive
business,log,9891,user9891,malicious,attack 1,true positive
business,trace,9891,user9891,malicious,attack 1,false positive
business,metric,2830,user2830,regular,no attack,false positive
business,log,2830,user2830,regular,no attack,false positive
business,trace,2830,user2830,regular,no attack,false positive
business,metric,8137,user8137,regular,no attack,false positive
business,log,8137,user8137,regular,no attack,false positive
business,trace,8137,user8137,regular,no attack,false positive
infrastructure,metric,1784,user1784,malicious,attack 2,false positive
infrastructure,log,1784,user1784,malicious,attack 2,false positive
infrastructure,trace,1784,user1784,malicious,attack 2,true positive
business,metric,7542,user7542,malicious,attack 2,false positive
business,log,7542,user7542,malicious,attack 2,false positive
business,trace,7542,user7542,malicious,attack 2,true positive
infrastructure,metric,7455,user7455,malicious,attack 1,false positive
infrastructure,log,7455,user7455,malicious,attack 1,true positive
infrastructure,trace,7455,user7455,malicious,attack 1,false positive
infrastructure,metric,4053,user4053,malicious,attack 2,false positive
infrastructure,log,4053,user4053,malicious,attack 2,false positive
infrastructure,trace,4053,user4053,malicious,attack 2,true positive
infrastructure,metric,4337,user4337,malicious,attack 1,false positive
infrastructure,log,4337,user4337,malicious,attack 1,true positive
infrastructure,trace,4337,user4337,malicious,attack 1,false positive
infrastructure,metric,7117,user7117,regular,no attack,false positive
infrastructure,log,7117,user7117,regular,no attack,false positive
infrastructure,trace,7117,user7117,regular,no attack,false positive
business,metric,4513,user4513,malicious,attack 2,false positive
business,log,4513,user4513,malicious,attack 2,false positive
business,trace,4513,user4513,malicious,attack 2,true positive
business,metric,5307,user5307,regular,no attack,false positive
business,log,5307,user5307,regular,no attack,false positive
business,trace,5307,user5307,regular,no attack,false positive
infrastructure,metric,4590,user4590,malicious,attack 1,false positive
infrastructure,log,4590,user4590,malicious,attack 1,true positive
infrastructure,trace,4590,user4590,malicious,attack 1,false positive
infrastructure,metric,7819,user7819,malicious,attack 1,false positive
infrastructure,log,7819,user7819,malicious,attack 1,true positive
infrastructure,trace,7819,user7819,malicious,attack 1,false positive
business,metric,2981,user2981,malicious,attack 2,false positive
business,log,2981,user2981,malicious,attack 2,false positive
business,trace,2981,user2981,malicious,attack 2,true positive
business,metric,4083,user4083,malicious,attack 2,false positive
business,log,4083,user4083,malicious,attack 2,false positive
business,trace,4083,user4083,malicious,attack 2,true positive
infrastructure,metric,9863,user9863,regular,no attack,false positive
infrastructure,log,9863,user9863,regular,no attack,false positive
infrastructure,trace,9863,user9863,regular,no attack,false positive
business,metric,4438,user4438,regular,no attack,false positive
business,log,4438,user4438,regular,no attack,false positive
business,trace,4438,user4438,regular,no attack,false positive
business,metric,5849,user5849,regular,no attack,false positive
business,log,5849,user5849,regular,no attack,false positive
business,trace,5849,user5849,regular,no attack,false positive
business,metric,1975,user1975,regular,no attack,false positive
business,log,1975,user1975,regular,no attack,false positive
business,trace,1975,user1975,regular,no attack,false positive
business,metric,5185,user5185,regular,no attack,false positive
business,log,5185,user5185,regular,no attack,false positive
business,trace,5185,user5185,regular,no attack,false positive
business,metric,4247,user4247,regular,no attack,false positive
business,log,4247,user4247,regular,no attack,false positive
business,trace,4247,user4247,regular,no attack,false positive
business,metric,6674,user6674,malicious,attack 2,false positive
business,log,6674,user6674,malicious,attack 2,false positive
business,trace,6674,user6674,malicious,attack 2,true positive
business,metric,4154,user4154,malicious,attack 2,false positive
business,log,4154,user4154,malicious,attack 2,false positive
business,trace,4154,user4154,malicious,attack 2,true positive
business,metric,9827,user9827,malicious,attack 2,false positive
business,log,9827,user9827,malicious,attack 2,false positive
business,trace,9827,user9827,malicious,attack 2,true positive
infrastructure,metric,7150,user7150,malicious,attack 1,false positive
infrastructure,log,7150,user7150,malicious,attack 1,true positive
infrastructure,trace,7150,user7150,malicious,attack 1,false positive
business,metric,5864,user5864,malicious,attack 1,false positive
business,log,5864,user5864,malicious,attack 1,true positive
business,trace,5864,user5864,malicious,attack 1,false positive
business,metric,1664,user1664,regular,no attack,false positive
business,log,1664,user1664,regular,no attack,false positive
business,trace,1664,user1664,regular,no attack,false positive
infrastructure,metric,4790,user4790,regular,no attack,false positive
infrastructure,log,4790,user4790,regular,no attack,false positive
infrastructure,trace,4790,user4790,regular,no attack,false positive
business,metric,8120,user8120,malicious,attack 1,false positive
business,log,8120,user8120,malicious,attack 1,true positive
business,trace,8120,user8120,malicious,attack 1,false positive
business,metric,1531,user1531,malicious,attack 1,false positive
business,log,1531,user1531,malicious,attack 1,true positive
business,trace,1531,user1531,malicious,attack 1,false positive
business,metric,50,user50,regular,no attack,false positive
business,log,50,user50,regular,no attack,false positive
business,trace,50,user50,regular,no attack,false positive
infrastructure,metric,9140,user9140,regular,no attack,false positive
infrastructure,log,9140,user9140,regular,no attack,false positive
infrastructure,trace,9140,user9140,regular,no attack,false positive
business,metric,1750,user1750,malicious,attack 2,false positive
business,log,1750,user1750,malicious,attack 2,false positive
business,trace,1750,user1750,malicious,attack 2,true positive
business,metric,7109,user7109,malicious,attack 2,false positive
business,log,7109,user7109,malicious,attack 2,false positive
business,trace,7109,user7109,malicious,attack 2,true positive
infrastructure,metric,4162,user4162,malicious,attack 1,false positive
infrastructure,log,4162,user4162,malicious,attack 1,true positive
infrastructure,trace,4162,user4162,malicious,attack 1,false positive
infrastructure,metric,672,user672,regular,no attack,false positive
infrastructure,log,672,user672,regular,no attack,false positive
infrastructure,trace,672,user672,regular,no attack,false positive
infrastructure,metric,5043,user5043,malicious,attack 1,false positive
infrastructure,log,5043,user5043,malicious,attack 1,true positive
infrastructure,trace,5043,user5043,malicious,attack 1,false positive
infrastructure,metric,4609,user4609,malicious,attack 1,false positive
infrastructure,log,4609,user4609,malicious,attack 1,true positive
infrastructure,trace,4609,user4609,malicious,attack 1,false positive
infrastructure,metric,9072,user9072,malicious,attack 2,false positive
infrastructure,log,9072,user9072,malicious,attack 2,false positive
infrastructure,trace,9072,user9072,malicious,attack 2,true positive
business,metric,5765,user5765,regular,no attack,false positive
business,log,5765,user5765,regular,no attack,false positive
business,trace,5765,user5765,regular,no attack,false positive
business,metric,3677,user3677,regular,no attack,false positive
business,log,3677,user3677,regular,no attack,false positive
business,trace,3677,user3677,regular,no attack,false positive
business,metric,9190,user9190,malicious,attack 2,false positive
business,log,9190,user9190,malicious,attack 2,false positive
business,trace,9190,user9190,malicious,attack 2,true positive
infrastructure,metric,2168,user2168,regular,no attack,false positive
infrastructure,log,2168,user2168,regular,no attack,false positive
infrastructure,trace,2168,user2168,regular,no attack,false positive
infrastructure,metric,5358,user5358,regular,no attack,false positive
infrastructure,log,5358,user5358,regular,no attack,false positive
infrastructure,trace,5358,user5358,regular,no attack,false positive
infrastructure,metric,9849,user9849,malicious,attack 2,false positive
infrastructure,log,9849,user9849,malicious,attack 2,false positive
infrastructure,trace,9849,user9849,malicious,attack 2,true positive
business,metric,3727,user3727,malicious,attack 2,false positive
business,log,3727,user3727,malicious,attack 2,false positive
business,trace,3727,user3727,malicious,attack 2,true positive
infrastructure,metric,1465,user1465,regular,no attack,false positive
infrastructure,log,1465,user1465,regular,no attack,false positive
infrastructure,trace,1465,user1465,regular,no attack,false positive
infrastructure,metric,7170,user7170,malicious,attack 1,false positive
infrastructure,log,7170,user7170,malicious,attack 1,true positive
infrastructure,trace,7170,user7170,malicious,attack 1,false positive
infrastructure,metric,5546,user5546,malicious,attack 2,false positive
infrastructure,log,5546,user5546,malicious,attack 2,false positive
infrastructure,trace,5546,user5546,malicious,attack 2,true positive
business,metric,7470,user7470,malicious,attack 1,false positive
business,log,7470,user7470,malicious,attack 1,true positive
business,trace,7470,user7470,malicious,attack 1,false positive
business,metric,3802,user3802,malicious,attack 2,false positive
business,log,3802,user3802,malicious,attack 2,false positive
business,trace,3802,user3802,malicious,attack 2,true positive
infrastructure,metric,1388,user1388,malicious,attack 1,false positive
infrastructure,log,1388,user1388,malicious,attack 1,true positive
infrastructure,trace,1388,user1388,malicious,attack 1,false positive
infrastructure,metric,3291,user3291,malicious,attack 2,false positive
infrastructure,log,3291,user3291,malicious,attack 2,false positive
infrastructure,trace,3291,user3291,malicious,attack 2,true positive
infrastructure,metric,795,user795,regular,no attack,false positive
infrastructure,log,795,user795,regular,no attack,false positive
infrastructure,trace,795,user795,regular,no attack,false positive
business,metric,8274,user8274,malicious,attack 2,false positive
business,log,8274,user8274,malicious,attack 2,false positive
business,trace,8274,user8274,malicious,attack 2,true positive
business,metric,6778,user6778,malicious,attack 2,false positive
business,log,6778,user6778,malicious,attack 2,false positive
business,trace,6778,user6778,malicious,attack 2,true positive
business,metric,9941,user9941,regular,no attack,false positive
business,log,9941,user9941,regular,no attack,false positive
business,trace,9941,user9941,regular,no attack,false positive
infrastructure,metric,5140,user5140,malicious,attack 1,false positive
infrastructure,log,5140,user5140,malicious,attack 1,true positive
infrastructure,trace,5140,user5140,malicious,attack 1,false positive
business,metric,800,user800,regular,no attack,false positive
business,log,800,user800,regular,no attack,false positive
business,trace,800,user800,regular,no attack,false positive
infrastructure,metric,8453,user8453,regular,no attack,false positive
infrastructure,log,8453,user8453,regular,no attack,false positive
infrastructure,trace,8453,user8453,regular,no attack,false positive
infrastructure,metric,4117,user4117,malicious,attack 1,false positive
infrastructure,log,4117,user4117,malicious,attack 1,true positive
infrastructure,trace,4117,user4117,malicious,attack 1,false positive
business,metric,2625,user2625,malicious,attack 2,false positive
business,log,2625,user2625,malicious,attack 2,false positive
business,trace,2625,user2625,malicious,attack 2,true positive
business,metric,9531,user9531,malicious,attack 1,false positive
business,log,9531,user9531,malicious,attack 1,true positive
business,trace,9531,user9531,malicious,attack 1,false positive
infrastructure,metric,8533,user8533,malicious,attack 2,false positive
infrastructure,log,8533,user8533,malicious,attack 2,false positive
infrastructure,trace,8533,user8533,malicious,attack 2,true positive
infrastructure,metric,5036,user5036,malicious,attack 2,false positive
infrastructure,log,5036,user5036,malicious,attack 2,false positive
infrastructure,trace,5036,user5036,malicious,attack 2,true positive
business,metric,6954,user6954,malicious,attack 1,false positive
business,log,6954,user6954,malicious,attack 1,true positive
business,trace,6954,user6954,malicious,attack 1,false positive
business,metric,7669,user7669,regular,no attack,false positive
business,log,7669,user7669,regular,no attack,false positive
business,trace,7669,user7669,regular,no attack,false positive
business,metric,220,user220,regular,no attack,false positive
business,log,220,user220,regular,no attack,false positive
business,trace,220,user220,regular,no attack,false positive
business,metric,8065,user8065,malicious,attack 1,false positive
business,log,8065,user8065,malicious,attack 1,true positive
business,trace,8065,user8065,malicious,attack 1,false positive
business,metric,7912,user7912,regular,no attack,false positive
business,log,7912,user7912,regular,no attack,false positive
business,trace,7912,user7912,regular,no attack,false positive
infrastructure,metric,4936,user4936,malicious,attack 2,false positive
infrastructure,log,4936,user4936,malicious,attack 2,false positive
infrastructure,trace,4936,user4936,malicious,attack 2,true positive
business,metric,2654,user2654,regular,no attack,false positive
business,log,2654,user2654,regular,no attack,false positive
business,trace,2654,user2654,regular,no attack,false positive
infrastructure,metric,7420,user7420,malicious,attack 2,false positive
infrastructure,log,7420,user7420,malicious,attack 2,false positive
infrastructure,trace,7420,user7420,malicious,attack 2,true positive
infrastructure,metric,2206,user2206,malicious,attack 2,false positive
infrastructure,log,2206,user2206,malicious,attack 2,false positive
infrastructure,trace,2206,user2206,malicious,attack 2,true positive
business,metric,961,user961,malicious,attack 1,false positive
business,log,961,user961,malicious,attack 1,true positive
business,trace,961,user961,malicious,attack 1,false positive
business,metric,8913,user8913,malicious,attack 1,false positive
business,log,8913,user8913,malicious,attack 1,true positive
business,trace,8913,user8913,malicious,attack 1,false positive
infrastructure,metric,7082,user7082,malicious,attack 1,false positive
infrastructure,log,7082,user7082,malicious,attack 1,true positive
infrastructure,trace,7082,user7082,malicious,attack 1,false positive
infrastructure,metric,8054,user8054,malicious,attack 2,false positive
infrastructure,log,8054,user8054,malicious,attack 2,false positive
infrastructure,trace,8054,user8054,malicious,attack 2,true positive
infrastructure,metric,8227,user8227,regular,no attack,false positive
infrastructure,log,8227,user8227,regular,no attack,false positive
infrastructure,trace,8227,user8227,regular,no attack,false positive
business,metric,7829,user7829,malicious,attack 2,false positive
business,log,7829,user7829,malicious,attack 2,false positive
business,trace,7829,user7829,malicious,attack 2,true positive
infrastructure,metric,7700,user7700,malicious,attack 1,false positive
infrastructure,log,7700,user7700,malicious,attack 1,true positive
infrastructure,trace,7700,user7700,malicious,attack 1,false positive
infrastructure,metric,6680,user6680,malicious,attack 2,false positive
infrastructure,log,6680,user6680,malicious,attack 2,false positive
infrastructure,trace,6680,user6680,malicious,attack 2,true positive
business,metric,6055,user6055,regular,no attack,false positive
business,log,6055,user6055,regular,no attack,false positive
business,trace,6055,user6055,regular,no attack,false positive
business,metric,5424,user5424,regular,no attack,false positive
business,log,5424,user5424,regular,no attack,false positive
business,trace,5424,user5424,regular,no attack,false positive
infrastructure,metric,855,user855,malicious,attack 1,false positive
infrastructure,log,855,user855,malicious,attack 1,true positive
infrastructure,trace,855,user855,malicious,attack 1,false positive
business,metric,7439,user7439,malicious,attack 1,false positive
business,log,7439,user7439,malicious,attack 1,true positive
business,trace,7439,user7439,malicious,attack 1,false positive
infrastructure,metric,9546,user9546,regular,no attack,false positive
infrastructure,log,9546,user9546,regular,no attack,false positive
infrastructure,trace,9546,user9546,regular,no attack,false positive
infrastructure,metric,628,user628,regular,no attack,false positive
infrastructure,log,628,user628,regular,no attack,false positive
infrastructure,trace,628,user628,regular,no attack,false positive
business,metric,8223,user8223,malicious,attack 1,false positive
business,log,8223,user8223,malicious,attack 1,true positive
business,trace,8223,user8223,malicious,attack 1,false positive
business,metric,5524,user5524,malicious,attack 1,false positive
business,log,5524,user5524,malicious,attack 1,true positive
business,trace,5524,user5524,malicious,attack 1,false positive
business,metric,438,user438,malicious,attack 1,false positive
business,log,438,user438,malicious,attack 1,true positive
business,trace,438,user438,malicious,attack 1,false positive
infrastructure,metric,6826,user6826,regular,no attack,false positive
infrastructure,log,6826,user6826,regular,no attack,false positive
infrastructure,trace,6826,user6826,regular,no attack,false positive
business,metric,5655,user5655,malicious,attack 2,false positive
business,log,5655,user5655,malicious,attack 2,false positive
business,trace,5655,user5655,malicious,attack 2,true positive
business,metric,9259,user9259,regular,no attack,false positive
business,log,9259,user9259,regular,no attack,false positive
business,trace,9259,user9259,regular,no attack,false positive
business,metric,4250,user4250,malicious,attack 2,false positive
business,log,4250,user4250,malicious,attack 2,false positive
business,trace,4250,user4250,malicious,attack 2,true positive
infrastructure,metric,3629,user3629,malicious,attack 2,false positive
infrastructure,log,3629,user3629,malicious,attack 2,false positive
infrastructure,trace,3629,user3629,malicious,attack 2,true positive
business,metric,6641,user6641,malicious,attack 2,false positive
business,log,6641,user6641,malicious,attack 2,false positive
business,trace,6641,user6641,malicious,attack 2,true positive
infrastructure,metric,3927,user3927,regular,no attack,false positive
infrastructure,log,3927,user3927,regular,no attack,false positive
infrastructure,trace,3927,user3927,regular,no attack,false positive
infrastructure,metric,4721,user4721,malicious,attack 2,false positive
infrastructure,log,4721,user4721,malicious,attack 2,false positive
infrastructure,trace,4721,user4721,malicious,attack 2,true positive
infrastructure,metric,2674,user2674,malicious,attack 1,false positive
infrastructure,log,2674,user2674,malicious,attack 1,true positive
infrastructure,trace,2674,user2674,malicious,attack 1,false positive
business,metric,4830,user4830,malicious,attack 1,false positive
business,log,4830,user4830,malicious,attack 1,true positive
business,trace,4830,user4830,malicious,attack 1,false positive
infrastructure,metric,3223,user3223,malicious,attack 2,false positive
infrastructure,log,3223,user3223,malicious,attack 2,false positive
infrastructure,trace,3223,user3223,malicious,attack 2,true positive
infrastructure,metric,955,user955,malicious,attack 1,false positive
infrastructure,log,955,user955,malicious,attack 1,true positive
infrastructure,trace,955,user955,malicious,attack 1,false positive
infrastructure,metric,5599,user5599,regular,no attack,false positive
infrastructure,log,5599,user5599,regular,no attack,false positive
infrastructure,trace,5599,user5599,regular,no attack,false positive
business,metric,2324,user2324,regular,no attack,false positive
business,log,2324,user2324,regular,no attack,false positive
business,trace,2324,user2324,regular,no attack,false positive
business,metric,4699,user4699,malicious,attack 1,false positive
business,log,4699,user4699,malicious,attack 1,true positive
business,trace,4699,user4699,malicious,attack 1,false positive
infrastructure,metric,7371,user7371,malicious,attack 2,false positive
infrastructure,log,7371,user7371,malicious,attack 2,false positive
infrastructure,trace,7371,user7371,malicious,attack 2,true positive
business,metric,8611,user8611,malicious,attack 2,false positive
business,log,8611,user8611,malicious,attack 2,false positive
business,trace,8611,user8611,malicious,attack 2,true positive
infrastructure,metric,7428,user7428,malicious,attack 1,false positive
infrastructure,log,7428,user7428,malicious,attack 1,true positive
infrastructure,trace,7428,user7428,malicious,attack 1,false positive
business,metric,8477,user8477,malicious,attack 2,false positive
business,log,8477,user8477,malicious,attack 2,false positive
business,trace,8477,user8477,malicious,attack 2,true positive
business,metric,624,user624,regular,no attack,false positive
business,log,624,user624,regular,no attack,false positive
business,trace,624,user624,regular,no attack,false positive
infrastructure,metric,5024,user5024,regular,no attack,false positive
infrastructure,log,5024,user5024,regular,no attack,false positive
infrastructure,trace,5024,user5024,regular,no attack,false positive
infrastructure,metric,971,user971,malicious,attack 2,false positive
infrastructure,log,971,user971,malicious,attack 2,false positive
infrastructure,trace,971,user971,malicious,attack 2,true positive
infrastructure,metric,1980,user1980,malicious,attack 2,false positive
infrastructure,log,1980,user1980,malicious,attack 2,false positive
infrastructure,trace,1980,user1980,malicious,attack 2,true positive
infrastructure,metric,1017,user1017,malicious,attack 1,false positive
infrastructure,log,1017,user1017,malicious,attack 1,true positive
infrastructure,trace,1017,user1017,malicious,attack 1,false positive
infrastructure,metric,2360,user2360,malicious,attack 2,false positive
infrastructure,log,2360,user2360,malicious,attack 2,false positive
infrastructure,trace,2360,user2360,malicious,attack 2,true positive
infrastructure,metric,767,user767,regular,no attack,false positive
infrastructure,log,767,user767,regular,no attack,false positive
infrastructure,trace,767,user767,regular,no attack,false positive
infrastructure,metric,3593,user3593,malicious,attack 2,false positive
infrastructure,log,3593,user3593,malicious,attack 2,false positive
infrastructure,trace,3593,user3593,malicious,attack 2,true positive
infrastructure,metric,7907,user7907,regular,no attack,false positive
infrastructure,log,7907,user7907,regular,no attack,false positive
infrastructure,trace,7907,user7907,regular,no attack,false positive
business,metric,765,user765,malicious,attack 1,false positive
business,log,765,user765,malicious,attack 1,true positive
business,trace,765,user765,malicious,attack 1,false positive
business,metric,6795,user6795,malicious,attack 1,false positive
business,log,6795,user6795,malicious,attack 1,true positive
business,trace,6795,user6795,malicious,attack 1,false positive
business,metric,6103,user6103,malicious,attack 2,false positive
business,log,6103,user6103,malicious,attack 2,false positive
business,trace,6103,user6103,malicious,attack 2,true positive
business,metric,9833,user9833,malicious,attack 1,false positive
business,log,9833,user9833,malicious,attack 1,true positive
business,trace,9833,user9833,malicious,attack 1,false positive
business,metric,5186,user5186,regular,no attack,false positive
business,log,5186,user5186,regular,no attack,false positive
business,trace,5186,user5186,regular,no attack,false positive
infrastructure,metric,5344,user5344,malicious,attack 1,false positive
infrastructure,log,5344,user5344,malicious,attack 1,true positive
infrastructure,trace,5344,user5344,malicious,attack 1,false positive
infrastructure,metric,6148,user6148,regular,no attack,false positive
infrastructure,log,6148,user6148,regular,no attack,false positive
infrastructure,trace,6148,user6148,regular,no attack,false positive
infrastructure,metric,6299,user6299,malicious,attack 1,false positive
infrastructure,log,6299,user6299,malicious,attack 1,true positive
infrastructure,trace,6299,user6299,malicious,attack 1,false positive
business,metric,5361,user5361,malicious,attack 2,false positive
business,log,5361,user5361,malicious,attack 2,false positive
business,trace,5361,user5361,malicious,attack 2,true positive
infrastructure,metric,2785,user2785,regular,no attack,false positive
infrastructure,log,2785,user2785,regular,no attack,false positive
infrastructure,trace,2785,user2785,regular,no attack,false positive
business,metric,9326,user9326,regular,no attack,false positive
business,log,9326,user9326,regular,no attack,false positive
business,trace,9326,user9326,regular,no attack,false positive
business,metric,8524,user8524,malicious,attack 1,false positive
business,log,8524,user8524,malicious,attack 1,true positive
business,trace,8524,user8524,malicious,attack 1,false positive
infrastructure,metric,3227,user3227,malicious,attack 2,false positive
infrastructure,log,3227,user3227,malicious,attack 2,false positive
infrastructure,trace,3227,user3227,malicious,attack 2,true positive
infrastructure,metric,1018,user1018,malicious,attack 2,false positive
infrastructure,log,1018,user1018,malicious,attack 2,false positive
infrastructure,trace,1018,user1018,malicious,attack 2,true positive
infrastructure,metric,3309,user3309,malicious,attack 2,false positive
infrastructure,log,3309,user3309,malicious,attack 2,false positive
infrastructure,trace,3309,user3309,malicious,attack 2,true positive
infrastructure,metric,7080,user7080,malicious,attack 2,false positive
infrastructure,log,7080,user7080,malicious,attack 2,false positive
infrastructure,trace,7080,user7080,malicious,attack 2,true positive
business,metric,3738,user3738,malicious,attack 1,false positive
business,log,3738,user3738,malicious,attack 1,true positive
business,trace,3738,user3738,malicious,attack 1,false positive
business,metric,3053,user3053,regular,no attack,false positive
business,log,3053,user3053,regular,no attack,false positive
business,trace,3053,user3053,regular,no attack,false positive
business,metric,2331,user2331,regular,no attack,false positive
business,log,2331,user2331,regular,no attack,false positive
business,trace,2331,user2331,regular,no attack,false positive
infrastructure,metric,2959,user2959,malicious,attack 2,false positive
infrastructure,log,2959,user2959,malicious,attack 2,false positive
infrastructure,trace,2959,user2959,malicious,attack 2,true positive
infrastructure,metric,4844,user4844,malicious,attack 1,false positive
infrastructure,log,4844,user4844,malicious,attack 1,true positive
infrastructure,trace,4844,user4844,malicious,attack 1,false positive
business,metric,7171,user7171,regular,no attack,false positive
business,log,7171,user7171,regular,no attack,false positive
business,trace,7171,user7171,regular,no attack,false positive
business,metric,4224,user4224,malicious,attack 1,false positive
business,log,4224,user4224,malicious,attack 1,true positive
business,trace,4224,user4224,malicious,attack 1,false positive
business,metric,5497,user5497,malicious,attack 2,false positive
business,log,5497,user5497,malicious,attack 2,false positive
business,trace,5497,user5497,malicious,attack 2,true positive
business,metric,2951,user2951,regular,no attack,false positive
business,log,2951,user2951,regular,no attack,false positive
business,trace,2951,user2951,regular,no attack,false positive
business,metric,372,user372,malicious,attack 1,false positive
business,log,372,user372,malicious,attack 1,true positive
business,trace,372,user372,malicious,attack 1,false positive
infrastructure,metric,777,user777,regular,no attack,false positive
infrastructure,log,777,user777,regular,no attack,false positive
infrastructure,trace,777,user777,regular,no attack,false positive
infrastructure,metric,5542,user5542,malicious,attack 2,false positive
infrastructure,log,5542,user5542,malicious,attack 2,false positive
infrastructure,trace,5542,user5542,malicious,attack 2,true positive
business,metric,2585,user2585,malicious,attack 2,false positive
business,log,2585,user2585,malicious,attack 2,false positive
business,trace,2585,user2585,malicious,attack 2,true positive
business,metric,5513,user5513,malicious,attack 2,false positive
business,log,5513,user5513,malicious,attack 2,false positive
business,trace,5513,user5513,malicious,attack 2,true positive
infrastructure,metric,6453,user6453,regular,no attack,false positive
infrastructure,log,6453,user6453,regular,no attack,false positive
infrastructure,trace,6453,user6453,regular,no attack,false positive
business,metric,3468,user3468,regular,no attack,false positive
business,log,3468,user3468,regular,no attack,false positive
business,trace,3468,user3468,regular,no attack,false positive
infrastructure,metric,3475,user3475,malicious,attack 2,false positive
infrastructure,log,3475,user3475,malicious,attack 2,false positive
infrastructure,trace,3475,user3475,malicious,attack 2,true positive
infrastructure,metric,5108,user5108,regular,no attack,false positive
infrastructure,log,5108,user5108,regular,no attack,false positive
infrastructure,trace,5108,user5108,regular,no attack,false positive
infrastructure,metric,6234,user6234,malicious,attack 1,false positive
infrastructure,log,6234,user6234,malicious,attack 1,true positive
infrastructure,trace,6234,user6234,malicious,attack 1,false positive
business,metric,5825,user5825,malicious,attack 2,false positive
business,log,5825,user5825,malicious,attack 2,false positive
business,trace,5825,user5825,malicious,attack 2,true positive
business,metric,7658,user7658,regular,no attack,false positive
business,log,7658,user7658,regular,no attack,false positive
business,trace,7658,user7658,regular,no attack,false positive
business,metric,341,user341,malicious,attack 2,false positive
business,log,341,user341,malicious,attack 2,false positive
business,trace,341,user341,malicious,attack 2,true positive
infrastructure,metric,3202,user3202,regular,no attack,false positive
infrastructure,log,3202,user3202,regular,no attack,false positive
infrastructure,trace,3202,user3202,regular,no attack,false positive
business,metric,7713,user7713,regular,no attack,false positive
business,log,7713,user7713,regular,no attack,false positive
business,trace,7713,user7713,regular,no attack,false positive
infrastructure,metric,8562,user8562,regular,no attack,false positive
infrastructure,log,8562,user8562,regular,no attack,false positive
infrastructure,trace,8562,user8562,regular,no attack,false positive
business,metric,5192,user5192,regular,no attack,false positive
business,log,5192,user5192,regular,no attack,false positive
business,trace,5192,user5192,regular,no attack,false positive
infrastructure,metric,2749,user2749,regular,no attack,false positive
infrastructure,log,2749,user2749,regular,no attack,false positive
infrastructure,trace,2749,user2749,regular,no attack,false positive
infrastructure,metric,7818,user7818,malicious,attack 1,false positive
infrastructure,log,7818,user7818,malicious,attack 1,true positive
infrastructure,trace,7818,user7818,malicious,attack 1,false positive
business,metric,5123,user5123,regular,no attack,false positive
business,log,5123,user5123,regular,no attack,false positive
business,trace,5123,user5123,regular,no attack,false positive
infrastructure,metric,1563,user1563,malicious,attack 2,false positive
infrastructure,log,1563,user1563,malicious,attack 2,false positive
infrastructure,trace,1563,user1563,malicious,attack 2,true positive
business,metric,5938,user5938,malicious,attack 1,false positive
business,log,5938,user5938,malicious,attack 1,true positive
business,trace,5938,user5938,malicious,attack 1,false positive
infrastructure,metric,4054,user4054,regular,no attack,false positive
infrastructure,log,4054,user4054,regular,no attack,false positive
infrastructure,trace,4054,user4054,regular,no attack,false positive
business,metric,7782,user7782,malicious,attack 1,false positive
business,log,7782,user7782,malicious,attack 1,true positive
business,trace,7782,user7782,malicious,attack 1,false positive
business,metric,3374,user3374,malicious,attack 2,false positive
business,log,3374,user3374,malicious,attack 2,false positive
business,trace,3374,user3374,malicious,attack 2,true positive
business,metric,6929,user6929,regular,no attack,false positive
business,log,6929,user6929,regular,no attack,false positive
business,trace,6929,user6929,regular,no attack,false positive
infrastructure,metric,7153,user7153,malicious,attack 1,false positive
infrastructure,log,7153,user7153,malicious,attack 1,true positive
infrastructure,trace,7153,user7153,malicious,attack 1,false positive
infrastructure,metric,3106,user3106,malicious,attack 2,false positive
infrastructure,log,3106,user3106,malicious,attack 2,false positive
infrastructure,trace,3106,user3106,malicious,attack 2,true positive
infrastructure,metric,9787,user9787,malicious,attack 2,false positive
infrastructure,log,9787,user9787,malicious,attack 2,false positive
infrastructure,trace,9787,user9787,malicious,attack 2,true positive
infrastructure,metric,3392,user3392,regular,no attack,false positive
infrastructure,log,3392,user3392,regular,no attack,false positive
infrastructure,trace,3392,user3392,regular,no attack,false positive
infrastructure,metric,1179,user1179,malicious,attack 2,false positive
infrastructure,log,1179,user1179,malicious,attack 2,false positive
infrastructure,trace,1179,user1179,malicious,attack 2,true positive
business,metric,7866,user7866,malicious,attack 2,false positive
business,log,7866,user7866,malicious,attack 2,false positive
business,trace,7866,user7866,malicious,attack 2,true positive
business,metric,8903,user8903,malicious,attack 1,false positive
business,log,8903,user8903,malicious,attack 1,true positive
business,trace,8903,user8903,malicious,attack 1,false positive
business,metric,3557,user3557,regular,no attack,false positive
business,log,3557,user3557,regular,no attack,false positive
business,trace,3557,user3557,regular,no attack,false positive
business,metric,2975,user2975,regular,no attack,false positive
business,log,2975,user2975,regular,no attack,false positive
business,trace,2975,user2975,regular,no attack,false positive
business,metric,5378,user5378,malicious,attack 1,false positive
business,log,5378,user5378,malicious,attack 1,true positive
business,trace,5378,user5378,malicious,attack 1,false positive
infrastructure,metric,6767,user6767,malicious,attack 1,false positive
infrastructure,log,6767,user6767,malicious,attack 1,true positive
infrastructure,trace,6767,user6767,malicious,attack 1,false positive
business,metric,9036,user9036,regular,no attack,false positive
business,log,9036,user9036,regular,no attack,false positive
business,trace,9036,user9036,regular,no attack,false positive
business,metric,515,user515,malicious,attack 2,false positive
business,log,515,user515,malicious,attack 2,false positive
business,trace,515,user515,malicious,attack 2,true positive
business,metric,6903,user6903,malicious,attack 1,false positive
business,log,6903,user6903,malicious,attack 1,true positive
business,trace,6903,user6903,malicious,attack 1,false positive
infrastructure,metric,9987,user9987,malicious,attack 1,false positive
infrastructure,log,9987,user9987,malicious,attack 1,true positive
infrastructure,trace,9987,user9987,malicious,attack 1,false positive
business,metric,3196,user3196,malicious,attack 1,false positive
business,log,3196,user3196,malicious,attack 1,true positive
business,trace,3196,user3196,malicious,attack 1,false positive
infrastructure,metric,6291,user6291,malicious,attack 2,false positive
infrastructure,log,6291,user6291,malicious,attack 2,false positive
infrastructure,trace,6291,user6291,malicious,attack 2,true positive
business,metric,7276,user7276,regular,no attack,false positive
business,log,7276,user7276,regular,no attack,false positive
business,trace,7276,user7276,regular,no attack,false positive
business,metric,588,user588,regular,no attack,false positive
business,log,588,user588,regular,no attack,false positive
business,trace,588,user588,regular,no attack,false positive
business,metric,8730,user8730,malicious,attack 1,false positive
business,log,8730,user8730,malicious,attack 1,true positive
business,trace,8730,user8730,malicious,attack 1,false positive
business,metric,4215,user4215,malicious,attack 2,false positive
business,log,4215,user4215,malicious,attack 2,false positive
business,trace,4215,user4215,malicious,attack 2,true positive
business,metric,872,user872,malicious,attack 1,false positive
business,log,872,user872,malicious,attack 1,true positive
business,trace,872,user872,malicious,attack 1,false positive
infrastructure,metric,4189,user4189,malicious,attack 2,false positive
infrastructure,log,4189,user4189,malicious,attack 2,false positive
infrastructure,trace,4189,user4189,malicious,attack 2,true positive
infrastructure,metric,1858,user1858,malicious,attack 2,false positive
infrastructure,log,1858,user1858,malicious,attack 2,false positive
infrastructure,trace,1858,user1858,malicious,attack 2,true positive
business,metric,5950,user5950,malicious,attack 2,false positive
business,log,5950,user5950,malicious,attack 2,false positive
business,trace,5950,user5950,malicious,attack 2,true positive
infrastructure,metric,7187,user7187,malicious,attack 1,false positive
infrastructure,log,7187,user7187,malicious,attack 1,true positive
infrastructure,trace,7187,user7187,malicious,attack 1,false positive
infrastructure,metric,9179,user9179,malicious,attack 1,false positive
infrastructure,log,9179,user9179,malicious,attack 1,true positive
infrastructure,trace,9179,user9179,malicious,attack 1,false positive
infrastructure,metric,8729,user8729,regular,no attack,false positive
infrastructure,log,8729,user8729,regular,no attack,false positive
infrastructure,trace,8729,user8729,regular,no attack,false positive
infrastructure,metric,131,user131,malicious,attack 1,false positive
infrastructure,log,131,user131,malicious,attack 1,true positive
infrastructure,trace,131,user131,malicious,attack 1,false positive
business,metric,1629,user1629,regular,no attack,false positive
business,log,1629,user1629,regular,no attack,false positive
business,trace,1629,user1629,regular,no attack,false positive
business,metric,2595,user2595,regular,no attack,false positive
business,log,2595,user2595,regular,no attack,false positive
business,trace,2595,user2595,regular,no attack,false positive
business,metric,4052,user4052,regular,no attack,false positive
business,log,4052,user4052,regular,no attack,false positive
business,trace,4052,user4052,regular,no attack,false positive
business,metric,8488,user8488,malicious,attack 2,false positive
business,log,8488,user8488,malicious,attack 2,false positive
business,trace,8488,user8488,malicious,attack 2,true positive
infrastructure,metric,1478,user1478,malicious,attack 1,false positive
infrastructure,log,1478,user1478,malicious,attack 1,true positive
infrastructure,trace,1478,user1478,malicious,attack 1,false positive
infrastructure,metric,3305,user3305,malicious,attack 2,false positive
infrastructure,log,3305,user3305,malicious,attack 2,false positive
infrastructure,trace,3305,user3305,malicious,attack 2,true positive
business,metric,5309,user5309,malicious,attack 2,false positive
business,log,5309,user5309,malicious,attack 2,false positive
business,trace,5309,user5309,malicious,attack 2,true positive
infrastructure,metric,9618,user9618,regular,no attack,false positive
infrastructure,log,9618,user9618,regular,no attack,false positive
infrastructure,trace,9618,user9618,regular,no attack,false positive
infrastructure,metric,9676,user9676,regular,no attack,false positive
infrastructure,log,9676,user9676,regular,no attack,false positive
infrastructure,trace,9676,user9676,regular,no attack,false positive
business,metric,8319,user8319,malicious,attack 1,false positive
business,log,8319,user8319,malicious,attack 1,true positive
business,trace,8319,user8319,malicious,attack 1,false positive
infrastructure,metric,8408,user8408,malicious,attack 2,false positive
infrastructure,log,8408,user8408,malicious,attack 2,false positive
infrastructure,trace,8408,user8408,malicious,attack 2,true positive
business,metric,5411,user5411,malicious,attack 1,false positive
business,log,5411,user5411,malicious,attack 1,true positive
business,trace,5411,user5411,malicious,attack 1,false positive
infrastructure,metric,6933,user6933,regular,no attack,false positive
infrastructure,log,6933,user6933,regular,no attack,false positive
infrastructure,trace,6933,user6933,regular,no attack,false positive
business,metric,6636,user6636,malicious,attack 2,false positive
business,log,6636,user6636,malicious,attack 2,false positive
business,trace,6636,user6636,malicious,attack 2,true positive
infrastructure,metric,9956,user9956,malicious,attack 2,false positive
infrastructure,log,9956,user9956,malicious,attack 2,false positive
infrastructure,trace,9956,user9956,malicious,attack 2,true positive
infrastructure,metric,2907,user2907,malicious,attack 1,false positive
infrastructure,log,2907,user2907,malicious,attack 1,true positive
infrastructure,trace,2907,user2907,malicious,attack 1,false positive
business,metric,7305,user7305,malicious,attack 2,false positive
business,log,7305,user7305,malicious,attack 2,false positive
business,trace,7305,user7305,malicious,attack 2,true positive
infrastructure,metric,9334,user9334,malicious,attack 1,false positive
infrastructure,log,9334,user9334,malicious,attack 1,true positive
infrastructure,trace,9334,user9334,malicious,attack 1,false positive
infrastructure,metric,7350,user7350,malicious,attack 1,false positive
infrastructure,log,7350,user7350,malicious,attack 1,true positive
infrastructure,trace,7350,user7350,malicious,attack 1,false positive
infrastructure,metric,5273,user5273,regular,no attack,false positive
infrastructure,log,5273,user5273,regular,no attack,false positive
infrastructure,trace,5273,user5273,regular,no attack,false positive
business,metric,5471,user5471,regular,no attack,false positive
business,log,5471,user5471,regular,no attack,false positive
business,trace,5471,user5471,regular,no attack,false positive
business,metric,5708,user5708,malicious,attack 1,false positive
business,log,5708,user5708,malicious,attack 1,true positive
business,trace,5708,user5708,malicious,attack 1,false positive
infrastructure,metric,1977,user1977,malicious,attack 1,false positive
infrastructure,log,1977,user1977,malicious,attack 1,true positive
infrastructure,trace,1977,user1977,malicious,attack 1,false positive
business,metric,379,user379,regular,no attack,false positive
business,log,379,user379,regular,no attack,false positive
business,trace,379,user379,regular,no attack,false positive
infrastructure,metric,1881,user1881,regular,no attack,false positive
infrastructure,log,1881,user1881,regular,no attack,false positive
infrastructure,trace,1881,user1881,regular,no attack,false positive
infrastructure,metric,5293,user5293,malicious,attack 2,false positive
infrastructure,log,5293,user5293,malicious,attack 2,false positive
infrastructure,trace,5293,user5293,malicious,attack 2,true positive
business,metric,6387,user6387,regular,no attack,false positive
business,log,6387,user6387,regular,no attack,false positive
business,trace,6387,user6387,regular,no attack,false positive
infrastructure,metric,3832,user3832,malicious,attack 1,false positive
infrastructure,log,3832,user3832,malicious,attack 1,true positive
infrastructure,trace,3832,user3832,malicious,attack 1,false positive
business,metric,7169,user7169,malicious,attack 2,false positive
business,log,7169,user7169,malicious,attack 2,false positive
business,trace,7169,user7169,malicious,attack 2,true positive
infrastructure,metric,2830,user2830,regular,no attack,false positive
infrastructure,log,2830,user2830,regular,no attack,false positive
infrastructure,trace,2830,user2830,regular,no attack,false positive
business,metric,7377,user7377,malicious,attack 2,false positive
business,log,7377,user7377,malicious,attack 2,false positive
business,trace,7377,user7377,malicious,attack 2,true positive
business,metric,5856,user5856,malicious,attack 2,false positive
business,log,5856,user5856,malicious,attack 2,false positive
business,trace,5856,user5856,malicious,attack 2,true positive
business,metric,2954,user2954,regular,no attack,false positive
business,log,2954,user2954,regular,no attack,false positive
business,trace,2954,user2954,regular,no attack,false positive
infrastructure,metric,6163,user6163,malicious,attack 1,false positive
infrastructure,log,6163,user6163,malicious,attack 1,true positive
infrastructure,trace,6163,user6163,malicious,attack 1,false positive
infrastructure,metric,8165,user8165,regular,no attack,false positive
infrastructure,log,8165,user8165,regular,no attack,false positive
infrastructure,trace,8165,user8165,regular,no attack,false positive
infrastructure,metric,6491,user6491,regular,no attack,false positive
infrastructure,log,6491,user6491,regular,no attack,false positive
infrastructure,trace,6491,user6491,regular,no attack,false positive
infrastructure,metric,3820,user3820,malicious,attack 1,false positive
infrastructure,log,3820,user3820,malicious,attack 1,true positive
infrastructure,trace,3820,user3820,malicious,attack 1,false positive
business,metric,2373,user2373,regular,no attack,false positive
business,log,2373,user2373,regular,no attack,false positive
business,trace,2373,user2373,regular,no attack,false positive
business,metric,1902,user1902,malicious,attack 1,false positive
business,log,1902,user1902,malicious,attack 1,true positive
business,trace,1902,user1902,malicious,attack 1,false positive
business,metric,2641,user2641,regular,no attack,false positive
business,log,2641,user2641,regular,no attack,false positive
business,trace,2641,user2641,regular,no attack,false positive
business,metric,2049,user2049,malicious,attack 2,false positive
business,log,2049,user2049,malicious,attack 2,false positive
business,trace,2049,user2049,malicious,attack 2,true positive
infrastructure,metric,5892,user5892,malicious,attack 1,false positive
infrastructure,log,5892,user5892,malicious,attack 1,true positive
infrastructure,trace,5892,user5892,malicious,attack 1,false positive
infrastructure,metric,622,user622,malicious,attack 1,false positive
infrastructure,log,622,user622,malicious,attack 1,true positive
infrastructure,trace,622,user622,malicious,attack 1,false positive
infrastructure,metric,3405,user3405,malicious,attack 2,false positive
infrastructure,log,3405,user3405,malicious,attack 2,false positive
infrastructure,trace,3405,user3405,malicious,attack 2,true positive
infrastructure,metric,3119,user3119,malicious,attack 1,false positive
infrastructure,log,3119,user3119,malicious,attack 1,true positive
infrastructure,trace,3119,user3119,malicious,attack 1,false positive
business,metric,6211,user6211,malicious,attack 1,false positive
business,log,6211,user6211,malicious,attack 1,true positive
business,trace,6211,user6211,malicious,attack 1,false positive
infrastructure,metric,4597,user4597,malicious,attack 1,false positive
infrastructure,log,4597,user4597,malicious,attack 1,true positive
infrastructure,trace,4597,user4597,malicious,attack 1,false positive
infrastructure,metric,4530,user4530,regular,no attack,false positive
infrastructure,log,4530,user4530,regular,no attack,false positive
infrastructure,trace,4530,user4530,regular,no attack,false positive
business,metric,8977,user8977,regular,no attack,false positive
business,log,8977,user8977,regular,no attack,false positive
business,trace,8977,user8977,regular,no attack,false positive
business,metric,5042,user5042,malicious,attack 2,false positive
business,log,5042,user5042,malicious,attack 2,false positive
business,trace,5042,user5042,malicious,attack 2,true positive
infrastructure,metric,9836,user9836,malicious,attack 2,false positive
infrastructure,log,9836,user9836,malicious,attack 2,false positive
infrastructure,trace,9836,user9836,malicious,attack 2,true positive
infrastructure,metric,6833,user6833,malicious,attack 2,false positive
infrastructure,log,6833,user6833,malicious,attack 2,false positive
infrastructure,trace,6833,user6833,malicious,attack 2,true positive
business,metric,1800,user1800,malicious,attack 1,false positive
business,log,1800,user1800,malicious,attack 1,true positive
business,trace,1800,user1800,malicious,attack 1,false positive
infrastructure,metric,1544,user1544,malicious,attack 1,false positive
infrastructure,log,1544,user1544,malicious,attack 1,true positive
infrastructure,trace,1544,user1544,malicious,attack 1,false positive
infrastructure,metric,6366,user6366,regular,no attack,false positive
infrastructure,log,6366,user6366,regular,no attack,false positive
infrastructure,trace,6366,user6366,regular,no attack,false positive
business,metric,8976,user8976,malicious,attack 1,false positive
business,log,8976,user8976,malicious,attack 1,true positive
business,trace,8976,user8976,malicious,attack 1,false positive
infrastructure,metric,3721,user3721,malicious,attack 2,false positive
infrastructure,log,3721,user3721,malicious,attack 2,false positive
infrastructure,trace,3721,user3721,malicious,attack 2,true positive
business,metric,8970,user8970,regular,no attack,false positive
business,log,8970,user8970,regular,no attack,false positive
business,trace,8970,user8970,regular,no attack,false positive
infrastructure,metric,1517,user1517,malicious,attack 1,false positive
infrastructure,log,1517,user1517,malicious,attack 1,true positive
infrastructure,trace,1517,user1517,malicious,attack 1,false positive
business,metric,3768,user3768,malicious,attack 1,false positive
business,log,3768,user3768,malicious,attack 1,true positive
business,trace,3768,user3768,malicious,attack 1,false positive
infrastructure,metric,5866,user5866,malicious,attack 1,false positive
infrastructure,log,5866,user5866,malicious,attack 1,true positive
infrastructure,trace,5866,user5866,malicious,attack 1,false positive
business,metric,765,user765,malicious,attack 2,false positive
business,log,765,user765,malicious,attack 2,false positive
business,trace,765,user765,malicious,attack 2,true positive
business,metric,4158,user4158,regular,no attack,false positive
business,log,4158,user4158,regular,no attack,false positive
business,trace,4158,user4158,regular,no attack,false positive
infrastructure,metric,1206,user1206,regular,no attack,false positive
infrastructure,log,1206,user1206,regular,no attack,false positive
infrastructure,trace,1206,user1206,regular,no attack,false positive
business,metric,9687,user9687,malicious,attack 1,false positive
business,log,9687,user9687,malicious,attack 1,true positive
business,trace,9687,user9687,malicious,attack 1,false positive
infrastructure,metric,4875,user4875,regular,no attack,false positive
infrastructure,log,4875,user4875,regular,no attack,false positive
infrastructure,trace,4875,user4875,regular,no attack,false positive
infrastructure,metric,8280,user8280,malicious,attack 2,false positive
infrastructure,log,8280,user8280,malicious,attack 2,false positive
infrastructure,trace,8280,user8280,malicious,attack 2,true positive
infrastructure,metric,9462,user9462,malicious,attack 2,false positive
infrastructure,log,9462,user9462,malicious,attack 2,false positive
infrastructure,trace,9462,user9462,malicious,attack 2,true positive
infrastructure,metric,9823,user9823,malicious,attack 1,false positive
infrastructure,log,9823,user9823,malicious,attack 1,true positive
infrastructure,trace,9823,user9823,malicious,attack 1,false positive
infrastructure,metric,4608,user4608,malicious,attack 2,false positive
infrastructure,log,4608,user4608,malicious,attack 2,false positive
infrastructure,trace,4608,user4608,malicious,attack 2,true positive
infrastructure,metric,3898,user3898,malicious,attack 1,false positive
infrastructure,log,3898,user3898,malicious,attack 1,true positive
infrastructure,trace,3898,user3898,malicious,attack 1,false positive
infrastructure,metric,624,user624,regular,no attack,false positive
infrastructure,log,624,user624,regular,no attack,false positive
infrastructure,trace,624,user624,regular,no attack,false positive
business,metric,2281,user2281,malicious,attack 1,false positive
business,log,2281,user2281,malicious,attack 1,true positive
business,trace,2281,user2281,malicious,attack 1,false positive
business,metric,6240,user6240,regular,no attack,false positive
business,log,6240,user6240,regular,no attack,false positive
business,trace,6240,user6240,regular,no attack,false positive
infrastructure,metric,8678,user8678,malicious,attack 1,false positive
infrastructure,log,8678,user8678,malicious,attack 1,true positive
infrastructure,trace,8678,user8678,malicious,attack 1,false positive
infrastructure,metric,2480,user2480,regular,no attack,false positive
infrastructure,log,2480,user2480,regular,no attack,false positive
infrastructure,trace,2480,user2480,regular,no attack,false positive
business,metric,1650,user1650,malicious,attack 2,false positive
business,log,1650,user1650,malicious,attack 2,false positive
business,trace,1650,user1650,malicious,attack 2,true positive
business,metric,82,user82,regular,no attack,false positive
business,log,82,user82,regular,no attack,false positive
business,trace,82,user82,regular,no attack,false positive
business,metric,7535,user7535,regular,no attack,false positive
business,log,7535,user7535,regular,no attack,false positive
business,trace,7535,user7535,regular,no attack,false positive
business,metric,7770,user7770,malicious,attack 1,false positive
business,log,7770,user7770,malicious,attack 1,true positive
business,trace,7770,user7770,malicious,attack 1,false positive
business,metric,9464,user9464,regular,no attack,false positive
business,log,9464,user9464,regular,no attack,false positive
business,trace,9464,user9464,regular,no attack,false positive
business,metric,7876,user7876,malicious,attack 1,false positive
business,log,7876,user7876,malicious,attack 1,true positive
business,trace,7876,user7876,malicious,attack 1,false positive
infrastructure,metric,384,user384,malicious,attack 1,false positive
infrastructure,log,384,user384,malicious,attack 1,true positive
infrastructure,trace,384,user384,malicious,attack 1,false positive
infrastructure,metric,4037,user4037,malicious,attack 1,false positive
infrastructure,log,4037,user4037,malicious,attack 1,true positive
infrastructure,trace,4037,user4037,malicious,attack 1,false positive
infrastructure,metric,4026,user4026,regular,no attack,false positive
infrastructure,log,4026,user4026,regular,no attack,false positive
infrastructure,trace,4026,user4026,regular,no attack,false positive
infrastructure,metric,849,user849,regular,no attack,false positive
infrastructure,log,849,user849,regular,no attack,false positive
infrastructure,trace,849,user849,regular,no attack,false positive
infrastructure,metric,9371,user9371,malicious,attack 2,false positive
infrastructure,log,9371,user9371,malicious,attack 2,false positive
infrastructure,trace,9371,user9371,malicious,attack 2,true positive
infrastructure,metric,3963,user3963,malicious,attack 1,false positive
infrastructure,log,3963,user3963,malicious,attack 1,true positive
infrastructure,trace,3963,user3963,malicious,attack 1,false positive
infrastructure,metric,1363,user1363,regular,no attack,false positive
infrastructure,log,1363,user1363,regular,no attack,false positive
infrastructure,trace,1363,user1363,regular,no attack,false positive
infrastructure,metric,3757,user3757,regular,no attack,false positive
infrastructure,log,3757,user3757,regular,no attack,false positive
infrastructure,trace,3757,user3757,regular,no attack,false positive
business,metric,4545,user4545,malicious,attack 2,false positive
business,log,4545,user4545,malicious,attack 2,false positive
business,trace,4545,user4545,malicious,attack 2,true positive
business,metric,4825,user4825,malicious,attack 1,false positive
business,log,4825,user4825,malicious,attack 1,true positive
business,trace,4825,user4825,malicious,attack 1,false positive
infrastructure,metric,3215,user3215,malicious,attack 2,false positive
infrastructure,log,3215,user3215,malicious,attack 2,false positive
infrastructure,trace,3215,user3215,malicious,attack 2,true positive
infrastructure,metric,1506,user1506,regular,no attack,false positive
infrastructure,log,1506,user1506,regular,no attack,false positive
infrastructure,trace,1506,user1506,regular,no attack,false positive
infrastructure,metric,8574,user8574,malicious,attack 2,false positive
infrastructure,log,8574,user8574,malicious,attack 2,false positive
infrastructure,trace,8574,user8574,malicious,attack 2,true positive
business,metric,6981,user6981,malicious,attack 1,false positive
business,log,6981,user6981,malicious,attack 1,true positive
business,trace,6981,user6981,malicious,attack 1,false positive
business,metric,9279,user9279,regular,no attack,false positive
business,log,9279,user9279,regular,no attack,false positive
business,trace,9279,user9279,regular,no attack,false positive
infrastructure,metric,6245,user6245,regular,no attack,false positive
infrastructure,log,6245,user6245,regular,no attack,false positive
infrastructure,trace,6245,user6245,regular,no attack,false positive
business,metric,1335,user1335,malicious,attack 1,false positive
business,log,1335,user1335,malicious,attack 1,true positive
business,trace,1335,user1335,malicious,attack 1,false positive
business,metric,1712,user1712,regular,no attack,false positive
business,log,1712,user1712,regular,no attack,false positive
business,trace,1712,user1712,regular,no attack,false positive
business,metric,3345,user3345,malicious,attack 1,false positive
business,log,3345,user3345,malicious,attack 1,true positive
business,trace,3345,user3345,malicious,attack 1,false positive
business,metric,5963,user5963,malicious,attack 1,false positive
business,log,5963,user5963,malicious,attack 1,true positive
business,trace,5963,user5963,malicious,attack 1,false positive
business,metric,6243,user6243,malicious,attack 2,false positive
business,log,6243,user6243,malicious,attack 2,false positive
business,trace,6243,user6243,malicious,attack 2,true positive
business,metric,8068,user8068,malicious,attack 1,false positive
business,log,8068,user8068,malicious,attack 1,true positive
business,trace,8068,user8068,malicious,attack 1,false positive
infrastructure,metric,5658,user5658,regular,no attack,false positive
infrastructure,log,5658,user5658,regular,no attack,false positive
infrastructure,trace,5658,user5658,regular,no attack,false positive
infrastructure,metric,6249,user6249,regular,no attack,false positive
infrastructure,log,6249,user6249,regular,no attack,false positive
infrastructure,trace,6249,user6249,regular,no attack,false positive
infrastructure,metric,8423,user8423,malicious,attack 1,false positive
infrastructure,log,8423,user8423,malicious,attack 1,true positive
infrastructure,trace,8423,user8423,malicious,attack 1,false positive
business,metric,1486,user1486,malicious,attack 2,false positive
business,log,1486,user1486,malicious,attack 2,false positive
business,trace,1486,user1486,malicious,attack 2,true positive
business,metric,482,user482,regular,no attack,false positive
business,log,482,user482,regular,no attack,false positive
business,trace,482,user482,regular,no attack,false positive
business,metric,7412,user7412,regular,no attack,false positive
business,log,7412,user7412,regular,no attack,false positive
business,trace,7412,user7412,regular,no attack,false positive
business,metric,4551,user4551,malicious,attack 1,false positive
business,log,4551,user4551,malicious,attack 1,true positive
business,trace,4551,user4551,malicious,attack 1,false positive
business,metric,3067,user3067,regular,no attack,false positive
business,log,3067,user3067,regular,no attack,false positive
business,trace,3067,user3067,regular,no attack,false positive
business,metric,4370,user4370,malicious,attack 2,false positive
business,log,4370,user4370,malicious,attack 2,false positive
business,trace,4370,user4370,malicious,attack 2,true positive
business,metric,3548,user3548,malicious,attack 2,false positive
business,log,3548,user3548,malicious,attack 2,false positive
business,trace,3548,user3548,malicious,attack 2,true positive
business,metric,274,user274,malicious,attack 1,false positive
business,log,274,user274,malicious,attack 1,true positive
business,trace,274,user274,malicious,attack 1,false positive
business,metric,2523,user2523,regular,no attack,false positive
business,log,2523,user2523,regular,no attack,false positive
business,trace,2523,user2523,regular,no attack,false positive
business,metric,6983,user6983,malicious,attack 2,false positive
business,log,6983,user6983,malicious,attack 2,false positive
business,trace,6983,user6983,malicious,attack 2,true positive
business,metric,9568,user9568,malicious,attack 2,false positive
business,log,9568,user9568,malicious,attack 2,false positive
business,trace,9568,user9568,malicious,attack 2,true positive
business,metric,7729,user7729,malicious,attack 1,false positive
business,log,7729,user7729,malicious,attack 1,true positive
business,trace,7729,user7729,malicious,attack 1,false positive
infrastructure,metric,9546,user9546,regular,no attack,false positive
infrastructure,log,9546,user9546,regular,no attack,false positive
infrastructure,trace,9546,user9546,regular,no attack,false positive
infrastructure,metric,2933,user2933,malicious,attack 1,false positive
infrastructure,log,2933,user2933,malicious,attack 1,true positive
infrastructure,trace,2933,user2933,malicious,attack 1,false positive
infrastructure,metric,1729,user1729,malicious,attack 2,false positive
infrastructure,log,1729,user1729,malicious,attack 2,false positive
infrastructure,trace,1729,user1729,malicious,attack 2,true positive
business,metric,9875,user9875,malicious,attack 1,false positive
business,log,9875,user9875,malicious,attack 1,true positive
business,trace,9875,user9875,malicious,attack 1,false positive
business,metric,804,user804,malicious,attack 1,false positive
business,log,804,user804,malicious,attack 1,true positive
business,trace,804,user804,malicious,attack 1,false positive
infrastructure,metric,3604,user3604,regular,no attack,false positive
infrastructure,log,3604,user3604,regular,no attack,false positive
infrastructure,trace,3604,user3604,regular,no attack,false positive
infrastructure,metric,817,user817,malicious,attack 2,false positive
infrastructure,log,817,user817,malicious,attack 2,false positive
infrastructure,trace,817,user817,malicious,attack 2,true positive
business,metric,5279,user5279,malicious,attack 2,false positive
business,log,5279,user5279,malicious,attack 2,false positive
business,trace,5279,user5279,malicious,attack 2,true positive
infrastructure,metric,9341,user9341,malicious,attack 1,false positive
infrastructure,log,9341,user9341,malicious,attack 1,true positive
infrastructure,trace,9341,user9341,malicious,attack 1,false positive
infrastructure,metric,200,user200,malicious,attack 1,false positive
infrastructure,log,200,user200,malicious,attack 1,true positive
infrastructure,trace,200,user200,malicious,attack 1,false positive
business,metric,2220,user2220,malicious,attack 1,false positive
business,log,2220,user2220,malicious,attack 1,true positive
business,trace,2220,user2220,malicious,attack 1,false positive
infrastructure,metric,8854,user8854,regular,no attack,false positive
infrastructure,log,8854,user8854,regular,no attack,false positive
infrastructure,trace,8854,user8854,regular,no attack,false positive
infrastructure,metric,813,user813,malicious,attack 1,false positive
infrastructure,log,813,user813,malicious,attack 1,true positive
infrastructure,trace,813,user813,malicious,attack 1,false positive
business,metric,6142,user6142,malicious,attack 2,false positive
business,log,6142,user6142,malicious,attack 2,false positive
business,trace,6142,user6142,malicious,attack 2,true positive
infrastructure,metric,551,user551,malicious,attack 1,false positive
infrastructure,log,551,user551,malicious,attack 1,true positive
infrastructure,trace,551,user551,malicious,attack 1,false positive
business,metric,762,user762,regular,no attack,false positive
business,log,762,user762,regular,no attack,false positive
business,trace,762,user762,regular,no attack,false positive
infrastructure,metric,4638,user4638,malicious,attack 2,false positive
infrastructure,log,4638,user4638,malicious,attack 2,false positive
infrastructure,trace,4638,user4638,malicious,attack 2,true positive
infrastructure,metric,5335,user5335,regular,no attack,false positive
infrastructure,log,5335,user5335,regular,no attack,false positive
infrastructure,trace,5335,user5335,regular,no attack,false positive
infrastructure,metric,5600,user5600,malicious,attack 1,false positive
infrastructure,log,5600,user5600,malicious,attack 1,true positive
infrastructure,trace,5600,user5600,malicious,attack 1,false positive
business,metric,7159,user7159,malicious,attack 1,false positive
business,log,7159,user7159,malicious,attack 1,true positive
business,trace,7159,user7159,malicious,attack 1,false positive
infrastructure,metric,9514,user9514,malicious,attack 2,false positive
infrastructure,log,9514,user9514,malicious,attack 2,false positive
infrastructure,trace,9514,user9514,malicious,attack 2,true positive
infrastructure,metric,8170,user8170,malicious,attack 1,false positive
infrastructure,log,8170,user8170,malicious,attack 1,true positive
infrastructure,trace,8170,user8170,malicious,attack 1,false positive
infrastructure,metric,4621,user4621,malicious,attack 2,false positive
infrastructure,log,4621,user4621,malicious,attack 2,false positive
infrastructure,trace,4621,user4621,malicious,attack 2,true positive
infrastructure,metric,977,user977,malicious,attack 1,false positive
infrastructure,log,977,user977,malicious,attack 1,true positive
infrastructure,trace,977,user977,malicious,attack 1,false positive
business,metric,3504,user3504,malicious,attack 1,false positive
business,log,3504,user3504,malicious,attack 1,true positive
business,trace,3504,user3504,malicious,attack 1,false positive
business,metric,6702,user6702,malicious,attack 2,false positive
business,log,6702,user6702,malicious,attack 2,false positive
business,trace,6702,user6702,malicious,attack 2,true positive
business,metric,119,user119,regular,no attack,false positive
business,log,119,user119,regular,no attack,false positive
business,trace,119,user119,regular,no attack,false positive
infrastructure,metric,4810,user4810,malicious,attack 1,false positive
infrastructure,log,4810,user4810,malicious,attack 1,true positive
infrastructure,trace,4810,user4810,malicious,attack 1,false positive
infrastructure,metric,9233,user9233,malicious,attack 1,false positive
infrastructure,log,9233,user9233,malicious,attack 1,true positive
infrastructure,trace,9233,user9233,malicious,attack 1,false positive
infrastructure,metric,6180,user6180,malicious,attack 2,false positive
infrastructure,log,6180,user6180,malicious,attack 2,false positive
infrastructure,trace,6180,user6180,malicious,attack 2,true positive
infrastructure,metric,8748,user8748,regular,no attack,false positive
infrastructure,log,8748,user8748,regular,no attack,false positive
infrastructure,trace,8748,user8748,regular,no attack,false positive
infrastructure,metric,8421,user8421,regular,no attack,false positive
infrastructure,log,8421,user8421,regular,no attack,false positive
infrastructure,trace,8421,user8421,regular,no attack,false positive
business,metric,9131,user9131,malicious,attack 1,false positive
business,log,9131,user9131,malicious,attack 1,true positive
business,trace,9131,user9131,malicious,attack 1,false positive
business,metric,773,user773,regular,no attack,false positive
business,log,773,user773,regular,no attack,false positive
business,trace,773,user773,regular,no attack,false positive
business,metric,8455,user8455,malicious,attack 1,false positive
business,log,8455,user8455,malicious,attack 1,true positive
business,trace,8455,user8455,malicious,attack 1,false positive
business,metric,6796,user6796,malicious,attack 1,false positive
business,log,6796,user6796,malicious,attack 1,true positive
business,trace,6796,user6796,malicious,attack 1,false positive
business,metric,1744,user1744,malicious,attack 1,false positive
business,log,1744,user1744,malicious,attack 1,true positive
business,trace,1744,user1744,malicious,attack 1,false positive
infrastructure,metric,2250,user2250,malicious,attack 2,false positive
infrastructure,log,2250,user2250,malicious,attack 2,false positive
infrastructure,trace,2250,user2250,malicious,attack 2,true positive
business,metric,720,user720,malicious,attack 1,false positive
business,log,720,user720,malicious,attack 1,true positive
business,trace,720,user720,malicious,attack 1,false positive
business,metric,7254,user7254,malicious,attack 2,false positive
business,log,7254,user7254,malicious,attack 2,false positive
business,trace,7254,user7254,malicious,attack 2,true positive
business,metric,4972,user4972,malicious,attack 1,false positive
business,log,4972,user4972,malicious,attack 1,true positive
business,trace,4972,user4972,malicious,attack 1,false positive
business,metric,3491,user3491,malicious,attack 2,false positive
business,log,3491,user3491,malicious,attack 2,false positive
business,trace,3491,user3491,malicious,attack 2,true positive
business,metric,7704,user7704,regular,no attack,false positive
business,log,7704,user7704,regular,no attack,false positive
business,trace,7704,user7704,regular,no attack,false positive
business,metric,5225,user5225,malicious,attack 1,false positive
business,log,5225,user5225,malicious,attack 1,true positive
business,trace,5225,user5225,malicious,attack 1,false positive
business,metric,7147,user7147,regular,no attack,false positive
business,log,7147,user7147,regular,no attack,false positive
business,trace,7147,user7147,regular,no attack,false positive
business,metric,6702,user6702,malicious,attack 2,false positive
business,log,6702,user6702,malicious,attack 2,false positive
business,trace,6702,user6702,malicious,attack 2,true positive
infrastructure,metric,6354,user6354,malicious,attack 1,false positive
infrastructure,log,6354,user6354,malicious,attack 1,true positive
infrastructure,trace,6354,user6354,malicious,attack 1,false positive
infrastructure,metric,355,user355,malicious,attack 1,false positive
infrastructure,log,355,user355,malicious,attack 1,true positive
infrastructure,trace,355,user355,malicious,attack 1,false positive
infrastructure,metric,1804,user1804,regular,no attack,false positive
infrastructure,log,1804,user1804,regular,no attack,false positive
infrastructure,trace,1804,user1804,regular,no attack,false positive
business,metric,434,user434,malicious,attack 1,false positive
business,log,434,user434,malicious,attack 1,true positive
business,trace,434,user434,malicious,attack 1,false positive
business,metric,2203,user2203,malicious,attack 2,false positive
business,log,2203,user2203,malicious,attack 2,false positive
business,trace,2203,user2203,malicious,attack 2,true positive
business,metric,9058,user9058,regular,no attack,false positive
business,log,9058,user9058,regular,no attack,false positive
business,trace,9058,user9058,regular,no attack,false positive
infrastructure,metric,6363,user6363,malicious,attack 1,false positive
infrastructure,log,6363,user6363,malicious,attack 1,true positive
infrastructure,trace,6363,user6363,malicious,attack 1,false positive
business,metric,7069,user7069,malicious,attack 2,false positive
business,log,7069,user7069,malicious,attack 2,false positive
business,trace,7069,user7069,malicious,attack 2,true positive
infrastructure,metric,3780,user3780,malicious,attack 2,false positive
infrastructure,log,3780,user3780,malicious,attack 2,false positive
infrastructure,trace,3780,user3780,malicious,attack 2,true positive
business,metric,3707,user3707,malicious,attack 2,false positive
business,log,3707,user3707,malicious,attack 2,false positive
business,trace,3707,user3707,malicious,attack 2,true positive
infrastructure,metric,775,user775,malicious,attack 1,false positive
infrastructure,log,775,user775,malicious,attack 1,true positive
infrastructure,trace,775,user775,malicious,attack 1,false positive
infrastructure,metric,113,user113,regular,no attack,false positive
infrastructure,log,113,user113,regular,no attack,false positive
infrastructure,trace,113,user113,regular,no attack,false positive
infrastructure,metric,8988,user8988,malicious,attack 2,false positive
infrastructure,log,8988,user8988,malicious,attack 2,false positive
infrastructure,trace,8988,user8988,malicious,attack 2,true positive
infrastructure,metric,7935,user7935,malicious,attack 2,false positive
infrastructure,log,7935,user7935,malicious,attack 2,false positive
infrastructure,trace,7935,user7935,malicious,attack 2,true positive
infrastructure,metric,9509,user9509,malicious,attack 1,false positive
infrastructure,log,9509,user9509,malicious,attack 1,true positive
infrastructure,trace,9509,user9509,malicious,attack 1,false positive
infrastructure,metric,103,user103,malicious,attack 2,false positive
infrastructure,log,103,user103,malicious,attack 2,false positive
infrastructure,trace,103,user103,malicious,attack 2,true positive
business,metric,378,user378,malicious,attack 2,false positive
business,log,378,user378,malicious,attack 2,false positive
business,trace,378,user378,malicious,attack 2,true positive
business,metric,743,user743,malicious,attack 2,false positive
business,log,743,user743,malicious,attack 2,false positive
business,trace,743,user743,malicious,attack 2,true positive
infrastructure,metric,393,user393,regular,no attack,false positive
infrastructure,log,393,user393,regular,no attack,false positive
infrastructure,trace,393,user393,regular,no attack,false positive
business,metric,322,user322,malicious,attack 2,false positive
business,log,322,user322,malicious,attack 2,false positive
business,trace,322,user322,malicious,attack 2,true positive
infrastructure,metric,1168,user1168,malicious,attack 2,false positive
infrastructure,log,1168,user1168,malicious,attack 2,false positive
infrastructure,trace,1168,user1168,malicious,attack 2,true positive
business,metric,8349,user8349,malicious,attack 1,false positive
business,log,8349,user8349,malicious,attack 1,true positive
business,trace,8349,user8349,malicious,attack 1,false positive
infrastructure,metric,2262,user2262,malicious,attack 2,false positive
infrastructure,log,2262,user2262,malicious,attack 2,false positive
infrastructure,trace,2262,user2262,malicious,attack 2,true positive
business,metric,3083,user3083,malicious,attack 1,false positive
business,log,3083,user3083,malicious,attack 1,true positive
business,trace,3083,user3083,malicious,attack 1,false positive
infrastructure,metric,1919,user1919,malicious,attack 2,false positive
infrastructure,log,1919,user1919,malicious,attack 2,false positive
infrastructure,trace,1919,user1919,malicious,attack 2,true positive
business,metric,6770,user6770,regular,no attack,false positive
business,log,6770,user6770,regular,no attack,false positive
business,trace,6770,user6770,regular,no attack,false positive
infrastructure,metric,634,user634,malicious,attack 2,false positive
infrastructure,log,634,user634,malicious,attack 2,false positive
infrastructure,trace,634,user634,malicious,attack 2,true positive
infrastructure,metric,6537,user6537,malicious,attack 2,false positive
infrastructure,log,6537,user6537,malicious,attack 2,false positive
infrastructure,trace,6537,user6537,malicious,attack 2,true positive
business,metric,1884,user1884,malicious,attack 2,false positive
business,log,1884,user1884,malicious,attack 2,false positive
business,trace,1884,user1884,malicious,attack 2,true positive
infrastructure,metric,8429,user8429,malicious,attack 1,false positive
infrastructure,log,8429,user8429,malicious,attack 1,true positive
infrastructure,trace,8429,user8429,malicious,attack 1,false positive
infrastructure,metric,9208,user9208,malicious,attack 1,false positive
infrastructure,log,9208,user9208,malicious,attack 1,true positive
infrastructure,trace,9208,user9208,malicious,attack 1,false positive
infrastructure,metric,4818,user4818,malicious,attack 2,false positive
infrastructure,log,4818,user4818,malicious,attack 2,false positive
infrastructure,trace,4818,user4818,malicious,attack 2,true positive
infrastructure,metric,4955,user4955,malicious,attack 2,false positive
infrastructure,log,4955,user4955,malicious,attack 2,false positive
infrastructure,trace,4955,user4955,malicious,attack 2,true positive
business,metric,5154,user5154,malicious,attack 1,false positive
business,log,5154,user5154,malicious,attack 1,true positive
business,trace,5154,user5154,malicious,attack 1,false positive
business,metric,6308,user6308,regular,no attack,false positive
business,log,6308,user6308,regular,no attack,false positive
business,trace,6308,user6308,regular,no attack,false positive
infrastructure,metric,8356,user8356,malicious,attack 1,false positive
infrastructure,log,8356,user8356,malicious,attack 1,true positive
infrastructure,trace,8356,user8356,malicious,attack 1,false positive
infrastructure,metric,729,user729,regular,no attack,false positive
infrastructure,log,729,user729,regular,no attack,false positive
infrastructure,trace,729,user729,regular,no attack,false positive
infrastructure,metric,2519,user2519,regular,no attack,false positive
infrastructure,log,2519,user2519,regular,no attack,false positive
infrastructure,trace,2519,user2519,regular,no attack,false positive
infrastructure,metric,2322,user2322,malicious,attack 2,false positive
infrastructure,log,2322,user2322,malicious,attack 2,false positive
infrastructure,trace,2322,user2322,malicious,attack 2,true positive
infrastructure,metric,745,user745,regular,no attack,false positive
infrastructure,log,745,user745,regular,no attack,false positive
infrastructure,trace,745,user745,regular,no attack,false positive
business,metric,6360,user6360,malicious,attack 2,false positive
business,log,6360,user6360,malicious,attack 2,false positive
business,trace,6360,user6360,malicious,attack 2,true positive
infrastructure,metric,7929,user7929,regular,no attack,false positive
infrastructure,log,7929,user7929,regular,no attack,false positive
infrastructure,trace,7929,user7929,regular,no attack,false positive
infrastructure,metric,7654,user7654,malicious,attack 2,false positive
infrastructure,log,7654,user7654,malicious,attack 2,false positive
infrastructure,trace,7654,user7654,malicious,attack 2,true positive
business,metric,7784,user7784,malicious,attack 2,false positive
business,log,7784,user7784,malicious,attack 2,false positive
business,trace,7784,user7784,malicious,attack 2,true positive
infrastructure,metric,9175,user9175,malicious,attack 2,false positive
infrastructure,log,9175,user9175,malicious,attack 2,false positive
infrastructure,trace,9175,user9175,malicious,attack 2,true positive
business,metric,4856,user4856,malicious,attack 2,false positive
business,log,4856,user4856,malicious,attack 2,false positive
business,trace,4856,user4856,malicious,attack 2,true positive
business,metric,7993,user7993,regular,no attack,false positive
business,log,7993,user7993,regular,no attack,false positive
business,trace,7993,user7993,regular,no attack,false positive
infrastructure,metric,2373,user2373,regular,no attack,false positive
infrastructure,log,2373,user2373,regular,no attack,false positive
infrastructure,trace,2373,user2373,regular,no attack,false positive
business,metric,6540,user6540,malicious,attack 1,false positive
business,log,6540,user6540,malicious,attack 1,true positive
business,trace,6540,user6540,malicious,attack 1,false positive
infrastructure,metric,7567,user7567,malicious,attack 2,false positive
infrastructure,log,7567,user7567,malicious,attack 2,false positive
infrastructure,trace,7567,user7567,malicious,attack 2,true positive
business,metric,5566,user5566,malicious,attack 2,false positive
business,log,5566,user5566,malicious,attack 2,false positive
business,trace,5566,user5566,malicious,attack 2,true positive
infrastructure,metric,3151,user3151,malicious,attack 2,false positive
infrastructure,log,3151,user3151,malicious,attack 2,false positive
infrastructure,trace,3151,user3151,malicious,attack 2,true positive
infrastructure,metric,3330,user3330,regular,no attack,false positive
infrastructure,log,3330,user3330,regular,no attack,false positive
infrastructure,trace,3330,user3330,regular,no attack,false positive
business,metric,8831,user8831,malicious,attack 1,false positive
business,log,8831,user8831,malicious,attack 1,true positive
business,trace,8831,user8831,malicious,attack 1,false positive
infrastructure,metric,9122,user9122,regular,no attack,false positive
infrastructure,log,9122,user9122,regular,no attack,false positive
infrastructure,trace,9122,user9122,regular,no attack,false positive
business,metric,4436,user4436,regular,no attack,false positive
business,log,4436,user4436,regular,no attack,false positive
business,trace,4436,user4436,regular,no attack,false positive
infrastructure,metric,7664,user7664,malicious,attack 2,false positive
infrastructure,log,7664,user7664,malicious,attack 2,false positive
infrastructure,trace,7664,user7664,malicious,attack 2,true positive
infrastructure,metric,7563,user7563,regular,no attack,false positive
infrastructure,log,7563,user7563,regular,no attack,false positive
infrastructure,trace,7563,user7563,regular,no attack,false positive
infrastructure,metric,3589,user3589,malicious,attack 1,false positive
infrastructure,log,3589,user3589,malicious,attack 1,true positive
infrastructure,trace,3589,user3589,malicious,attack 1,false positive
business,metric,3595,user3595,malicious,attack 2,false positive
business,log,3595,user3595,malicious,attack 2,false positive
business,trace,3595,user3595,malicious,attack 2,true positive
business,metric,3293,user3293,regular,no attack,false positive
business,log,3293,user3293,regular,no attack,false positive
business,trace,3293,user3293,regular,no attack,false positive
infrastructure,metric,8310,user8310,malicious,attack 2,false positive
infrastructure,log,8310,user8310,malicious,attack 2,false positive
infrastructure,trace,8310,user8310,malicious,attack 2,true positive
business,metric,8106,user8106,malicious,attack 2,false positive
business,log,8106,user8106,malicious,attack 2,false positive
business,trace,8106,user8106,malicious,attack 2,true positive
infrastructure,metric,4771,user4771,malicious,attack 2,false positive
infrastructure,log,4771,user4771,malicious,attack 2,false positive
infrastructure,trace,4771,user4771,malicious,attack 2,true positive
infrastructure,metric,4831,user4831,regular,no attack,false positive
infrastructure,log,4831,user4831,regular,no attack,false positive
infrastructure,trace,4831,user4831,regular,no attack,false positive
infrastructure,metric,1875,user1875,malicious,attack 1,false positive
infrastructure,log,1875,user1875,malicious,attack 1,true positive
infrastructure,trace,1875,user1875,malicious,attack 1,false positive
infrastructure,metric,1737,user1737,regular,no attack,false positive
infrastructure,log,1737,user1737,regular,no attack,false positive
infrastructure,trace,1737,user1737,regular,no attack,false positive
business,metric,7465,user7465,malicious,attack 2,false positive
business,log,7465,user7465,malicious,attack 2,false positive
business,trace,7465,user7465,malicious,attack 2,true positive
infrastructure,metric,8462,user8462,malicious,attack 1,false positive
infrastructure,log,8462,user8462,malicious,attack 1,true positive
infrastructure,trace,8462,user8462,malicious,attack 1,false positive
infrastructure,metric,4522,user4522,regular,no attack,false positive
infrastructure,log,4522,user4522,regular,no attack,false positive
infrastructure,trace,4522,user4522,regular,no attack,false positive
business,metric,8212,user8212,malicious,attack 1,false positive
business,log,8212,user8212,malicious,attack 1,true positive
business,trace,8212,user8212,malicious,attack 1,false positive
business,metric,4230,user4230,malicious,attack 2,false positive
business,log,4230,user4230,malicious,attack 2,false positive
business,trace,4230,user4230,malicious,attack 2,true positive
business,metric,4688,user4688,malicious,attack 2,false positive
business,log,4688,user4688,malicious,attack 2,false positive
business,trace,4688,user4688,malicious,attack 2,true positive
infrastructure,metric,7014,user7014,malicious,attack 2,false positive
infrastructure,log,7014,user7014,malicious,attack 2,false positive
infrastructure,trace,7014,user7014,malicious,attack 2,true positive
infrastructure,metric,4084,user4084,malicious,attack 2,false positive
infrastructure,log,4084,user4084,malicious,attack 2,false positive
infrastructure,trace,4084,user4084,malicious,attack 2,true positive
infrastructure,metric,9231,user9231,malicious,attack 1,false positive
infrastructure,log,9231,user9231,malicious,attack 1,true positive
infrastructure,trace,9231,user9231,malicious,attack 1,false positive
business,metric,8891,user8891,regular,no attack,false positive
business,log,8891,user8891,regular,no attack,false positive
business,trace,8891,user8891,regular,no attack,false positive
business,metric,5405,user5405,malicious,attack 1,false positive
business,log,5405,user5405,malicious,attack 1,true positive
business,trace,5405,user5405,malicious,attack 1,false positive
business,metric,5696,user5696,regular,no attack,false positive
business,log,5696,user5696,regular,no attack,false positive
business,trace,5696,user5696,regular,no attack,false positive
infrastructure,metric,8709,user8709,malicious,attack 2,false positive
infrastructure,log,8709,user8709,malicious,attack 2,false positive
infrastructure,trace,8709,user8709,malicious,attack 2,true positive
business,metric,1931,user1931,malicious,attack 2,false positive
business,log,1931,user1931,malicious,attack 2,false positive
business,trace,1931,user1931,malicious,attack 2,true positive
infrastructure,metric,2392,user2392,malicious,attack 1,false positive
infrastructure,log,2392,user2392,malicious,attack 1,true positive
infrastructure,trace,2392,user2392,malicious,attack 1,false positive
business,metric,7265,user7265,malicious,attack 2,false positive
business,log,7265,user7265,malicious,attack 2,false positive
business,trace,7265,user7265,malicious,attack 2,true positive
business,metric,5296,user5296,malicious,attack 1,false positive
business,log,5296,user5296,malicious,attack 1,true positive
business,trace,5296,user5296,malicious,attack 1,false positive
infrastructure,metric,2488,user2488,regular,no attack,false positive
infrastructure,log,2488,user2488,regular,no attack,false positive
infrastructure,trace,2488,user2488,regular,no attack,false positive
business,metric,7240,user7240,malicious,attack 1,false positive
business,log,7240,user7240,malicious,attack 1,true positive
business,trace,7240,user7240,malicious,attack 1,false positive
business,metric,5909,user5909,regular,no attack,false positive
business,log,5909,user5909,regular,no attack,false positive
business,trace,5909,user5909,regular,no attack,false positive
infrastructure,metric,4243,user4243,malicious,attack 2,false positive
infrastructure,log,4243,user4243,malicious,attack 2,false positive
infrastructure,trace,4243,user4243,malicious,attack 2,true positive
infrastructure,metric,2753,user2753,regular,no attack,false positive
infrastructure,log,2753,user2753,regular,no attack,false positive
infrastructure,trace,2753,user2753,regular,no attack,false positive
infrastructure,metric,5829,user5829,malicious,attack 2,false positive
infrastructure,log,5829,user5829,malicious,attack 2,false positive
infrastructure,trace,5829,user5829,malicious,attack 2,true positive
business,metric,1179,user1179,malicious,attack 1,false positive
business,log,1179,user1179,malicious,attack 1,true positive
business,trace,1179,user1179,malicious,attack 1,false positive
infrastructure,metric,7793,user7793,malicious,attack 2,false positive
infrastructure,log,7793,user7793,malicious,attack 2,false positive
infrastructure,trace,7793,user7793,malicious,attack 2,true positive
infrastructure,metric,771,user771,malicious,attack 2,false positive
infrastructure,log,771,user771,malicious,attack 2,false positive
infrastructure,trace,771,user771,malicious,attack 2,true positive
infrastructure,metric,3631,user3631,malicious,attack 1,false positive
infrastructure,log,3631,user3631,malicious,attack 1,true positive
infrastructure,trace,3631,user3631,malicious,attack 1,false positive
business,metric,9519,user9519,malicious,attack 1,false positive
business,log,9519,user9519,malicious,attack 1,true positive
business,trace,9519,user9519,malicious,attack 1,false positive
business,metric,6705,user6705,malicious,attack 2,false positive
business,log,6705,user6705,malicious,attack 2,false positive
business,trace,6705,user6705,malicious,attack 2,true positive
infrastructure,metric,2967,user2967,malicious,attack 2,false positive
infrastructure,log,2967,user2967,malicious,attack 2,false positive
infrastructure,trace,2967,user2967,malicious,attack 2,true positive
business,metric,5239,user5239,malicious,attack 2,false positive
business,log,5239,user5239,malicious,attack 2,false positive
business,trace,5239,user5239,malicious,attack 2,true positive
business,metric,779,user779,regular,no attack,false positive
business,log,779,user779,regular,no attack,false positive
business,trace,779,user779,regular,no attack,false positive
business,metric,8892,user8892,malicious,attack 2,false positive
business,log,8892,user8892,malicious,attack 2,false positive
business,trace,8892,user8892,malicious,attack 2,true positive
infrastructure,metric,285,user285,malicious,attack 2,false positive
infrastructure,log,285,user285,malicious,attack 2,false positive
infrastructure,trace,285,user285,malicious,attack 2,true positive
infrastructure,metric,789,user789,malicious,attack 1,false positive
infrastructure,log,789,user789,malicious,attack 1,true positive
infrastructure,trace,789,user789,malicious,attack 1,false positive
infrastructure,metric,7623,user7623,malicious,attack 2,false positive
infrastructure,log,7623,user7623,malicious,attack 2,false positive
infrastructure,trace,7623,user7623,malicious,attack 2,true positive
infrastructure,metric,6811,user6811,regular,no attack,false positive
infrastructure,log,6811,user6811,regular,no attack,false positive
infrastructure,trace,6811,user6811,regular,no attack,false positive
business,metric,5048,user5048,regular,no attack,false positive
business,log,5048,user5048,regular,no attack,false positive
business,trace,5048,user5048,regular,no attack,false positive
infrastructure,metric,4888,user4888,malicious,attack 1,false positive
infrastructure,log,4888,user4888,malicious,attack 1,true positive
infrastructure,trace,4888,user4888,malicious,attack 1,false positive
business,metric,3021,user3021,malicious,attack 1,false positive
business,log,3021,user3021,malicious,attack 1,true positive
business,trace,3021,user3021,malicious,attack 1,false positive
business,metric,3236,user3236,regular,no attack,false positive
business,log,3236,user3236,regular,no attack,false positive
business,trace,3236,user3236,regular,no attack,false positive
infrastructure,metric,9238,user9238,regular,no attack,false positive
infrastructure,log,9238,user9238,regular,no attack,false positive
infrastructure,trace,9238,user9238,regular,no attack,false positive
business,metric,7757,user7757,malicious,attack 1,false positive
business,log,7757,user7757,malicious,attack 1,true positive
business,trace,7757,user7757,malicious,attack 1,false positive
business,metric,7183,user7183,malicious,attack 2,false positive
business,log,7183,user7183,malicious,attack 2,false positive
business,trace,7183,user7183,malicious,attack 2,true positive
infrastructure,metric,6506,user6506,regular,no attack,false positive
infrastructure,log,6506,user6506,regular,no attack,false positive
infrastructure,trace,6506,user6506,regular,no attack,false positive
business,metric,6284,user6284,malicious,attack 1,false positive
business,log,6284,user6284,malicious,attack 1,true positive
business,trace,6284,user6284,malicious,attack 1,false positive
infrastructure,metric,3428,user3428,malicious,attack 1,false positive
infrastructure,log,3428,user3428,malicious,attack 1,true positive
infrastructure,trace,3428,user3428,malicious,attack 1,false positive
infrastructure,metric,816,user816,malicious,attack 2,false positive
infrastructure,log,816,user816,malicious,attack 2,false positive
infrastructure,trace,816,user816,malicious,attack 2,true positive
business,metric,3369,user3369,malicious,attack 2,false positive
business,log,3369,user3369,malicious,attack 2,false positive
business,trace,3369,user3369,malicious,attack 2,true positive
infrastructure,metric,3535,user3535,malicious,attack 2,false positive
infrastructure,log,3535,user3535,malicious,attack 2,false positive
infrastructure,trace,3535,user3535,malicious,attack 2,true positive
business,metric,4052,user4052,regular,no attack,false positive
business,log,4052,user4052,regular,no attack,false positive
business,trace,4052,user4052,regular,no attack,false positive
infrastructure,metric,2718,user2718,malicious,attack 1,false positive
infrastructure,log,2718,user2718,malicious,attack 1,true positive
infrastructure,trace,2718,user2718,malicious,attack 1,false positive
infrastructure,metric,3536,user3536,malicious,attack 2,false positive
infrastructure,log,3536,user3536,malicious,attack 2,false positive
infrastructure,trace,3536,user3536,malicious,attack 2,true positive
business,metric,8750,user8750,regular,no attack,false positive
business,log,8750,user8750,regular,no attack,false positive
business,trace,8750,user8750,regular,no attack,false positive
infrastructure,metric,562,user562,malicious,attack 1,false positive
infrastructure,log,562,user562,malicious,attack 1,true positive
infrastructure,trace,562,user562,malicious,attack 1,false positive
business,metric,809,user809,regular,no attack,false positive
business,log,809,user809,regular,no attack,false positive
business,trace,809,user809,regular,no attack,false positive
business,metric,5372,user5372,regular,no attack,false positive
business,log,5372,user5372,regular,no attack,false positive
business,trace,5372,user5372,regular,no attack,false positive
business,metric,7197,user7197,regular,no attack,false positive
business,log,7197,user7197,regular,no attack,false positive
business,trace,7197,user7197,regular,no attack,false positive
business,metric,1634,user1634,malicious,attack 1,false positive
business,log,1634,user1634,malicious,attack 1,true positive
business,trace,1634,user1634,malicious,attack 1,false positive
business,metric,537,user537,malicious,attack 1,false positive
business,log,537,user537,malicious,attack 1,true positive
business,trace,537,user537,malicious,attack 1,false positive
infrastructure,metric,4259,user4259,malicious,attack 2,false positive
infrastructure,log,4259,user4259,malicious,attack 2,false positive
infrastructure,trace,4259,user4259,malicious,attack 2,true positive
business,metric,6725,user6725,regular,no attack,false positive
business,log,6725,user6725,regular,no attack,false positive
business,trace,6725,user6725,regular,no attack,false positive
business,metric,5918,user5918,malicious,attack 2,false positive
business,log,5918,user5918,malicious,attack 2,false positive
business,trace,5918,user5918,malicious,attack 2,true positive
infrastructure,metric,2313,user2313,malicious,attack 2,false positive
infrastructure,log,2313,user2313,malicious,attack 2,false positive
infrastructure,trace,2313,user2313,malicious,attack 2,true positive
infrastructure,metric,7591,user7591,malicious,attack 2,false positive
infrastructure,log,7591,user7591,malicious,attack 2,false positive
infrastructure,trace,7591,user7591,malicious,attack 2,true positive
infrastructure,metric,5027,user5027,malicious,attack 1,false positive
infrastructure,log,5027,user5027,malicious,attack 1,true positive
infrastructure,trace,5027,user5027,malicious,attack 1,false positive
infrastructure,metric,1112,user1112,regular,no attack,false positive
infrastructure,log,1112,user1112,regular,no attack,false positive
infrastructure,trace,1112,user1112,regular,no attack,false positive
infrastructure,metric,5532,user5532,malicious,attack 1,false positive
infrastructure,log,5532,user5532,malicious,attack 1,true positive
infrastructure,trace,5532,user5532,malicious,attack 1,false positive
business,metric,5541,user5541,malicious,attack 1,false positive
business,log,5541,user5541,malicious,attack 1,true positive
business,trace,5541,user5541,malicious,attack 1,false positive
infrastructure,metric,6646,user6646,malicious,attack 2,false positive
infrastructure,log,6646,user6646,malicious,attack 2,false positive
infrastructure,trace,6646,user6646,malicious,attack 2,true positive
infrastructure,metric,2105,user2105,malicious,attack 2,false positive
infrastructure,log,2105,user2105,malicious,attack 2,false positive
infrastructure,trace,2105,user2105,malicious,attack 2,true positive
infrastructure,metric,5934,user5934,regular,no attack,false positive
infrastructure,log,5934,user5934,regular,no attack,false positive
infrastructure,trace,5934,user5934,regular,no attack,false positive
business,metric,2670,user2670,malicious,attack 1,false positive
business,log,2670,user2670,malicious,attack 1,true positive
business,trace,2670,user2670,malicious,attack 1,false positive
business,metric,1697,user1697,malicious,attack 2,false positive
business,log,1697,user1697,malicious,attack 2,false positive
business,trace,1697,user1697,malicious,attack 2,true positive
business,metric,2311,user2311,regular,no attack,false positive
business,log,2311,user2311,regular,no attack,false positive
business,trace,2311,user2311,regular,no attack,false positive
business,metric,8765,user8765,malicious,attack 2,false positive
business,log,8765,user8765,malicious,attack 2,false positive
business,trace,8765,user8765,malicious,attack 2,true positive
business,metric,8868,user8868,regular,no attack,false positive
business,log,8868,user8868,regular,no attack,false positive
business,trace,8868,user8868,regular,no attack,false positive
business,metric,2637,user2637,malicious,attack 2,false positive
business,log,2637,user2637,malicious,attack 2,false positive
business,trace,2637,user2637,malicious,attack 2,true positive
infrastructure,metric,6215,user6215,regular,no attack,false positive
infrastructure,log,6215,user6215,regular,no attack,false positive
infrastructure,trace,6215,user6215,regular,no attack,false positive
infrastructure,metric,332,user332,malicious,attack 2,false positive
infrastructure,log,332,user332,malicious,attack 2,false positive
infrastructure,trace,332,user332,malicious,attack 2,true positive
infrastructure,metric,2741,user2741,regular,no attack,false positive
infrastructure,log,2741,user2741,regular,no attack,false positive
infrastructure,trace,2741,user2741,regular,no attack,false positive
infrastructure,metric,4267,user4267,regular,no attack,false positive
infrastructure,log,4267,user4267,regular,no attack,false positive
infrastructure,trace,4267,user4267,regular,no attack,false positive
business,metric,6617,user6617,malicious,attack 1,false positive
business,log,6617,user6617,malicious,attack 1,true positive
business,trace,6617,user6617,malicious,attack 1,false positive
infrastructure,metric,4764,user4764,malicious,attack 1,false positive
infrastructure,log,4764,user4764,malicious,attack 1,true positive
infrastructure,trace,4764,user4764,malicious,attack 1,false positive
business,metric,9065,user9065,malicious,attack 1,false positive
business,log,9065,user9065,malicious,attack 1,true positive
business,trace,9065,user9065,malicious,attack 1,false positive
business,metric,2464,user2464,malicious,attack 2,false positive
business,log,2464,user2464,malicious,attack 2,false positive
business,trace,2464,user2464,malicious,attack 2,true positive
business,metric,8645,user8645,malicious,attack 1,false positive
business,log,8645,user8645,malicious,attack 1,true positive
business,trace,8645,user8645,malicious,attack 1,false positive
business,metric,1515,user1515,regular,no attack,false positive
business,log,1515,user1515,regular,no attack,false positive
business,trace,1515,user1515,regular,no attack,false positive
business,metric,307,user307,malicious,attack 2,false positive
business,log,307,user307,malicious,attack 2,false positive
business,trace,307,user307,malicious,attack 2,true positive
infrastructure,metric,9217,user9217,malicious,attack 2,false positive
infrastructure,log,9217,user9217,malicious,attack 2,false positive
infrastructure,trace,9217,user9217,malicious,attack 2,true positive
infrastructure,metric,1441,user1441,malicious,attack 2,false positive
infrastructure,log,1441,user1441,malicious,attack 2,false positive
infrastructure,trace,1441,user1441,malicious,attack 2,true positive
business,metric,9987,user9987,malicious,attack 1,false positive
business,log,9987,user9987,malicious,attack 1,true positive
business,trace,9987,user9987,malicious,attack 1,false positive
infrastructure,metric,5739,user5739,regular,no attack,false positive
infrastructure,log,5739,user5739,regular,no attack,false positive
infrastructure,trace,5739,user5739,regular,no attack,false positive
business,metric,5564,user5564,malicious,attack 2,false positive
business,log,5564,user5564,malicious,attack 2,false positive
business,trace,5564,user5564,malicious,attack 2,true positive
infrastructure,metric,8820,user8820,malicious,attack 2,false positive
infrastructure,log,8820,user8820,malicious,attack 2,false positive
infrastructure,trace,8820,user8820,malicious,attack 2,true positive
infrastructure,metric,8080,user8080,malicious,attack 1,false positive
infrastructure,log,8080,user8080,malicious,attack 1,true positive
infrastructure,trace,8080,user8080,malicious,attack 1,false positive
business,metric,2352,user2352,malicious,attack 2,false positive
business,log,2352,user2352,malicious,attack 2,false positive
business,trace,2352,user2352,malicious,attack 2,true positive
infrastructure,metric,4238,user4238,regular,no attack,false positive
infrastructure,log,4238,user4238,regular,no attack,false positive
infrastructure,trace,4238,user4238,regular,no attack,false positive
business,metric,3313,user3313,malicious,attack 2,false positive
business,log,3313,user3313,malicious,attack 2,false positive
business,trace,3313,user3313,malicious,attack 2,true positive
infrastructure,metric,6316,user6316,regular,no attack,false positive
infrastructure,log,6316,user6316,regular,no attack,false positive
infrastructure,trace,6316,user6316,regular,no attack,false positive
infrastructure,metric,4610,user4610,malicious,attack 2,false positive
infrastructure,log,4610,user4610,malicious,attack 2,false positive
infrastructure,trace,4610,user4610,malicious,attack 2,true positive
infrastructure,metric,6838,user6838,malicious,attack 1,false positive
infrastructure,log,6838,user6838,malicious,attack 1,true positive
infrastructure,trace,6838,user6838,malicious,attack 1,false positive
business,metric,3673,user3673,malicious,attack 2,false positive
business,log,3673,user3673,malicious,attack 2,false positive
business,trace,3673,user3673,malicious,attack 2,true positive
infrastructure,metric,5681,user5681,regular,no attack,false positive
infrastructure,log,5681,user5681,regular,no attack,false positive
infrastructure,trace,5681,user5681,regular,no attack,false positive
infrastructure,metric,3661,user3661,malicious,attack 2,false positive
infrastructure,log,3661,user3661,malicious,attack 2,false positive
infrastructure,trace,3661,user3661,malicious,attack 2,true positive
business,metric,1074,user1074,malicious,attack 2,false positive
business,log,1074,user1074,malicious,attack 2,false positive
business,trace,1074,user1074,malicious,attack 2,true positive
business,metric,4314,user4314,regular,no attack,false positive
business,log,4314,user4314,regular,no attack,false positive
business,trace,4314,user4314,regular,no attack,false positive
business,metric,7914,user7914,malicious,attack 2,false positive
business,log,7914,user7914,malicious,attack 2,false positive
business,trace,7914,user7914,malicious,attack 2,true positive
business,metric,7931,user7931,malicious,attack 2,false positive
business,log,7931,user7931,malicious,attack 2,false positive
business,trace,7931,user7931,malicious,attack 2,true positive
infrastructure,metric,4382,user4382,malicious,attack 1,false positive
infrastructure,log,4382,user4382,malicious,attack 1,true positive
infrastructure,trace,4382,user4382,malicious,attack 1,false positive
business,metric,5590,user5590,malicious,attack 1,false positive
business,log,5590,user5590,malicious,attack 1,true positive
business,trace,5590,user5590,malicious,attack 1,false positive
infrastructure,metric,2119,user2119,malicious,attack 1,false positive
infrastructure,log,2119,user2119,malicious,attack 1,true positive
infrastructure,trace,2119,user2119,malicious,attack 1,false positive
infrastructure,metric,7377,user7377,malicious,attack 2,false positive
infrastructure,log,7377,user7377,malicious,attack 2,false positive
infrastructure,trace,7377,user7377,malicious,attack 2,true positive
infrastructure,metric,6771,user6771,malicious,attack 1,false positive
infrastructure,log,6771,user6771,malicious,attack 1,true positive
infrastructure,trace,6771,user6771,malicious,attack 1,false positive
infrastructure,metric,8574,user8574,malicious,attack 1,false positive
infrastructure,log,8574,user8574,malicious,attack 1,true positive
infrastructure,trace,8574,user8574,malicious,attack 1,false positive
infrastructure,metric,8728,user8728,malicious,attack 2,false positive
infrastructure,log,8728,user8728,malicious,attack 2,false positive
infrastructure,trace,8728,user8728,malicious,attack 2,true positive
infrastructure,metric,3138,user3138,malicious,attack 2,false positive
infrastructure,log,3138,user3138,malicious,attack 2,false positive
infrastructure,trace,3138,user3138,malicious,attack 2,true positive
infrastructure,metric,9117,user9117,malicious,attack 1,false positive
infrastructure,log,9117,user9117,malicious,attack 1,true positive
infrastructure,trace,9117,user9117,malicious,attack 1,false positive
infrastructure,metric,1084,user1084,regular,no attack,false positive
infrastructure,log,1084,user1084,regular,no attack,false positive
infrastructure,trace,1084,user1084,regular,no attack,false positive
business,metric,847,user847,malicious,attack 1,false positive
business,log,847,user847,malicious,attack 1,true positive
business,trace,847,user847,malicious,attack 1,false positive
infrastructure,metric,328,user328,malicious,attack 1,false positive
infrastructure,log,328,user328,malicious,attack 1,true positive
infrastructure,trace,328,user328,malicious,attack 1,false positive
infrastructure,metric,1673,user1673,malicious,attack 2,false positive
infrastructure,log,1673,user1673,malicious,attack 2,false positive
infrastructure,trace,1673,user1673,malicious,attack 2,true positive
infrastructure,metric,6662,user6662,malicious,attack 2,false positive
infrastructure,log,6662,user6662,malicious,attack 2,false positive
infrastructure,trace,6662,user6662,malicious,attack 2,true positive
business,metric,2591,user2591,regular,no attack,false positive
business,log,2591,user2591,regular,no attack,false positive
business,trace,2591,user2591,regular,no attack,false positive
infrastructure,metric,4768,user4768,malicious,attack 2,false positive
infrastructure,log,4768,user4768,malicious,attack 2,false positive
infrastructure,trace,4768,user4768,malicious,attack 2,true positive
business,metric,6061,user6061,regular,no attack,false positive
business,log,6061,user6061,regular,no attack,false positive
business,trace,6061,user6061,regular,no attack,false positive
infrastructure,metric,2799,user2799,malicious,attack 2,false positive
infrastructure,log,2799,user2799,malicious,attack 2,false positive
infrastructure,trace,2799,user2799,malicious,attack 2,true positive
business,metric,9582,user9582,malicious,attack 1,false positive
business,log,9582,user9582,malicious,attack 1,true positive
business,trace,9582,user9582,malicious,attack 1,false positive
business,metric,6522,user6522,malicious,attack 2,false positive
business,log,6522,user6522,malicious,attack 2,false positive
business,trace,6522,user6522,malicious,attack 2,true positive
business,metric,5160,user5160,regular,no attack,false positive
business,log,5160,user5160,regular,no attack,false positive
business,trace,5160,user5160,regular,no attack,false positive
infrastructure,metric,528,user528,malicious,attack 1,false positive
infrastructure,log,528,user528,malicious,attack 1,true positive
infrastructure,trace,528,user528,malicious,attack 1,false positive
business,metric,8477,user8477,malicious,attack 2,false positive
business,log,8477,user8477,malicious,attack 2,false positive
business,trace,8477,user8477,malicious,attack 2,true positive
infrastructure,metric,1446,user1446,regular,no attack,false positive
infrastructure,log,1446,user1446,regular,no attack,false positive
infrastructure,trace,1446,user1446,regular,no attack,false positive
infrastructure,metric,3733,user3733,regular,no attack,false positive
infrastructure,log,3733,user3733,regular,no attack,false positive
infrastructure,trace,3733,user3733,regular,no attack,false positive
business,metric,8010,user8010,malicious,attack 1,false positive
business,log,8010,user8010,malicious,attack 1,true positive
business,trace,8010,user8010,malicious,attack 1,false positive
business,metric,782,user782,malicious,attack 1,false positive
business,log,782,user782,malicious,attack 1,true positive
business,trace,782,user782,malicious,attack 1,false positive
infrastructure,metric,2672,user2672,malicious,attack 2,false positive
infrastructure,log,2672,user2672,malicious,attack 2,false positive
infrastructure,trace,2672,user2672,malicious,attack 2,true positive
business,metric,1044,user1044,malicious,attack 2,false positive
business,log,1044,user1044,malicious,attack 2,false positive
business,trace,1044,user1044,malicious,attack 2,true positive
business,metric,5534,user5534,malicious,attack 2,false positive
business,log,5534,user5534,malicious,attack 2,false positive
business,trace,5534,user5534,malicious,attack 2,true positive
infrastructure,metric,5652,user5652,malicious,attack 2,false positive
infrastructure,log,5652,user5652,malicious,attack 2,false positive
infrastructure,trace,5652,user5652,malicious,attack 2,true positive
business,metric,729,user729,regular,no attack,false positive
business,log,729,user729,regular,no attack,false positive
business,trace,729,user729,regular,no attack,false positive
business,metric,7755,user7755,malicious,attack 1,false positive
business,log,7755,user7755,malicious,attack 1,true positive
business,trace,7755,user7755,malicious,attack 1,false positive
infrastructure,metric,7811,user7811,malicious,attack 2,false positive
infrastructure,log,7811,user7811,malicious,attack 2,false positive
infrastructure,trace,7811,user7811,malicious,attack 2,true positive
business,metric,5188,user5188,regular,no attack,false positive
business,log,5188,user5188,regular,no attack,false positive
business,trace,5188,user5188,regular,no attack,false positive
business,metric,2236,user2236,regular,no attack,false positive
business,log,2236,user2236,regular,no attack,false positive
business,trace,2236,user2236,regular,no attack,false positive
business,metric,1312,user1312,regular,no attack,false positive
business,log,1312,user1312,regular,no attack,false positive
business,trace,1312,user1312,regular,no attack,false positive
infrastructure,metric,3138,user3138,malicious,attack 1,false positive
infrastructure,log,3138,user3138,malicious,attack 1,true positive
infrastructure,trace,3138,user3138,malicious,attack 1,false positive
infrastructure,metric,3759,user3759,regular,no attack,false positive
infrastructure,log,3759,user3759,regular,no attack,false positive
infrastructure,trace,3759,user3759,regular,no attack,false positive
business,metric,9438,user9438,regular,no attack,false positive
business,log,9438,user9438,regular,no attack,false positive
business,trace,9438,user9438,regular,no attack,false positive
business,metric,2190,user2190,malicious,attack 2,false positive
business,log,2190,user2190,malicious,attack 2,false positive
business,trace,2190,user2190,malicious,attack 2,true positive
business,metric,5977,user5977,malicious,attack 2,false positive
business,log,5977,user5977,malicious,attack 2,false positive
business,trace,5977,user5977,malicious,attack 2,true positive
infrastructure,metric,7154,user7154,malicious,attack 2,false positive
infrastructure,log,7154,user7154,malicious,attack 2,false positive
infrastructure,trace,7154,user7154,malicious,attack 2,true positive
infrastructure,metric,8606,user8606,regular,no attack,false positive
infrastructure,log,8606,user8606,regular,no attack,false positive
infrastructure,trace,8606,user8606,regular,no attack,false positive
infrastructure,metric,4104,user4104,regular,no attack,false positive
infrastructure,log,4104,user4104,regular,no attack,false positive
infrastructure,trace,4104,user4104,regular,no attack,false positive
business,metric,299,user299,regular,no attack,false positive
business,log,299,user299,regular,no attack,false positive
business,trace,299,user299,regular,no attack,false positive
business,metric,1400,user1400,malicious,attack 2,false positive
business,log,1400,user1400,malicious,attack 2,false positive
business,trace,1400,user1400,malicious,attack 2,true positive
infrastructure,metric,8566,user8566,malicious,attack 1,false positive
infrastructure,log,8566,user8566,malicious,attack 1,true positive
infrastructure,trace,8566,user8566,malicious,attack 1,false positive
business,metric,6029,user6029,malicious,attack 1,false positive
business,log,6029,user6029,malicious,attack 1,true positive
business,trace,6029,user6029,malicious,attack 1,false positive
infrastructure,metric,9111,user9111,regular,no attack,false positive
infrastructure,log,9111,user9111,regular,no attack,false positive
infrastructure,trace,9111,user9111,regular,no attack,false positive
business,metric,3901,user3901,malicious,attack 1,false positive
business,log,3901,user3901,malicious,attack 1,true positive
business,trace,3901,user3901,malicious,attack 1,false positive
infrastructure,metric,912,user912,malicious,attack 1,false positive
infrastructure,log,912,user912,malicious,attack 1,true positive
infrastructure,trace,912,user912,malicious,attack 1,false positive
business,metric,1344,user1344,regular,no attack,false positive
business,log,1344,user1344,regular,no attack,false positive
business,trace,1344,user1344,regular,no attack,false positive
business,metric,8234,user8234,malicious,attack 1,false positive
business,log,8234,user8234,malicious,attack 1,true positive
business,trace,8234,user8234,malicious,attack 1,false positive
business,metric,2239,user2239,malicious,attack 1,false positive
business,log,2239,user2239,malicious,attack 1,true positive
business,trace,2239,user2239,malicious,attack 1,false positive
infrastructure,metric,7119,user7119,malicious,attack 2,false positive
infrastructure,log,7119,user7119,malicious,attack 2,false positive
infrastructure,trace,7119,user7119,malicious,attack 2,true positive
business,metric,660,user660,malicious,attack 2,false positive
business,log,660,user660,malicious,attack 2,false positive
business,trace,660,user660,malicious,attack 2,true positive
business,metric,6432,user6432,malicious,attack 1,false positive
business,log,6432,user6432,malicious,attack 1,true positive
business,trace,6432,user6432,malicious,attack 1,false positive
infrastructure,metric,2823,user2823,malicious,attack 1,false positive
infrastructure,log,2823,user2823,malicious,attack 1,true positive
infrastructure,trace,2823,user2823,malicious,attack 1,false positive
business,metric,7546,user7546,regular,no attack,false positive
business,log,7546,user7546,regular,no attack,false positive
business,trace,7546,user7546,regular,no attack,false positive
business,metric,8151,user8151,malicious,attack 1,false positive
business,log,8151,user8151,malicious,attack 1,true positive
business,trace,8151,user8151,malicious,attack 1,false positive
business,metric,2315,user2315,malicious,attack 2,false positive
business,log,2315,user2315,malicious,attack 2,false positive
business,trace,2315,user2315,malicious,attack 2,true positive
business,metric,9997,user9997,regular,no attack,false positive
business,log,9997,user9997,regular,no attack,false positive
business,trace,9997,user9997,regular,no attack,false positive
infrastructure,metric,956,user956,malicious,attack 2,false positive
infrastructure,log,956,user956,malicious,attack 2,false positive
infrastructure,trace,956,user956,malicious,attack 2,true positive
infrastructure,metric,8248,user8248,malicious,attack 1,false positive
infrastructure,log,8248,user8248,malicious,attack 1,true positive
infrastructure,trace,8248,user8248,malicious,attack 1,false positive
infrastructure,metric,5260,user5260,regular,no attack,false positive
infrastructure,log,5260,user5260,regular,no attack,false positive
infrastructure,trace,5260,user5260,regular,no attack,false positive
business,metric,6728,user6728,malicious,attack 1,false positive
business,log,6728,user6728,malicious,attack 1,true positive
business,trace,6728,user6728,malicious,attack 1,false positive
infrastructure,metric,4261,user4261,malicious,attack 1,false positive
infrastructure,log,4261,user4261,malicious,attack 1,true positive
infrastructure,trace,4261,user4261,malicious,attack 1,false positive
business,metric,2174,user2174,malicious,attack 2,false positive
business,log,2174,user2174,malicious,attack 2,false positive
business,trace,2174,user2174,malicious,attack 2,true positive
business,metric,5061,user5061,malicious,attack 1,false positive
business,log,5061,user5061,malicious,attack 1,true positive
business,trace,5061,user5061,malicious,attack 1,false positive
infrastructure,metric,6986,user6986,regular,no attack,false positive
infrastructure,log,6986,user6986,regular,no attack,false positive
infrastructure,trace,6986,user6986,regular,no attack,false positive
business,metric,668,user668,malicious,attack 2,false positive
business,log,668,user668,malicious,attack 2,false positive
business,trace,668,user668,malicious,attack 2,true positive
infrastructure,metric,9349,user9349,regular,no attack,false positive
infrastructure,log,9349,user9349,regular,no attack,false positive
infrastructure,trace,9349,user9349,regular,no attack,false positive
business,metric,9400,user9400,malicious,attack 1,false positive
business,log,9400,user9400,malicious,attack 1,true positive
business,trace,9400,user9400,malicious,attack 1,false positive
infrastructure,metric,4468,user4468,regular,no attack,false positive
infrastructure,log,4468,user4468,regular,no attack,false positive
infrastructure,trace,4468,user4468,regular,no attack,false positive
infrastructure,metric,2599,user2599,regular,no attack,false positive
infrastructure,log,2599,user2599,regular,no attack,false positive
infrastructure,trace,2599,user2599,regular,no attack,false positive
infrastructure,metric,5223,user5223,malicious,attack 1,false positive
infrastructure,log,5223,user5223,malicious,attack 1,true positive
infrastructure,trace,5223,user5223,malicious,attack 1,false positive
business,metric,819,user819,malicious,attack 2,false positive
business,log,819,user819,malicious,attack 2,false positive
business,trace,819,user819,malicious,attack 2,true positive
infrastructure,metric,4789,user4789,malicious,attack 2,false positive
infrastructure,log,4789,user4789,malicious,attack 2,false positive
infrastructure,trace,4789,user4789,malicious,attack 2,true positive
infrastructure,metric,5554,user5554,malicious,attack 2,false positive
infrastructure,log,5554,user5554,malicious,attack 2,false positive
infrastructure,trace,5554,user5554,malicious,attack 2,true positive
business,metric,9232,user9232,malicious,attack 1,false positive
business,log,9232,user9232,malicious,attack 1,true positive
business,trace,9232,user9232,malicious,attack 1,false positive
business,metric,952,user952,regular,no attack,false positive
business,log,952,user952,regular,no attack,false positive
business,trace,952,user952,regular,no attack,false positive
business,metric,6266,user6266,malicious,attack 1,false positive
business,log,6266,user6266,malicious,attack 1,true positive
business,trace,6266,user6266,malicious,attack 1,false positive
infrastructure,metric,1803,user1803,regular,no attack,false positive
infrastructure,log,1803,user1803,regular,no attack,false positive
infrastructure,trace,1803,user1803,regular,no attack,false positive
business,metric,3901,user3901,malicious,attack 1,false positive
business,log,3901,user3901,malicious,attack 1,true positive
business,trace,3901,user3901,malicious,attack 1,false positive
business,metric,3027,user3027,malicious,attack 1,false positive
business,log,3027,user3027,malicious,attack 1,true positive
business,trace,3027,user3027,malicious,attack 1,false positive
business,metric,450,user450,malicious,attack 1,false positive
business,log,450,user450,malicious,attack 1,true positive
business,trace,450,user450,malicious,attack 1,false positive
infrastructure,metric,46,user46,malicious,attack 2,false positive
infrastructure,log,46,user46,malicious,attack 2,false positive
infrastructure,trace,46,user46,malicious,attack 2,true positive
business,metric,2850,user2850,regular,no attack,false positive
business,log,2850,user2850,regular,no attack,false positive
business,trace,2850,user2850,regular,no attack,false positive
business,metric,9050,user9050,malicious,attack 2,false positive
business,log,9050,user9050,malicious,attack 2,false positive
business,trace,9050,user9050,malicious,attack 2,true positive
infrastructure,metric,9560,user9560,regular,no attack,false positive
infrastructure,log,9560,user9560,regular,no attack,false positive
infrastructure,trace,9560,user9560,regular,no attack,false positive
infrastructure,metric,3888,user3888,malicious,attack 2,false positive
infrastructure,log,3888,user3888,malicious,attack 2,false positive
infrastructure,trace,3888,user3888,malicious,attack 2,true positive
infrastructure,metric,6547,user6547,malicious,attack 2,false positive
infrastructure,log,6547,user6547,malicious,attack 2,false positive
infrastructure,trace,6547,user6547,malicious,attack 2,true positive
business,metric,205,user205,malicious,attack 2,false positive
business,log,205,user205,malicious,attack 2,false positive
business,trace,205,user205,malicious,attack 2,true positive
business,metric,3289,user3289,malicious,attack 2,false positive
business,log,3289,user3289,malicious,attack 2,false positive
business,trace,3289,user3289,malicious,attack 2,true positive
infrastructure,metric,6605,user6605,regular,no attack,false positive
infrastructure,log,6605,user6605,regular,no attack,false positive
infrastructure,trace,6605,user6605,regular,no attack,false positive
infrastructure,metric,7536,user7536,malicious,attack 1,false positive
infrastructure,log,7536,user7536,malicious,attack 1,true positive
infrastructure,trace,7536,user7536,malicious,attack 1,false positive
infrastructure,metric,430,user430,malicious,attack 2,false positive
infrastructure,log,430,user430,malicious,attack 2,false positive
infrastructure,trace,430,user430,malicious,attack 2,true positive
infrastructure,metric,2282,user2282,malicious,attack 2,false positive
infrastructure,log,2282,user2282,malicious,attack 2,false positive
infrastructure,trace,2282,user2282,malicious,attack 2,true positive
business,metric,3153,user3153,regular,no attack,false positive
business,log,3153,user3153,regular,no attack,false positive
business,trace,3153,user3153,regular,no attack,false positive
infrastructure,metric,6041,user6041,malicious,attack 2,false positive
infrastructure,log,6041,user6041,malicious,attack 2,false positive
infrastructure,trace,6041,user6041,malicious,attack 2,true positive
business,metric,7609,user7609,malicious,attack 1,false positive
business,log,7609,user7609,malicious,attack 1,true positive
business,trace,7609,user7609,malicious,attack 1,false positive
infrastructure,metric,5961,user5961,malicious,attack 2,false positive
infrastructure,log,5961,user5961,malicious,attack 2,false positive
infrastructure,trace,5961,user5961,malicious,attack 2,true positive
business,metric,9467,user9467,malicious,attack 1,false positive
business,log,9467,user9467,malicious,attack 1,true positive
business,trace,9467,user9467,malicious,attack 1,false positive
infrastructure,metric,6104,user6104,regular,no attack,false positive
infrastructure,log,6104,user6104,regular,no attack,false positive
infrastructure,trace,6104,user6104,regular,no attack,false positive
infrastructure,metric,3513,user3513,malicious,attack 2,false positive
infrastructure,log,3513,user3513,malicious,attack 2,false positive
infrastructure,trace,3513,user3513,malicious,attack 2,true positive
business,metric,1869,user1869,malicious,attack 1,false positive
business,log,1869,user1869,malicious,attack 1,true positive
business,trace,1869,user1869,malicious,attack 1,false positive
business,metric,3172,user3172,malicious,attack 2,false positive
business,log,3172,user3172,malicious,attack 2,false positive
business,trace,3172,user3172,malicious,attack 2,true positive
infrastructure,metric,4642,user4642,regular,no attack,false positive
infrastructure,log,4642,user4642,regular,no attack,false positive
infrastructure,trace,4642,user4642,regular,no attack,false positive
infrastructure,metric,3155,user3155,regular,no attack,false positive
infrastructure,log,3155,user3155,regular,no attack,false positive
infrastructure,trace,3155,user3155,regular,no attack,false positive
infrastructure,metric,9511,user9511,malicious,attack 1,false positive
infrastructure,log,9511,user9511,malicious,attack 1,true positive
infrastructure,trace,9511,user9511,malicious,attack 1,false positive
infrastructure,metric,9889,user9889,regular,no attack,false positive
infrastructure,log,9889,user9889,regular,no attack,false positive
infrastructure,trace,9889,user9889,regular,no attack,false positive
business,metric,9847,user9847,regular,no attack,false positive
business,log,9847,user9847,regular,no attack,false positive
business,trace,9847,user9847,regular,no attack,false positive
infrastructure,metric,3854,user3854,malicious,attack 1,false positive
infrastructure,log,3854,user3854,malicious,attack 1,true positive
infrastructure,trace,3854,user3854,malicious,attack 1,false positive
business,metric,7682,user7682,regular,no attack,false positive
business,log,7682,user7682,regular,no attack,false positive
business,trace,7682,user7682,regular,no attack,false positive
infrastructure,metric,8901,user8901,regular,no attack,false positive
infrastructure,log,8901,user8901,regular,no attack,false positive
infrastructure,trace,8901,user8901,regular,no attack,false positive
infrastructure,metric,5360,user5360,malicious,attack 1,false positive
infrastructure,log,5360,user5360,malicious,attack 1,true positive
infrastructure,trace,5360,user5360,malicious,attack 1,false positive
business,metric,5869,user5869,malicious,attack 2,false positive
business,log,5869,user5869,malicious,attack 2,false positive
business,trace,5869,user5869,malicious,attack 2,true positive
business,metric,3633,user3633,malicious,attack 1,false positive
business,log,3633,user3633,malicious,attack 1,true positive
business,trace,3633,user3633,malicious,attack 1,false positive
infrastructure,metric,3422,user3422,regular,no attack,false positive
infrastructure,log,3422,user3422,regular,no attack,false positive
infrastructure,trace,3422,user3422,regular,no attack,false positive
business,metric,6338,user6338,malicious,attack 1,false positive
business,log,6338,user6338,malicious,attack 1,true positive
business,trace,6338,user6338,malicious,attack 1,false positive
business,metric,2204,user2204,malicious,attack 1,false positive
business,log,2204,user2204,malicious,attack 1,true positive
business,trace,2204,user2204,malicious,attack 1,false positive
business,metric,6662,user6662,malicious,attack 2,false positive
business,log,6662,user6662,malicious,attack 2,false positive
business,trace,6662,user6662,malicious,attack 2,true positive
infrastructure,metric,1658,user1658,malicious,attack 2,false positive
infrastructure,log,1658,user1658,malicious,attack 2,false positive
infrastructure,trace,1658,user1658,malicious,attack 2,true positive
infrastructure,metric,9186,user9186,malicious,attack 2,false positive
infrastructure,log,9186,user9186,malicious,attack 2,false positive
infrastructure,trace,9186,user9186,malicious,attack 2,true positive
infrastructure,metric,1252,user1252,malicious,attack 2,false positive
infrastructure,log,1252,user1252,malicious,attack 2,false positive
infrastructure,trace,1252,user1252,malicious,attack 2,true positive
business,metric,553,user553,malicious,attack 2,false positive
business,log,553,user553,malicious,attack 2,false positive
business,trace,553,user553,malicious,attack 2,true positive
business,metric,8530,user8530,malicious,attack 2,false positive
business,log,8530,user8530,malicious,attack 2,false positive
business,trace,8530,user8530,malicious,attack 2,true positive
infrastructure,metric,7053,user7053,regular,no attack,false positive
infrastructure,log,7053,user7053,regular,no attack,false positive
infrastructure,trace,7053,user7053,regular,no attack,false positive
infrastructure,metric,5571,user5571,malicious,attack 1,false positive
infrastructure,log,5571,user5571,malicious,attack 1,true positive
infrastructure,trace,5571,user5571,malicious,attack 1,false positive
infrastructure,metric,8154,user8154,malicious,attack 2,false positive
infrastructure,log,8154,user8154,malicious,attack 2,false positive
infrastructure,trace,8154,user8154,malicious,attack 2,true positive
infrastructure,metric,1294,user1294,malicious,attack 2,false positive
infrastructure,log,1294,user1294,malicious,attack 2,false positive
infrastructure,trace,1294,user1294,malicious,attack 2,true positive
infrastructure,metric,369,user369,malicious,attack 1,false positive
infrastructure,log,369,user369,malicious,attack 1,true positive
infrastructure,trace,369,user369,malicious,attack 1,false positive
infrastructure,metric,6397,user6397,regular,no attack,false positive
infrastructure,log,6397,user6397,regular,no attack,false positive
infrastructure,trace,6397,user6397,regular,no attack,false positive
infrastructure,metric,1095,user1095,malicious,attack 1,false positive
infrastructure,log,1095,user1095,malicious,attack 1,true positive
infrastructure,trace,1095,user1095,malicious,attack 1,false positive
infrastructure,metric,196,user196,malicious,attack 2,false positive
infrastructure,log,196,user196,malicious,attack 2,false positive
infrastructure,trace,196,user196,malicious,attack 2,true positive
business,metric,36,user36,malicious,attack 1,false positive
business,log,36,user36,malicious,attack 1,true positive
business,trace,36,user36,malicious,attack 1,false positive
business,metric,5559,user5559,regular,no attack,false positive
business,log,5559,user5559,regular,no attack,false positive
business,trace,5559,user5559,regular,no attack,false positive
business,metric,486,user486,regular,no attack,false positive
business,log,486,user486,regular,no attack,false positive
business,trace,486,user486,regular,no attack,false positive
infrastructure,metric,8988,user8988,malicious,attack 2,false positive
infrastructure,log,8988,user8988,malicious,attack 2,false positive
infrastructure,trace,8988,user8988,malicious,attack 2,true positive
business,metric,2065,user2065,regular,no attack,false positive
business,log,2065,user2065,regular,no attack,false positive
business,trace,2065,user2065,regular,no attack,false positive
infrastructure,metric,8902,user8902,malicious,attack 1,false positive
infrastructure,log,8902,user8902,malicious,attack 1,true positive
infrastructure,trace,8902,user8902,malicious,attack 1,false positive
infrastructure,metric,6674,user6674,malicious,attack 1,false positive
infrastructure,log,6674,user6674,malicious,attack 1,true positive
infrastructure,trace,6674,user6674,malicious,attack 1,false positive
infrastructure,metric,6184,user6184,malicious,attack 1,false positive
infrastructure,log,6184,user6184,malicious,attack 1,true positive
infrastructure,trace,6184,user6184,malicious,attack 1,false positive
infrastructure,metric,7508,user7508,malicious,attack 2,false positive
infrastructure,log,7508,user7508,malicious,attack 2,false positive
infrastructure,trace,7508,user7508,malicious,attack 2,true positive
business,metric,7611,user7611,regular,no attack,false positive
business,log,7611,user7611,regular,no attack,false positive
business,trace,7611,user7611,regular,no attack,false positive
infrastructure,metric,9796,user9796,regular,no attack,false positive
infrastructure,log,9796,user9796,regular,no attack,false positive
infrastructure,trace,9796,user9796,regular,no attack,false positive
business,metric,8122,user8122,malicious,attack 2,false positive
business,log,8122,user8122,malicious,attack 2,false positive
business,trace,8122,user8122,malicious,attack 2,true positive
business,metric,4080,user4080,regular,no attack,false positive
business,log,4080,user4080,regular,no attack,false positive
business,trace,4080,user4080,regular,no attack,false positive
infrastructure,metric,558,user558,regular,no attack,false positive
infrastructure,log,558,user558,regular,no attack,false positive
infrastructure,trace,558,user558,regular,no attack,false positive
infrastructure,metric,644,user644,malicious,attack 2,false positive
infrastructure,log,644,user644,malicious,attack 2,false positive
infrastructure,trace,644,user644,malicious,attack 2,true positive
business,metric,97,user97,regular,no attack,false positive
business,log,97,user97,regular,no attack,false positive
business,trace,97,user97,regular,no attack,false positive
business,metric,1093,user1093,regular,no attack,false positive
business,log,1093,user1093,regular,no attack,false positive
business,trace,1093,user1093,regular,no attack,false positive
business,metric,2820,user2820,malicious,attack 2,false positive
business,log,2820,user2820,malicious,attack 2,false positive
business,trace,2820,user2820,malicious,attack 2,true positive
business,metric,5769,user5769,malicious,attack 1,false positive
business,log,5769,user5769,malicious,attack 1,true positive
business,trace,5769,user5769,malicious,attack 1,false positive
infrastructure,metric,7311,user7311,malicious,attack 2,false positive
infrastructure,log,7311,user7311,malicious,attack 2,false positive
infrastructure,trace,7311,user7311,malicious,attack 2,true positive
business,metric,3548,user3548,malicious,attack 1,false positive
business,log,3548,user3548,malicious,attack 1,true positive
business,trace,3548,user3548,malicious,attack 1,false positive
infrastructure,metric,229,user229,regular,no attack,false positive
infrastructure,log,229,user229,regular,no attack,false positive
infrastructure,trace,229,user229,regular,no attack,false positive
infrastructure,metric,9298,user9298,malicious,attack 2,false positive
infrastructure,log,9298,user9298,malicious,attack 2,false positive
infrastructure,trace,9298,user9298,malicious,attack 2,true positive
infrastructure,metric,2114,user2114,malicious,attack 2,false positive
infrastructure,log,2114,user2114,malicious,attack 2,false positive
infrastructure,trace,2114,user2114,malicious,attack 2,true positive
business,metric,6597,user6597,regular,no attack,false positive
business,log,6597,user6597,regular,no attack,false positive
business,trace,6597,user6597,regular,no attack,false positive
business,metric,6020,user6020,malicious,attack 1,false positive
business,log,6020,user6020,malicious,attack 1,true positive
business,trace,6020,user6020,malicious,attack 1,false positive
business,metric,9882,user9882,malicious,attack 1,false positive
business,log,9882,user9882,malicious,attack 1,true positive
business,trace,9882,user9882,malicious,attack 1,false positive
business,metric,6158,user6158,malicious,attack 2,false positive
business,log,6158,user6158,malicious,attack 2,false positive
business,trace,6158,user6158,malicious,attack 2,true positive
business,metric,6849,user6849,malicious,attack 2,false positive
business,log,6849,user6849,malicious,attack 2,false positive
business,trace,6849,user6849,malicious,attack 2,true positive
infrastructure,metric,3861,user3861,malicious,attack 1,false positive
infrastructure,log,3861,user3861,malicious,attack 1,true positive
infrastructure,trace,3861,user3861,malicious,attack 1,false positive
infrastructure,metric,8912,user8912,regular,no attack,false positive
infrastructure,log,8912,user8912,regular,no attack,false positive
infrastructure,trace,8912,user8912,regular,no attack,false positive
infrastructure,metric,2848,user2848,malicious,attack 2,false positive
infrastructure,log,2848,user2848,malicious,attack 2,false positive
infrastructure,trace,2848,user2848,malicious,attack 2,true positive
infrastructure,metric,7415,user7415,malicious,attack 2,false positive
infrastructure,log,7415,user7415,malicious,attack 2,false positive
infrastructure,trace,7415,user7415,malicious,attack 2,true positive
business,metric,4595,user4595,regular,no attack,false positive
business,log,4595,user4595,regular,no attack,false positive
business,trace,4595,user4595,regular,no attack,false positive
business,metric,7163,user7163,malicious,attack 2,false positive
business,log,7163,user7163,malicious,attack 2,false positive
business,trace,7163,user7163,malicious,attack 2,true positive
business,metric,6313,user6313,malicious,attack 1,false positive
business,log,6313,user6313,malicious,attack 1,true positive
business,trace,6313,user6313,malicious,attack 1,false positive
infrastructure,metric,2327,user2327,regular,no attack,false positive
infrastructure,log,2327,user2327,regular,no attack,false positive
infrastructure,trace,2327,user2327,regular,no attack,false positive
business,metric,2025,user2025,regular,no attack,false positive
business,log,2025,user2025,regular,no attack,false positive
business,trace,2025,user2025,regular,no attack,false positive
infrastructure,metric,5592,user5592,malicious,attack 2,false positive
infrastructure,log,5592,user5592,malicious,attack 2,false positive
infrastructure,trace,5592,user5592,malicious,attack 2,true positive
infrastructure,metric,9603,user9603,malicious,attack 1,false positive
infrastructure,log,9603,user9603,malicious,attack 1,true positive
infrastructure,trace,9603,user9603,malicious,attack 1,false positive
infrastructure,metric,459,user459,regular,no attack,false positive
infrastructure,log,459,user459,regular,no attack,false positive
infrastructure,trace,459,user459,regular,no attack,false positive
business,metric,6386,user6386,malicious,attack 2,false positive
business,log,6386,user6386,malicious,attack 2,false positive
business,trace,6386,user6386,malicious,attack 2,true positive
infrastructure,metric,258,user258,malicious,attack 1,false positive
infrastructure,log,258,user258,malicious,attack 1,true positive
infrastructure,trace,258,user258,malicious,attack 1,false positive
infrastructure,metric,1819,user1819,regular,no attack,false positive
infrastructure,log,1819,user1819,regular,no attack,false positive
infrastructure,trace,1819,user1819,regular,no attack,false positive
business,metric,5987,user5987,malicious,attack 1,false positive
business,log,5987,user5987,malicious,attack 1,true positive
business,trace,5987,user5987,malicious,attack 1,false positive
business,metric,6658,user6658,malicious,attack 1,false positive
business,log,6658,user6658,malicious,attack 1,true positive
business,trace,6658,user6658,malicious,attack 1,false positive
infrastructure,metric,9632,user9632,regular,no attack,false positive
infrastructure,log,9632,user9632,regular,no attack,false positive
infrastructure,trace,9632,user9632,regular,no attack,false positive
infrastructure,metric,4054,user4054,regular,no attack,false positive
infrastructure,log,4054,user4054,regular,no attack,false positive
infrastructure,trace,4054,user4054,regular,no attack,false positive
infrastructure,metric,3350,user3350,malicious,attack 2,false positive
infrastructure,log,3350,user3350,malicious,attack 2,false positive
infrastructure,trace,3350,user3350,malicious,attack 2,true positive
business,metric,247,user247,malicious,attack 1,false positive
business,log,247,user247,malicious,attack 1,true positive
business,trace,247,user247,malicious,attack 1,false positive
business,metric,4213,user4213,malicious,attack 1,false positive
business,log,4213,user4213,malicious,attack 1,true positive
business,trace,4213,user4213,malicious,attack 1,false positive
infrastructure,metric,2844,user2844,malicious,attack 2,false positive
infrastructure,log,2844,user2844,malicious,attack 2,false positive
infrastructure,trace,2844,user2844,malicious,attack 2,true positive
infrastructure,metric,6954,user6954,malicious,attack 1,false positive
infrastructure,log,6954,user6954,malicious,attack 1,true positive
infrastructure,trace,6954,user6954,malicious,attack 1,false positive
infrastructure,metric,4850,user4850,malicious,attack 1,false positive
infrastructure,log,4850,user4850,malicious,attack 1,true positive
infrastructure,trace,4850,user4850,malicious,attack 1,false positive
business,metric,3078,user3078,regular,no attack,false positive
business,log,3078,user3078,regular,no attack,false positive
business,trace,3078,user3078,regular,no attack,false positive
business,metric,8276,user8276,malicious,attack 2,false positive
business,log,8276,user8276,malicious,attack 2,false positive
business,trace,8276,user8276,malicious,attack 2,true positive
infrastructure,metric,1189,user1189,malicious,attack 2,false positive
infrastructure,log,1189,user1189,malicious,attack 2,false positive
infrastructure,trace,1189,user1189,malicious,attack 2,true positive
business,metric,2131,user2131,regular,no attack,false positive
business,log,2131,user2131,regular,no attack,false positive
business,trace,2131,user2131,regular,no attack,false positive
infrastructure,metric,187,user187,malicious,attack 2,false positive
infrastructure,log,187,user187,malicious,attack 2,false positive
infrastructure,trace,187,user187,malicious,attack 2,true positive
business,metric,2588,user2588,regular,no attack,false positive
business,log,2588,user2588,regular,no attack,false positive
business,trace,2588,user2588,regular,no attack,false positive
business,metric,5456,user5456,malicious,attack 1,false positive
business,log,5456,user5456,malicious,attack 1,true positive
business,trace,5456,user5456,malicious,attack 1,false positive
business,metric,9462,user9462,malicious,attack 1,false positive
business,log,9462,user9462,malicious,attack 1,true positive
business,trace,9462,user9462,malicious,attack 1,false positive
infrastructure,metric,482,user482,regular,no attack,false positive
infrastructure,log,482,user482,regular,no attack,false positive
infrastructure,trace,482,user482,regular,no attack,false positive
business,metric,8456,user8456,malicious,attack 1,false positive
business,log,8456,user8456,malicious,attack 1,true positive
business,trace,8456,user8456,malicious,attack 1,false positive
business,metric,2373,user2373,regular,no attack,false positive
business,log,2373,user2373,regular,no attack,false positive
business,trace,2373,user2373,regular,no attack,false positive
business,metric,9943,user9943,malicious,attack 2,false positive
business,log,9943,user9943,malicious,attack 2,false positive
business,trace,9943,user9943,malicious,attack 2,true positive
business,metric,8262,user8262,malicious,attack 2,false positive
business,log,8262,user8262,malicious,attack 2,false positive
business,trace,8262,user8262,malicious,attack 2,true positive
infrastructure,metric,7204,user7204,regular,no attack,false positive
infrastructure,log,7204,user7204,regular,no attack,false positive
infrastructure,trace,7204,user7204,regular,no attack,false positive
business,metric,9506,user9506,malicious,attack 2,false positive
business,log,9506,user9506,malicious,attack 2,false positive
business,trace,9506,user9506,malicious,attack 2,true positive
business,metric,3584,user3584,malicious,attack 1,false positive
business,log,3584,user3584,malicious,attack 1,true positive
business,trace,3584,user3584,malicious,attack 1,false positive
business,metric,998,user998,regular,no attack,false positive
business,log,998,user998,regular,no attack,false positive
business,trace,998,user998,regular,no attack,false positive
infrastructure,metric,7847,user7847,malicious,attack 2,false positive
infrastructure,log,7847,user7847,malicious,attack 2,false positive
infrastructure,trace,7847,user7847,malicious,attack 2,true positive
infrastructure,metric,6355,user6355,regular,no attack,false positive
infrastructure,log,6355,user6355,regular,no attack,false positive
infrastructure,trace,6355,user6355,regular,no attack,false positive
business,metric,2915,user2915,malicious,attack 2,false positive
business,log,2915,user2915,malicious,attack 2,false positive
business,trace,2915,user2915,malicious,attack 2,true positive
infrastructure,metric,8831,user8831,malicious,attack 1,false positive
infrastructure,log,8831,user8831,malicious,attack 1,true positive
infrastructure,trace,8831,user8831,malicious,attack 1,false positive
business,metric,3276,user3276,malicious,attack 1,false positive
business,log,3276,user3276,malicious,attack 1,true positive
business,trace,3276,user3276,malicious,attack 1,false positive
business,metric,8178,user8178,malicious,attack 2,false positive
business,log,8178,user8178,malicious,attack 2,false positive
business,trace,8178,user8178,malicious,attack 2,true positive
infrastructure,metric,75,user75,regular,no attack,false positive
infrastructure,log,75,user75,regular,no attack,false positive
infrastructure,trace,75,user75,regular,no attack,false positive
infrastructure,metric,3493,user3493,regular,no attack,false positive
infrastructure,log,3493,user3493,regular,no attack,false positive
infrastructure,trace,3493,user3493,regular,no attack,false positive
infrastructure,metric,9868,user9868,regular,no attack,false positive
infrastructure,log,9868,user9868,regular,no attack,false positive
infrastructure,trace,9868,user9868,regular,no attack,false positive
infrastructure,metric,6124,user6124,regular,no attack,false positive
infrastructure,log,6124,user6124,regular,no attack,false positive
infrastructure,trace,6124,user6124,regular,no attack,false positive
infrastructure,metric,6375,user6375,regular,no attack,false positive
infrastructure,log,6375,user6375,regular,no attack,false positive
infrastructure,trace,6375,user6375,regular,no attack,false positive
business,metric,8538,user8538,malicious,attack 1,false positive
business,log,8538,user8538,malicious,attack 1,true positive
business,trace,8538,user8538,malicious,attack 1,false positive
business,metric,2585,user2585,malicious,attack 1,false positive
business,log,2585,user2585,malicious,attack 1,true positive
business,trace,2585,user2585,malicious,attack 1,false positive
business,metric,5852,user5852,regular,no attack,false positive
business,log,5852,user5852,regular,no attack,false positive
business,trace,5852,user5852,regular,no attack,false positive
business,metric,8326,user8326,regular,no attack,false positive
business,log,8326,user8326,regular,no attack,false positive
business,trace,8326,user8326,regular,no attack,false positive
infrastructure,metric,1463,user1463,regular,no attack,false positive
infrastructure,log,1463,user1463,regular,no attack,false positive
infrastructure,trace,1463,user1463,regular,no attack,false positive
business,metric,6355,user6355,regular,no attack,false positive
business,log,6355,user6355,regular,no attack,false positive
business,trace,6355,user6355,regular,no attack,false positive
infrastructure,metric,3620,user3620,malicious,attack 1,false positive
infrastructure,log,3620,user3620,malicious,attack 1,true positive
infrastructure,trace,3620,user3620,malicious,attack 1,false positive
business,metric,13,user13,malicious,attack 2,false positive
business,log,13,user13,malicious,attack 2,false positive
business,trace,13,user13,malicious,attack 2,true positive
business,metric,2905,user2905,malicious,attack 2,false positive
business,log,2905,user2905,malicious,attack 2,false positive
business,trace,2905,user2905,malicious,attack 2,true positive
infrastructure,metric,5475,user5475,regular,no attack,false positive
infrastructure,log,5475,user5475,regular,no attack,false positive
infrastructure,trace,5475,user5475,regular,no attack,false positive
business,metric,700,user700,regular,no attack,false positive
business,log,700,user700,regular,no attack,false positive
business,trace,700,user700,regular,no attack,false positive
infrastructure,metric,7837,user7837,regular,no attack,false positive
infrastructure,log,7837,user7837,regular,no attack,false positive
infrastructure,trace,7837,user7837,regular,no attack,false positive
infrastructure,metric,7059,user7059,regular,no attack,false positive
infrastructure,log,7059,user7059,regular,no attack,false positive
infrastructure,trace,7059,user7059,regular,no attack,false positive
infrastructure,metric,5196,user5196,malicious,attack 2,false positive
infrastructure,log,5196,user5196,malicious,attack 2,false positive
infrastructure,trace,5196,user5196,malicious,attack 2,true positive
infrastructure,metric,6939,user6939,malicious,attack 1,false positive
infrastructure,log,6939,user6939,malicious,attack 1,true positive
infrastructure,trace,6939,user6939,malicious,attack 1,false positive
business,metric,7487,user7487,malicious,attack 2,false positive
business,log,7487,user7487,malicious,attack 2,false positive
business,trace,7487,user7487,malicious,attack 2,true positive
business,metric,2674,user2674,malicious,attack 2,false positive
business,log,2674,user2674,malicious,attack 2,false positive
business,trace,2674,user2674,malicious,attack 2,true positive
infrastructure,metric,6215,user6215,regular,no attack,false positive
infrastructure,log,6215,user6215,regular,no attack,false positive
infrastructure,trace,6215,user6215,regular,no attack,false positive
business,metric,1303,user1303,malicious,attack 2,false positive
business,log,1303,user1303,malicious,attack 2,false positive
business,trace,1303,user1303,malicious,attack 2,true positive
infrastructure,metric,7002,user7002,malicious,attack 1,false positive
infrastructure,log,7002,user7002,malicious,attack 1,true positive
infrastructure,trace,7002,user7002,malicious,attack 1,false positive
infrastructure,metric,4157,user4157,regular,no attack,false positive
infrastructure,log,4157,user4157,regular,no attack,false positive
infrastructure,trace,4157,user4157,regular,no attack,false positive
infrastructure,metric,6757,user6757,malicious,attack 1,false positive
infrastructure,log,6757,user6757,malicious,attack 1,true positive
infrastructure,trace,6757,user6757,malicious,attack 1,false positive
business,metric,7699,user7699,malicious,attack 2,false positive
business,log,7699,user7699,malicious,attack 2,false positive
business,trace,7699,user7699,malicious,attack 2,true positive
business,metric,1095,user1095,malicious,attack 2,false positive
business,log,1095,user1095,malicious,attack 2,false positive
business,trace,1095,user1095,malicious,attack 2,true positive
infrastructure,metric,7492,user7492,malicious,attack 1,false positive
infrastructure,log,7492,user7492,malicious,attack 1,true positive
infrastructure,trace,7492,user7492,malicious,attack 1,false positive
infrastructure,metric,1504,user1504,regular,no attack,false positive
infrastructure,log,1504,user1504,regular,no attack,false positive
infrastructure,trace,1504,user1504,regular,no attack,false positive
infrastructure,metric,3945,user3945,malicious,attack 1,false positive
infrastructure,log,3945,user3945,malicious,attack 1,true positive
infrastructure,trace,3945,user3945,malicious,attack 1,false positive
infrastructure,metric,3510,user3510,regular,no attack,false positive
infrastructure,log,3510,user3510,regular,no attack,false positive
infrastructure,trace,3510,user3510,regular,no attack,false positive
infrastructure,metric,903,user903,malicious,attack 2,false positive
infrastructure,log,903,user903,malicious,attack 2,false positive
infrastructure,trace,903,user903,malicious,attack 2,true positive
infrastructure,metric,3785,user3785,regular,no attack,false positive
infrastructure,log,3785,user3785,regular,no attack,false positive
infrastructure,trace,3785,user3785,regular,no attack,false positive
business,metric,719,user719,regular,no attack,false positive
business,log,719,user719,regular,no attack,false positive
business,trace,719,user719,regular,no attack,false positive
business,metric,999,user999,malicious,attack 2,false positive
business,log,999,user999,malicious,attack 2,false positive
business,trace,999,user999,malicious,attack 2,true positive
business,metric,3139,user3139,regular,no attack,false positive
business,log,3139,user3139,regular,no attack,false positive
business,trace,3139,user3139,regular,no attack,false positive
business,metric,2504,user2504,regular,no attack,false positive
business,log,2504,user2504,regular,no attack,false positive
business,trace,2504,user2504,regular,no attack,false positive
business,metric,2730,user2730,regular,no attack,false positive
business,log,2730,user2730,regular,no attack,false positive
business,trace,2730,user2730,regular,no attack,false positive
business,metric,2653,user2653,regular,no attack,false positive
business,log,2653,user2653,regular,no attack,false positive
business,trace,2653,user2653,regular,no attack,false positive
infrastructure,metric,8590,user8590,malicious,attack 2,false positive
infrastructure,log,8590,user8590,malicious,attack 2,false positive
infrastructure,trace,8590,user8590,malicious,attack 2,true positive
business,metric,361,user361,malicious,attack 1,false positive
business,log,361,user361,malicious,attack 1,true positive
business,trace,361,user361,malicious,attack 1,false positive
infrastructure,metric,5785,user5785,malicious,attack 2,false positive
infrastructure,log,5785,user5785,malicious,attack 2,false positive
infrastructure,trace,5785,user5785,malicious,attack 2,true positive
business,metric,9287,user9287,malicious,attack 1,false positive
business,log,9287,user9287,malicious,attack 1,true positive
business,trace,9287,user9287,malicious,attack 1,false positive
infrastructure,metric,5285,user5285,malicious,attack 1,false positive
infrastructure,log,5285,user5285,malicious,attack 1,true positive
infrastructure,trace,5285,user5285,malicious,attack 1,false positive
infrastructure,metric,7261,user7261,malicious,attack 2,false positive
infrastructure,log,7261,user7261,malicious,attack 2,false positive
infrastructure,trace,7261,user7261,malicious,attack 2,true positive
infrastructure,metric,1845,user1845,regular,no attack,false positive
infrastructure,log,1845,user1845,regular,no attack,false positive
infrastructure,trace,1845,user1845,regular,no attack,false positive
business,metric,2329,user2329,malicious,attack 1,false positive
business,log,2329,user2329,malicious,attack 1,true positive
business,trace,2329,user2329,malicious,attack 1,false positive
business,metric,6898,user6898,malicious,attack 1,false positive
business,log,6898,user6898,malicious,attack 1,true positive
business,trace,6898,user6898,malicious,attack 1,false positive
business,metric,3777,user3777,malicious,attack 1,false positive
business,log,3777,user3777,malicious,attack 1,true positive
business,trace,3777,user3777,malicious,attack 1,false positive
business,metric,5711,user5711,regular,no attack,false positive
business,log,5711,user5711,regular,no attack,false positive
business,trace,5711,user5711,regular,no attack,false positive
infrastructure,metric,1115,user1115,regular,no attack,false positive
infrastructure,log,1115,user1115,regular,no attack,false positive
infrastructure,trace,1115,user1115,regular,no attack,false positive
business,metric,5949,user5949,malicious,attack 2,false positive
business,log,5949,user5949,malicious,attack 2,false positive
business,trace,5949,user5949,malicious,attack 2,true positive
infrastructure,metric,7267,user7267,malicious,attack 2,false positive
infrastructure,log,7267,user7267,malicious,attack 2,false positive
infrastructure,trace,7267,user7267,malicious,attack 2,true positive
infrastructure,metric,5484,user5484,malicious,attack 2,false positive
infrastructure,log,5484,user5484,malicious,attack 2,false positive
infrastructure,trace,5484,user5484,malicious,attack 2,true positive
business,metric,6818,user6818,regular,no attack,false positive
business,log,6818,user6818,regular,no attack,false positive
business,trace,6818,user6818,regular,no attack,false positive
business,metric,7611,user7611,regular,no attack,false positive
business,log,7611,user7611,regular,no attack,false positive
business,trace,7611,user7611,regular,no attack,false positive
infrastructure,metric,9439,user9439,malicious,attack 1,false positive
infrastructure,log,9439,user9439,malicious,attack 1,true positive
infrastructure,trace,9439,user9439,malicious,attack 1,false positive
business,metric,6373,user6373,regular,no attack,false positive
business,log,6373,user6373,regular,no attack,false positive
business,trace,6373,user6373,regular,no attack,false positive
business,metric,2474,user2474,malicious,attack 1,false positive
business,log,2474,user2474,malicious,attack 1,true positive
business,trace,2474,user2474,malicious,attack 1,false positive
business,metric,4030,user4030,malicious,attack 2,false positive
business,log,4030,user4030,malicious,attack 2,false positive
business,trace,4030,user4030,malicious,attack 2,true positive
business,metric,1485,user1485,malicious,attack 1,false positive
business,log,1485,user1485,malicious,attack 1,true positive
business,trace,1485,user1485,malicious,attack 1,false positive
infrastructure,metric,7697,user7697,regular,no attack,false positive
infrastructure,log,7697,user7697,regular,no attack,false positive
infrastructure,trace,7697,user7697,regular,no attack,false positive
business,metric,6524,user6524,regular,no attack,false positive
business,log,6524,user6524,regular,no attack,false positive
business,trace,6524,user6524,regular,no attack,false positive
business,metric,3532,user3532,malicious,attack 1,false positive
business,log,3532,user3532,malicious,attack 1,true positive
business,trace,3532,user3532,malicious,attack 1,false positive
business,metric,7500,user7500,malicious,attack 1,false positive
business,log,7500,user7500,malicious,attack 1,true positive
business,trace,7500,user7500,malicious,attack 1,false positive
business,metric,200,user200,malicious,attack 1,false positive
business,log,200,user200,malicious,attack 1,true positive
business,trace,200,user200,malicious,attack 1,false positive
infrastructure,metric,1201,user1201,malicious,attack 1,false positive
infrastructure,log,1201,user1201,malicious,attack 1,true positive
infrastructure,trace,1201,user1201,malicious,attack 1,false positive
infrastructure,metric,6706,user6706,malicious,attack 1,false positive
infrastructure,log,6706,user6706,malicious,attack 1,true positive
infrastructure,trace,6706,user6706,malicious,attack 1,false positive
business,metric,4746,user4746,malicious,attack 1,false positive
business,log,4746,user4746,malicious,attack 1,true positive
business,trace,4746,user4746,malicious,attack 1,false positive
business,metric,3558,user3558,malicious,attack 1,false positive
business,log,3558,user3558,malicious,attack 1,true positive
business,trace,3558,user3558,malicious,attack 1,false positive
business,metric,9073,user9073,malicious,attack 1,false positive
business,log,9073,user9073,malicious,attack 1,true positive
business,trace,9073,user9073,malicious,attack 1,false positive
infrastructure,metric,8774,user8774,malicious,attack 2,false positive
infrastructure,log,8774,user8774,malicious,attack 2,false positive
infrastructure,trace,8774,user8774,malicious,attack 2,true positive
business,metric,6151,user6151,malicious,attack 2,false positive
business,log,6151,user6151,malicious,attack 2,false positive
business,trace,6151,user6151,malicious,attack 2,true positive
business,metric,4044,user4044,malicious,attack 1,false positive
business,log,4044,user4044,malicious,attack 1,true positive
business,trace,4044,user4044,malicious,attack 1,false positive
business,metric,8976,user8976,malicious,attack 2,false positive
business,log,8976,user8976,malicious,attack 2,false positive
business,trace,8976,user8976,malicious,attack 2,true positive
business,metric,9133,user9133,malicious,attack 1,false positive
business,log,9133,user9133,malicious,attack 1,true positive
business,trace,9133,user9133,malicious,attack 1,false positive
infrastructure,metric,3794,user3794,malicious,attack 1,false positive
infrastructure,log,3794,user3794,malicious,attack 1,true positive
infrastructure,trace,3794,user3794,malicious,attack 1,false positive
infrastructure,metric,3888,user3888,malicious,attack 1,false positive
infrastructure,log,3888,user3888,malicious,attack 1,true positive
infrastructure,trace,3888,user3888,malicious,attack 1,false positive
infrastructure,metric,7201,user7201,malicious,attack 2,false positive
infrastructure,log,7201,user7201,malicious,attack 2,false positive
infrastructure,trace,7201,user7201,malicious,attack 2,true positive
business,metric,450,user450,malicious,attack 1,false positive
business,log,450,user450,malicious,attack 1,true positive
business,trace,450,user450,malicious,attack 1,false positive
business,metric,8228,user8228,malicious,attack 1,false positive
business,log,8228,user8228,malicious,attack 1,true positive
business,trace,8228,user8228,malicious,attack 1,false positive
business,metric,1420,user1420,malicious,attack 2,false positive
business,log,1420,user1420,malicious,attack 2,false positive
business,trace,1420,user1420,malicious,attack 2,true positive
infrastructure,metric,5822,user5822,malicious,attack 2,false positive
infrastructure,log,5822,user5822,malicious,attack 2,false positive
infrastructure,trace,5822,user5822,malicious,attack 2,true positive
business,metric,5428,user5428,malicious,attack 2,false positive
business,log,5428,user5428,malicious,attack 2,false positive
business,trace,5428,user5428,malicious,attack 2,true positive
infrastructure,metric,594,user594,regular,no attack,false positive
infrastructure,log,594,user594,regular,no attack,false positive
infrastructure,trace,594,user594,regular,no attack,false positive
business,metric,6631,user6631,malicious,attack 2,false positive
business,log,6631,user6631,malicious,attack 2,false positive
business,trace,6631,user6631,malicious,attack 2,true positive
infrastructure,metric,2893,user2893,malicious,attack 2,false positive
infrastructure,log,2893,user2893,malicious,attack 2,false positive
infrastructure,trace,2893,user2893,malicious,attack 2,true positive
business,metric,9682,user9682,malicious,attack 2,false positive
business,log,9682,user9682,malicious,attack 2,false positive
business,trace,9682,user9682,malicious,attack 2,true positive
business,metric,7134,user7134,regular,no attack,false positive
business,log,7134,user7134,regular,no attack,false positive
business,trace,7134,user7134,regular,no attack,false positive
business,metric,6791,user6791,malicious,attack 2,false positive
business,log,6791,user6791,malicious,attack 2,false positive
business,trace,6791,user6791,malicious,attack 2,true positive
infrastructure,metric,9592,user9592,malicious,attack 1,false positive
infrastructure,log,9592,user9592,malicious,attack 1,true positive
infrastructure,trace,9592,user9592,malicious,attack 1,false positive
business,metric,7589,user7589,malicious,attack 2,false positive
business,log,7589,user7589,malicious,attack 2,false positive
business,trace,7589,user7589,malicious,attack 2,true positive
business,metric,1274,user1274,malicious,attack 1,false positive
business,log,1274,user1274,malicious,attack 1,true positive
business,trace,1274,user1274,malicious,attack 1,false positive
infrastructure,metric,864,user864,malicious,attack 2,false positive
infrastructure,log,864,user864,malicious,attack 2,false positive
infrastructure,trace,864,user864,malicious,attack 2,true positive
infrastructure,metric,4393,user4393,malicious,attack 1,false positive
infrastructure,log,4393,user4393,malicious,attack 1,true positive
infrastructure,trace,4393,user4393,malicious,attack 1,false positive
business,metric,5884,user5884,malicious,attack 1,false positive
business,log,5884,user5884,malicious,attack 1,true positive
business,trace,5884,user5884,malicious,attack 1,false positive
business,metric,4469,user4469,regular,no attack,false positive
business,log,4469,user4469,regular,no attack,false positive
business,trace,4469,user4469,regular,no attack,false positive
infrastructure,metric,2805,user2805,malicious,attack 2,false positive
infrastructure,log,2805,user2805,malicious,attack 2,false positive
infrastructure,trace,2805,user2805,malicious,attack 2,true positive
business,metric,733,user733,regular,no attack,false positive
business,log,733,user733,regular,no attack,false positive
business,trace,733,user733,regular,no attack,false positive
infrastructure,metric,8735,user8735,malicious,attack 1,false positive
infrastructure,log,8735,user8735,malicious,attack 1,true positive
infrastructure,trace,8735,user8735,malicious,attack 1,false positive
infrastructure,metric,8386,user8386,regular,no attack,false positive
infrastructure,log,8386,user8386,regular,no attack,false positive
infrastructure,trace,8386,user8386,regular,no attack,false positive
business,metric,7333,user7333,malicious,attack 1,false positive
business,log,7333,user7333,malicious,attack 1,true positive
business,trace,7333,user7333,malicious,attack 1,false positive
infrastructure,metric,3445,user3445,regular,no attack,false positive
infrastructure,log,3445,user3445,regular,no attack,false positive
infrastructure,trace,3445,user3445,regular,no attack,false positive
business,metric,808,user808,malicious,attack 1,false positive
business,log,808,user808,malicious,attack 1,true positive
business,trace,808,user808,malicious,attack 1,false positive
business,metric,5751,user5751,malicious,attack 1,false positive
business,log,5751,user5751,malicious,attack 1,true positive
business,trace,5751,user5751,malicious,attack 1,false positive
infrastructure,metric,6787,user6787,regular,no attack,false positive
infrastructure,log,6787,user6787,regular,no attack,false positive
infrastructure,trace,6787,user6787,regular,no attack,false positive
business,metric,2541,user2541,malicious,attack 2,false positive
business,log,2541,user2541,malicious,attack 2,false positive
business,trace,2541,user2541,malicious,attack 2,true positive
business,metric,5238,user5238,regular,no attack,false positive
business,log,5238,user5238,regular,no attack,false positive
business,trace,5238,user5238,regular,no attack,false positive
infrastructure,metric,8218,user8218,regular,no attack,false positive
infrastructure,log,8218,user8218,regular,no attack,false positive
infrastructure,trace,8218,user8218,regular,no attack,false positive
infrastructure,metric,3040,user3040,malicious,attack 2,false positive
infrastructure,log,3040,user3040,malicious,attack 2,false positive
infrastructure,trace,3040,user3040,malicious,attack 2,true positive
business,metric,6202,user6202,regular,no attack,false positive
business,log,6202,user6202,regular,no attack,false positive
business,trace,6202,user6202,regular,no attack,false positive
infrastructure,metric,9213,user9213,malicious,attack 2,false positive
infrastructure,log,9213,user9213,malicious,attack 2,false positive
infrastructure,trace,9213,user9213,malicious,attack 2,true positive
infrastructure,metric,9503,user9503,malicious,attack 1,false positive
infrastructure,log,9503,user9503,malicious,attack 1,true positive
infrastructure,trace,9503,user9503,malicious,attack 1,false positive
business,metric,6529,user6529,regular,no attack,false positive
business,log,6529,user6529,regular,no attack,false positive
business,trace,6529,user6529,regular,no attack,false positive
infrastructure,metric,2600,user2600,malicious,attack 2,false positive
infrastructure,log,2600,user2600,malicious,attack 2,false positive
infrastructure,trace,2600,user2600,malicious,attack 2,true positive
business,metric,5678,user5678,regular,no attack,false positive
business,log,5678,user5678,regular,no attack,false positive
business,trace,5678,user5678,regular,no attack,false positive
business,metric,4706,user4706,regular,no attack,false positive
business,log,4706,user4706,regular,no attack,false positive
business,trace,4706,user4706,regular,no attack,false positive
infrastructure,metric,9988,user9988,regular,no attack,false positive
infrastructure,log,9988,user9988,regular,no attack,false positive
infrastructure,trace,9988,user9988,regular,no attack,false positive
infrastructure,metric,8425,user8425,malicious,attack 2,false positive
infrastructure,log,8425,user8425,malicious,attack 2,false positive
infrastructure,trace,8425,user8425,malicious,attack 2,true positive
business,metric,4838,user4838,malicious,attack 1,false positive
business,log,4838,user4838,malicious,attack 1,true positive
business,trace,4838,user4838,malicious,attack 1,false positive
business,metric,2922,user2922,malicious,attack 1,false positive
business,log,2922,user2922,malicious,attack 1,true positive
business,trace,2922,user2922,malicious,attack 1,false positive
infrastructure,metric,6145,user6145,malicious,attack 1,false positive
infrastructure,log,6145,user6145,malicious,attack 1,true positive
infrastructure,trace,6145,user6145,malicious,attack 1,false positive
infrastructure,metric,7754,user7754,malicious,attack 2,false positive
infrastructure,log,7754,user7754,malicious,attack 2,false positive
infrastructure,trace,7754,user7754,malicious,attack 2,true positive
business,metric,5545,user5545,malicious,attack 1,false positive
business,log,5545,user5545,malicious,attack 1,true positive
business,trace,5545,user5545,malicious,attack 1,false positive
infrastructure,metric,2763,user2763,malicious,attack 1,false positive
infrastructure,log,2763,user2763,malicious,attack 1,true positive
infrastructure,trace,2763,user2763,malicious,attack 1,false positive
infrastructure,metric,5947,user5947,regular,no attack,false positive
infrastructure,log,5947,user5947,regular,no attack,false positive
infrastructure,trace,5947,user5947,regular,no attack,false positive
business,metric,3722,user3722,malicious,attack 1,false positive
business,log,3722,user3722,malicious,attack 1,true positive
business,trace,3722,user3722,malicious,attack 1,false positive
business,metric,7052,user7052,malicious,attack 1,false positive
business,log,7052,user7052,malicious,attack 1,true positive
business,trace,7052,user7052,malicious,attack 1,false positive
infrastructure,metric,7867,user7867,regular,no attack,false positive
infrastructure,log,7867,user7867,regular,no attack,false positive
infrastructure,trace,7867,user7867,regular,no attack,false positive
infrastructure,metric,5352,user5352,regular,no attack,false positive
infrastructure,log,5352,user5352,regular,no attack,false positive
infrastructure,trace,5352,user5352,regular,no attack,false positive
infrastructure,metric,6284,user6284,malicious,attack 1,false positive
infrastructure,log,6284,user6284,malicious,attack 1,true positive
infrastructure,trace,6284,user6284,malicious,attack 1,false positive
infrastructure,metric,4288,user4288,malicious,attack 2,false positive
infrastructure,log,4288,user4288,malicious,attack 2,false positive
infrastructure,trace,4288,user4288,malicious,attack 2,true positive
business,metric,4607,user4607,malicious,attack 1,false positive
business,log,4607,user4607,malicious,attack 1,true positive
business,trace,4607,user4607,malicious,attack 1,false positive
business,metric,919,user919,malicious,attack 2,false positive
business,log,919,user919,malicious,attack 2,false positive
business,trace,919,user919,malicious,attack 2,true positive
business,metric,9945,user9945,malicious,attack 1,false positive
business,log,9945,user9945,malicious,attack 1,true positive
business,trace,9945,user9945,malicious,attack 1,false positive
infrastructure,metric,8777,user8777,regular,no attack,false positive
infrastructure,log,8777,user8777,regular,no attack,false positive
infrastructure,trace,8777,user8777,regular,no attack,false positive
infrastructure,metric,1009,user1009,malicious,attack 2,false positive
infrastructure,log,1009,user1009,malicious,attack 2,false positive
infrastructure,trace,1009,user1009,malicious,attack 2,true positive
business,metric,103,user103,malicious,attack 1,false positive
business,log,103,user103,malicious,attack 1,true positive
business,trace,103,user103,malicious,attack 1,false positive
business,metric,9768,user9768,malicious,attack 1,false positive
business,log,9768,user9768,malicious,attack 1,true positive
business,trace,9768,user9768,malicious,attack 1,false positive
infrastructure,metric,6978,user6978,malicious,attack 2,false positive
infrastructure,log,6978,user6978,malicious,attack 2,false positive
infrastructure,trace,6978,user6978,malicious,attack 2,true positive
infrastructure,metric,2174,user2174,malicious,attack 2,false positive
infrastructure,log,2174,user2174,malicious,attack 2,false positive
infrastructure,trace,2174,user2174,malicious,attack 2,true positive
infrastructure,metric,7858,user7858,malicious,attack 2,false positive
infrastructure,log,7858,user7858,malicious,attack 2,false positive
infrastructure,trace,7858,user7858,malicious,attack 2,true positive
business,metric,7411,user7411,malicious,attack 2,false positive
business,log,7411,user7411,malicious,attack 2,false positive
business,trace,7411,user7411,malicious,attack 2,true positive
business,metric,5855,user5855,regular,no attack,false positive
business,log,5855,user5855,regular,no attack,false positive
business,trace,5855,user5855,regular,no attack,false positive
infrastructure,metric,9486,user9486,malicious,attack 1,false positive
infrastructure,log,9486,user9486,malicious,attack 1,true positive
infrastructure,trace,9486,user9486,malicious,attack 1,false positive
infrastructure,metric,1377,user1377,regular,no attack,false positive
infrastructure,log,1377,user1377,regular,no attack,false positive
infrastructure,trace,1377,user1377,regular,no attack,false positive
infrastructure,metric,2306,user2306,malicious,attack 2,false positive
infrastructure,log,2306,user2306,malicious,attack 2,false positive
infrastructure,trace,2306,user2306,malicious,attack 2,true positive
business,metric,5165,user5165,regular,no attack,false positive
business,log,5165,user5165,regular,no attack,false positive
business,trace,5165,user5165,regular,no attack,false positive
business,metric,69,user69,malicious,attack 1,false positive
business,log,69,user69,malicious,attack 1,true positive
business,trace,69,user69,malicious,attack 1,false positive
infrastructure,metric,1827,user1827,regular,no attack,false positive
infrastructure,log,1827,user1827,regular,no attack,false positive
infrastructure,trace,1827,user1827,regular,no attack,false positive
infrastructure,metric,2190,user2190,malicious,attack 2,false positive
infrastructure,log,2190,user2190,malicious,attack 2,false positive
infrastructure,trace,2190,user2190,malicious,attack 2,true positive
infrastructure,metric,6878,user6878,malicious,attack 1,false positive
infrastructure,log,6878,user6878,malicious,attack 1,true positive
infrastructure,trace,6878,user6878,malicious,attack 1,false positive
infrastructure,metric,8679,user8679,malicious,attack 1,false positive
infrastructure,log,8679,user8679,malicious,attack 1,true positive
infrastructure,trace,8679,user8679,malicious,attack 1,false positive
business,metric,4494,user4494,malicious,attack 1,false positive
business,log,4494,user4494,malicious,attack 1,true positive
business,trace,4494,user4494,malicious,attack 1,false positive
business,metric,6528,user6528,regular,no attack,false positive
business,log,6528,user6528,regular,no attack,false positive
business,trace,6528,user6528,regular,no attack,false positive
infrastructure,metric,1643,user1643,malicious,attack 1,false positive
infrastructure,log,1643,user1643,malicious,attack 1,true positive
infrastructure,trace,1643,user1643,malicious,attack 1,false positive
infrastructure,metric,7785,user7785,malicious,attack 2,false positive
infrastructure,log,7785,user7785,malicious,attack 2,false positive
infrastructure,trace,7785,user7785,malicious,attack 2,true positive
infrastructure,metric,1801,user1801,malicious,attack 2,false positive
infrastructure,log,1801,user1801,malicious,attack 2,false positive
infrastructure,trace,1801,user1801,malicious,attack 2,true positive
infrastructure,metric,2047,user2047,malicious,attack 2,false positive
infrastructure,log,2047,user2047,malicious,attack 2,false positive
infrastructure,trace,2047,user2047,malicious,attack 2,true positive
business,metric,2901,user2901,malicious,attack 1,false positive
business,log,2901,user2901,malicious,attack 1,true positive
business,trace,2901,user2901,malicious,attack 1,false positive
infrastructure,metric,4244,user4244,malicious,attack 2,false positive
infrastructure,log,4244,user4244,malicious,attack 2,false positive
infrastructure,trace,4244,user4244,malicious,attack 2,true positive
infrastructure,metric,5231,user5231,regular,no attack,false positive
infrastructure,log,5231,user5231,regular,no attack,false positive
infrastructure,trace,5231,user5231,regular,no attack,false positive
business,metric,4429,user4429,malicious,attack 2,false positive
business,log,4429,user4429,malicious,attack 2,false positive
business,trace,4429,user4429,malicious,attack 2,true positive
infrastructure,metric,3604,user3604,regular,no attack,false positive
infrastructure,log,3604,user3604,regular,no attack,false positive
infrastructure,trace,3604,user3604,regular,no attack,false positive
infrastructure,metric,7779,user7779,malicious,attack 1,false positive
infrastructure,log,7779,user7779,malicious,attack 1,true positive
infrastructure,trace,7779,user7779,malicious,attack 1,false positive
business,metric,4603,user4603,malicious,attack 1,false positive
business,log,4603,user4603,malicious,attack 1,true positive
business,trace,4603,user4603,malicious,attack 1,false positive
infrastructure,metric,7487,user7487,malicious,attack 1,false positive
infrastructure,log,7487,user7487,malicious,attack 1,true positive
infrastructure,trace,7487,user7487,malicious,attack 1,false positive
business,metric,2889,user2889,malicious,attack 1,false positive
business,log,2889,user2889,malicious,attack 1,true positive
business,trace,2889,user2889,malicious,attack 1,false positive
business,metric,4635,user4635,malicious,attack 1,false positive
business,log,4635,user4635,malicious,attack 1,true positive
business,trace,4635,user4635,malicious,attack 1,false positive
business,metric,6548,user6548,malicious,attack 1,false positive
business,log,6548,user6548,malicious,attack 1,true positive
business,trace,6548,user6548,malicious,attack 1,false positive
infrastructure,metric,3592,user3592,malicious,attack 2,false positive
infrastructure,log,3592,user3592,malicious,attack 2,false positive
infrastructure,trace,3592,user3592,malicious,attack 2,true positive
infrastructure,metric,957,user957,regular,no attack,false positive
infrastructure,log,957,user957,regular,no attack,false positive
infrastructure,trace,957,user957,regular,no attack,false positive
infrastructure,metric,2879,user2879,malicious,attack 1,false positive
infrastructure,log,2879,user2879,malicious,attack 1,true positive
infrastructure,trace,2879,user2879,malicious,attack 1,false positive
infrastructure,metric,3694,user3694,malicious,attack 2,false positive
infrastructure,log,3694,user3694,malicious,attack 2,false positive
infrastructure,trace,3694,user3694,malicious,attack 2,true positive
business,metric,8463,user8463,regular,no attack,false positive
business,log,8463,user8463,regular,no attack,false positive
business,trace,8463,user8463,regular,no attack,false positive
business,metric,9598,user9598,malicious,attack 1,false positive
business,log,9598,user9598,malicious,attack 1,true positive
business,trace,9598,user9598,malicious,attack 1,false positive
business,metric,1621,user1621,malicious,attack 2,false positive
business,log,1621,user1621,malicious,attack 2,false positive
business,trace,1621,user1621,malicious,attack 2,true positive
infrastructure,metric,4833,user4833,malicious,attack 1,false positive
infrastructure,log,4833,user4833,malicious,attack 1,true positive
infrastructure,trace,4833,user4833,malicious,attack 1,false positive
infrastructure,metric,9621,user9621,malicious,attack 2,false positive
infrastructure,log,9621,user9621,malicious,attack 2,false positive
infrastructure,trace,9621,user9621,malicious,attack 2,true positive
infrastructure,metric,2713,user2713,malicious,attack 1,false positive
infrastructure,log,2713,user2713,malicious,attack 1,true positive
infrastructure,trace,2713,user2713,malicious,attack 1,false positive
business,metric,5504,user5504,malicious,attack 2,false positive
business,log,5504,user5504,malicious,attack 2,false positive
business,trace,5504,user5504,malicious,attack 2,true positive
business,metric,4750,user4750,malicious,attack 1,false positive
business,log,4750,user4750,malicious,attack 1,true positive
business,trace,4750,user4750,malicious,attack 1,false positive
business,metric,1560,user1560,malicious,attack 2,false positive
business,log,1560,user1560,malicious,attack 2,false positive
business,trace,1560,user1560,malicious,attack 2,true positive
business,metric,4204,user4204,malicious,attack 2,false positive
business,log,4204,user4204,malicious,attack 2,false positive
business,trace,4204,user4204,malicious,attack 2,true positive
infrastructure,metric,977,user977,malicious,attack 2,false positive
infrastructure,log,977,user977,malicious,attack 2,false positive
infrastructure,trace,977,user977,malicious,attack 2,true positive
infrastructure,metric,1343,user1343,malicious,attack 1,false positive
infrastructure,log,1343,user1343,malicious,attack 1,true positive
infrastructure,trace,1343,user1343,malicious,attack 1,false positive
business,metric,6883,user6883,malicious,attack 1,false positive
business,log,6883,user6883,malicious,attack 1,true positive
business,trace,6883,user6883,malicious,attack 1,false positive
business,metric,526,user526,regular,no attack,false positive
business,log,526,user526,regular,no attack,false positive
business,trace,526,user526,regular,no attack,false positive
infrastructure,metric,3191,user3191,malicious,attack 2,false positive
infrastructure,log,3191,user3191,malicious,attack 2,false positive
infrastructure,trace,3191,user3191,malicious,attack 2,true positive
infrastructure,metric,444,user444,regular,no attack,false positive
infrastructure,log,444,user444,regular,no attack,false positive
infrastructure,trace,444,user444,regular,no attack,false positive
business,metric,8934,user8934,malicious,attack 2,false positive
business,log,8934,user8934,malicious,attack 2,false positive
business,trace,8934,user8934,malicious,attack 2,true positive
infrastructure,metric,1358,user1358,malicious,attack 2,false positive
infrastructure,log,1358,user1358,malicious,attack 2,false positive
infrastructure,trace,1358,user1358,malicious,attack 2,true positive
business,metric,1202,user1202,regular,no attack,false positive
business,log,1202,user1202,regular,no attack,false positive
business,trace,1202,user1202,regular,no attack,false positive
infrastructure,metric,8980,user8980,regular,no attack,false positive
infrastructure,log,8980,user8980,regular,no attack,false positive
infrastructure,trace,8980,user8980,regular,no attack,false positive
business,metric,8374,user8374,malicious,attack 1,false positive
business,log,8374,user8374,malicious,attack 1,true positive
business,trace,8374,user8374,malicious,attack 1,false positive
infrastructure,metric,1329,user1329,malicious,attack 2,false positive
infrastructure,log,1329,user1329,malicious,attack 2,false positive
infrastructure,trace,1329,user1329,malicious,attack 2,true positive
infrastructure,metric,5649,user5649,regular,no attack,false positive
infrastructure,log,5649,user5649,regular,no attack,false positive
infrastructure,trace,5649,user5649,regular,no attack,false positive
infrastructure,metric,9512,user9512,malicious,attack 1,false positive
infrastructure,log,9512,user9512,malicious,attack 1,true positive
infrastructure,trace,9512,user9512,malicious,attack 1,false positive
infrastructure,metric,1945,user1945,malicious,attack 2,false positive
infrastructure,log,1945,user1945,malicious,attack 2,false positive
infrastructure,trace,1945,user1945,malicious,attack 2,true positive
business,metric,4665,user4665,malicious,attack 1,false positive
business,log,4665,user4665,malicious,attack 1,true positive
business,trace,4665,user4665,malicious,attack 1,false positive
infrastructure,metric,7492,user7492,malicious,attack 2,false positive
infrastructure,log,7492,user7492,malicious,attack 2,false positive
infrastructure,trace,7492,user7492,malicious,attack 2,true positive
infrastructure,metric,9026,user9026,regular,no attack,false positive
infrastructure,log,9026,user9026,regular,no attack,false positive
infrastructure,trace,9026,user9026,regular,no attack,false positive
business,metric,8590,user8590,malicious,attack 2,false positive
business,log,8590,user8590,malicious,attack 2,false positive
business,trace,8590,user8590,malicious,attack 2,true positive
business,metric,8577,user8577,malicious,attack 2,false positive
business,log,8577,user8577,malicious,attack 2,false positive
business,trace,8577,user8577,malicious,attack 2,true positive
infrastructure,metric,6733,user6733,malicious,attack 1,false positive
infrastructure,log,6733,user6733,malicious,attack 1,true positive
infrastructure,trace,6733,user6733,malicious,attack 1,false positive
infrastructure,metric,5005,user5005,regular,no attack,false positive
infrastructure,log,5005,user5005,regular,no attack,false positive
infrastructure,trace,5005,user5005,regular,no attack,false positive
business,metric,1392,user1392,malicious,attack 1,false positive
business,log,1392,user1392,malicious,attack 1,true positive
business,trace,1392,user1392,malicious,attack 1,false positive
business,metric,3509,user3509,malicious,attack 1,false positive
business,log,3509,user3509,malicious,attack 1,true positive
business,trace,3509,user3509,malicious,attack 1,false positive
infrastructure,metric,1071,user1071,malicious,attack 2,false positive
infrastructure,log,1071,user1071,malicious,attack 2,false positive
infrastructure,trace,1071,user1071,malicious,attack 2,true positive
infrastructure,metric,3884,user3884,malicious,attack 2,false positive
infrastructure,log,3884,user3884,malicious,attack 2,false positive
infrastructure,trace,3884,user3884,malicious,attack 2,true positive
business,metric,6829,user6829,malicious,attack 2,false positive
business,log,6829,user6829,malicious,attack 2,false positive
business,trace,6829,user6829,malicious,attack 2,true positive
business,metric,8060,user8060,malicious,attack 1,false positive
business,log,8060,user8060,malicious,attack 1,true positive
business,trace,8060,user8060,malicious,attack 1,false positive
business,metric,1351,user1351,regular,no attack,false positive
business,log,1351,user1351,regular,no attack,false positive
business,trace,1351,user1351,regular,no attack,false positive
infrastructure,metric,6120,user6120,regular,no attack,false positive
infrastructure,log,6120,user6120,regular,no attack,false positive
infrastructure,trace,6120,user6120,regular,no attack,false positive
infrastructure,metric,7918,user7918,malicious,attack 1,false positive
infrastructure,log,7918,user7918,malicious,attack 1,true positive
infrastructure,trace,7918,user7918,malicious,attack 1,false positive
business,metric,1981,user1981,malicious,attack 1,false positive
business,log,1981,user1981,malicious,attack 1,true positive
business,trace,1981,user1981,malicious,attack 1,false positive
infrastructure,metric,1838,user1838,malicious,attack 1,false positive
infrastructure,log,1838,user1838,malicious,attack 1,true positive
infrastructure,trace,1838,user1838,malicious,attack 1,false positive
business,metric,7193,user7193,malicious,attack 2,false positive
business,log,7193,user7193,malicious,attack 2,false positive
business,trace,7193,user7193,malicious,attack 2,true positive
infrastructure,metric,7857,user7857,regular,no attack,false positive
infrastructure,log,7857,user7857,regular,no attack,false positive
infrastructure,trace,7857,user7857,regular,no attack,false positive
business,metric,2816,user2816,regular,no attack,false positive
business,log,2816,user2816,regular,no attack,false positive
business,trace,2816,user2816,regular,no attack,false positive
infrastructure,metric,2658,user2658,malicious,attack 1,false positive
infrastructure,log,2658,user2658,malicious,attack 1,true positive
infrastructure,trace,2658,user2658,malicious,attack 1,false positive
infrastructure,metric,5454,user5454,regular,no attack,false positive
infrastructure,log,5454,user5454,regular,no attack,false positive
infrastructure,trace,5454,user5454,regular,no attack,false positive
business,metric,2749,user2749,regular,no attack,false positive
business,log,2749,user2749,regular,no attack,false positive
business,trace,2749,user2749,regular,no attack,false positive
infrastructure,metric,6741,user6741,malicious,attack 1,false positive
infrastructure,log,6741,user6741,malicious,attack 1,true positive
infrastructure,trace,6741,user6741,malicious,attack 1,false positive
business,metric,1698,user1698,malicious,attack 1,false positive
business,log,1698,user1698,malicious,attack 1,true positive
business,trace,1698,user1698,malicious,attack 1,false positive
business,metric,9573,user9573,malicious,attack 1,false positive
business,log,9573,user9573,malicious,attack 1,true positive
business,trace,9573,user9573,malicious,attack 1,false positive
business,metric,5296,user5296,malicious,attack 1,false positive
business,log,5296,user5296,malicious,attack 1,true positive
business,trace,5296,user5296,malicious,attack 1,false positive
infrastructure,metric,9406,user9406,malicious,attack 1,false positive
infrastructure,log,9406,user9406,malicious,attack 1,true positive
infrastructure,trace,9406,user9406,malicious,attack 1,false positive
business,metric,9724,user9724,malicious,attack 2,false positive
business,log,9724,user9724,malicious,attack 2,false positive
business,trace,9724,user9724,malicious,attack 2,true positive
business,metric,2718,user2718,malicious,attack 2,false positive
business,log,2718,user2718,malicious,attack 2,false positive
business,trace,2718,user2718,malicious,attack 2,true positive
infrastructure,metric,887,user887,malicious,attack 1,false positive
infrastructure,log,887,user887,malicious,attack 1,true positive
infrastructure,trace,887,user887,malicious,attack 1,false positive
infrastructure,metric,503,user503,malicious,attack 2,false positive
infrastructure,log,503,user503,malicious,attack 2,false positive
infrastructure,trace,503,user503,malicious,attack 2,true positive
infrastructure,metric,3604,user3604,regular,no attack,false positive
infrastructure,log,3604,user3604,regular,no attack,false positive
infrastructure,trace,3604,user3604,regular,no attack,false positive
business,metric,4748,user4748,malicious,attack 2,false positive
business,log,4748,user4748,malicious,attack 2,false positive
business,trace,4748,user4748,malicious,attack 2,true positive
infrastructure,metric,2795,user2795,malicious,attack 2,false positive
infrastructure,log,2795,user2795,malicious,attack 2,false positive
infrastructure,trace,2795,user2795,malicious,attack 2,true positive
business,metric,2229,user2229,malicious,attack 1,false positive
business,log,2229,user2229,malicious,attack 1,true positive
business,trace,2229,user2229,malicious,attack 1,false positive
infrastructure,metric,7402,user7402,malicious,attack 2,false positive
infrastructure,log,7402,user7402,malicious,attack 2,false positive
infrastructure,trace,7402,user7402,malicious,attack 2,true positive
infrastructure,metric,9528,user9528,malicious,attack 1,false positive
infrastructure,log,9528,user9528,malicious,attack 1,true positive
infrastructure,trace,9528,user9528,malicious,attack 1,false positive
infrastructure,metric,427,user427,malicious,attack 1,false positive
infrastructure,log,427,user427,malicious,attack 1,true positive
infrastructure,trace,427,user427,malicious,attack 1,false positive
infrastructure,metric,1859,user1859,malicious,attack 2,false positive
infrastructure,log,1859,user1859,malicious,attack 2,false positive
infrastructure,trace,1859,user1859,malicious,attack 2,true positive
infrastructure,metric,3710,user3710,malicious,attack 2,false positive
infrastructure,log,3710,user3710,malicious,attack 2,false positive
infrastructure,trace,3710,user3710,malicious,attack 2,true positive
infrastructure,metric,2845,user2845,malicious,attack 2,false positive
infrastructure,log,2845,user2845,malicious,attack 2,false positive
infrastructure,trace,2845,user2845,malicious,attack 2,true positive
business,metric,6005,user6005,malicious,attack 2,false positive
business,log,6005,user6005,malicious,attack 2,false positive
business,trace,6005,user6005,malicious,attack 2,true positive
business,metric,4596,user4596,malicious,attack 1,false positive
business,log,4596,user4596,malicious,attack 1,true positive
business,trace,4596,user4596,malicious,attack 1,false positive
infrastructure,metric,5093,user5093,malicious,attack 1,false positive
infrastructure,log,5093,user5093,malicious,attack 1,true positive
infrastructure,trace,5093,user5093,malicious,attack 1,false positive
infrastructure,metric,1766,user1766,regular,no attack,false positive
infrastructure,log,1766,user1766,regular,no attack,false positive
infrastructure,trace,1766,user1766,regular,no attack,false positive
infrastructure,metric,2450,user2450,regular,no attack,false positive
infrastructure,log,2450,user2450,regular,no attack,false positive
infrastructure,trace,2450,user2450,regular,no attack,false positive
infrastructure,metric,26,user26,regular,no attack,false positive
infrastructure,log,26,user26,regular,no attack,false positive
infrastructure,trace,26,user26,regular,no attack,false positive
infrastructure,metric,2859,user2859,regular,no attack,false positive
infrastructure,log,2859,user2859,regular,no attack,false positive
infrastructure,trace,2859,user2859,regular,no attack,false positive
infrastructure,metric,8293,user8293,regular,no attack,false positive
infrastructure,log,8293,user8293,regular,no attack,false positive
infrastructure,trace,8293,user8293,regular,no attack,false positive
business,metric,2485,user2485,malicious,attack 2,false positive
business,log,2485,user2485,malicious,attack 2,false positive
business,trace,2485,user2485,malicious,attack 2,true positive
business,metric,23,user23,malicious,attack 1,false positive
business,log,23,user23,malicious,attack 1,true positive
business,trace,23,user23,malicious,attack 1,false positive
business,metric,1449,user1449,malicious,attack 2,false positive
business,log,1449,user1449,malicious,attack 2,false positive
business,trace,1449,user1449,malicious,attack 2,true positive
infrastructure,metric,8650,user8650,regular,no attack,false positive
infrastructure,log,8650,user8650,regular,no attack,false positive
infrastructure,trace,8650,user8650,regular,no attack,false positive
business,metric,5644,user5644,malicious,attack 1,false positive
business,log,5644,user5644,malicious,attack 1,true positive
business,trace,5644,user5644,malicious,attack 1,false positive
business,metric,4719,user4719,regular,no attack,false positive
business,log,4719,user4719,regular,no attack,false positive
business,trace,4719,user4719,regular,no attack,false positive
infrastructure,metric,3918,user3918,malicious,attack 2,false positive
infrastructure,log,3918,user3918,malicious,attack 2,false positive
infrastructure,trace,3918,user3918,malicious,attack 2,true positive
business,metric,666,user666,regular,no attack,false positive
business,log,666,user666,regular,no attack,false positive
business,trace,666,user666,regular,no attack,false positive
business,metric,6460,user6460,regular,no attack,false positive
business,log,6460,user6460,regular,no attack,false positive
business,trace,6460,user6460,regular,no attack,false positive
infrastructure,metric,2963,user2963,malicious,attack 2,false positive
infrastructure,log,2963,user2963,malicious,attack 2,false positive
infrastructure,trace,2963,user2963,malicious,attack 2,true positive
business,metric,3640,user3640,malicious,attack 2,false positive
business,log,3640,user3640,malicious,attack 2,false positive
business,trace,3640,user3640,malicious,attack 2,true positive
business,metric,5143,user5143,malicious,attack 1,false positive
business,log,5143,user5143,malicious,attack 1,true positive
business,trace,5143,user5143,malicious,attack 1,false positive
business,metric,7878,user7878,malicious,attack 1,false positive
business,log,7878,user7878,malicious,attack 1,true positive
business,trace,7878,user7878,malicious,attack 1,false positive
business,metric,8268,user8268,regular,no attack,false positive
business,log,8268,user8268,regular,no attack,false positive
business,trace,8268,user8268,regular,no attack,false positive
infrastructure,metric,4580,user4580,malicious,attack 2,false positive
infrastructure,log,4580,user4580,malicious,attack 2,false positive
infrastructure,trace,4580,user4580,malicious,attack 2,true positive
business,metric,2566,user2566,malicious,attack 1,false positive
business,log,2566,user2566,malicious,attack 1,true positive
business,trace,2566,user2566,malicious,attack 1,false positive
infrastructure,metric,2786,user2786,regular,no attack,false positive
infrastructure,log,2786,user2786,regular,no attack,false positive
infrastructure,trace,2786,user2786,regular,no attack,false positive
infrastructure,metric,7650,user7650,malicious,attack 2,false positive
infrastructure,log,7650,user7650,malicious,attack 2,false positive
infrastructure,trace,7650,user7650,malicious,attack 2,true positive
business,metric,8026,user8026,regular,no attack,false positive
business,log,8026,user8026,regular,no attack,false positive
business,trace,8026,user8026,regular,no attack,false positive
business,metric,2942,user2942,malicious,attack 2,false positive
business,log,2942,user2942,malicious,attack 2,false positive
business,trace,2942,user2942,malicious,attack 2,true positive
business,metric,1558,user1558,malicious,attack 1,false positive
business,log,1558,user1558,malicious,attack 1,true positive
business,trace,1558,user1558,malicious,attack 1,false positive
infrastructure,metric,4943,user4943,malicious,attack 1,false positive
infrastructure,log,4943,user4943,malicious,attack 1,true positive
infrastructure,trace,4943,user4943,malicious,attack 1,false positive
infrastructure,metric,6390,user6390,regular,no attack,false positive
infrastructure,log,6390,user6390,regular,no attack,false positive
infrastructure,trace,6390,user6390,regular,no attack,false positive
infrastructure,metric,8346,user8346,malicious,attack 1,false positive
infrastructure,log,8346,user8346,malicious,attack 1,true positive
infrastructure,trace,8346,user8346,malicious,attack 1,false positive
infrastructure,metric,8046,user8046,regular,no attack,false positive
infrastructure,log,8046,user8046,regular,no attack,false positive
infrastructure,trace,8046,user8046,regular,no attack,false positive
infrastructure,metric,2297,user2297,malicious,attack 2,false positive
infrastructure,log,2297,user2297,malicious,attack 2,false positive
infrastructure,trace,2297,user2297,malicious,attack 2,true positive
business,metric,7349,user7349,malicious,attack 1,false positive
business,log,7349,user7349,malicious,attack 1,true positive
business,trace,7349,user7349,malicious,attack 1,false positive
business,metric,2181,user2181,malicious,attack 2,false positive
business,log,2181,user2181,malicious,attack 2,false positive
business,trace,2181,user2181,malicious,attack 2,true positive
business,metric,239,user239,malicious,attack 1,false positive
business,log,239,user239,malicious,attack 1,true positive
business,trace,239,user239,malicious,attack 1,false positive
business,metric,5470,user5470,regular,no attack,false positive
business,log,5470,user5470,regular,no attack,false positive
business,trace,5470,user5470,regular,no attack,false positive
infrastructure,metric,8808,user8808,malicious,attack 2,false positive
infrastructure,log,8808,user8808,malicious,attack 2,false positive
infrastructure,trace,8808,user8808,malicious,attack 2,true positive
infrastructure,metric,4886,user4886,malicious,attack 2,false positive
infrastructure,log,4886,user4886,malicious,attack 2,false positive
infrastructure,trace,4886,user4886,malicious,attack 2,true positive
business,metric,8816,user8816,regular,no attack,false positive
business,log,8816,user8816,regular,no attack,false positive
business,trace,8816,user8816,regular,no attack,false positive
business,metric,5720,user5720,malicious,attack 2,false positive
business,log,5720,user5720,malicious,attack 2,false positive
business,trace,5720,user5720,malicious,attack 2,true positive
business,metric,4257,user4257,malicious,attack 1,false positive
business,log,4257,user4257,malicious,attack 1,true positive
business,trace,4257,user4257,malicious,attack 1,false positive
infrastructure,metric,2511,user2511,malicious,attack 2,false positive
infrastructure,log,2511,user2511,malicious,attack 2,false positive
infrastructure,trace,2511,user2511,malicious,attack 2,true positive
business,metric,9843,user9843,malicious,attack 1,false positive
business,log,9843,user9843,malicious,attack 1,true positive
business,trace,9843,user9843,malicious,attack 1,false positive
infrastructure,metric,8684,user8684,regular,no attack,false positive
infrastructure,log,8684,user8684,regular,no attack,false positive
infrastructure,trace,8684,user8684,regular,no attack,false positive
infrastructure,metric,9012,user9012,malicious,attack 1,false positive
infrastructure,log,9012,user9012,malicious,attack 1,true positive
infrastructure,trace,9012,user9012,malicious,attack 1,false positive
infrastructure,metric,3510,user3510,regular,no attack,false positive
infrastructure,log,3510,user3510,regular,no attack,false positive
infrastructure,trace,3510,user3510,regular,no attack,false positive
infrastructure,metric,4601,user4601,malicious,attack 1,false positive
infrastructure,log,4601,user4601,malicious,attack 1,true positive
infrastructure,trace,4601,user4601,malicious,attack 1,false positive
infrastructure,metric,8231,user8231,malicious,attack 2,false positive
infrastructure,log,8231,user8231,malicious,attack 2,false positive
infrastructure,trace,8231,user8231,malicious,attack 2,true positive
business,metric,7200,user7200,malicious,attack 1,false positive
business,log,7200,user7200,malicious,attack 1,true positive
business,trace,7200,user7200,malicious,attack 1,false positive
infrastructure,metric,2372,user2372,malicious,attack 2,false positive
infrastructure,log,2372,user2372,malicious,attack 2,false positive
infrastructure,trace,2372,user2372,malicious,attack 2,true positive
infrastructure,metric,66,user66,regular,no attack,false positive
infrastructure,log,66,user66,regular,no attack,false positive
infrastructure,trace,66,user66,regular,no attack,false positive
business,metric,4740,user4740,malicious,attack 2,false positive
business,log,4740,user4740,malicious,attack 2,false positive
business,trace,4740,user4740,malicious,attack 2,true positive
infrastructure,metric,58,user58,malicious,attack 2,false positive
infrastructure,log,58,user58,malicious,attack 2,false positive
infrastructure,trace,58,user58,malicious,attack 2,true positive
infrastructure,metric,855,user855,malicious,attack 1,false positive
infrastructure,log,855,user855,malicious,attack 1,true positive
infrastructure,trace,855,user855,malicious,attack 1,false positive
business,metric,9950,user9950,malicious,attack 1,false positive
business,log,9950,user9950,malicious,attack 1,true positive
business,trace,9950,user9950,malicious,attack 1,false positive
business,metric,3298,user3298,regular,no attack,false positive
business,log,3298,user3298,regular,no attack,false positive
business,trace,3298,user3298,regular,no attack,false positive
business,metric,7352,user7352,malicious,attack 1,false positive
business,log,7352,user7352,malicious,attack 1,true positive
business,trace,7352,user7352,malicious,attack 1,false positive
infrastructure,metric,1762,user1762,malicious,attack 2,false positive
infrastructure,log,1762,user1762,malicious,attack 2,false positive
infrastructure,trace,1762,user1762,malicious,attack 2,true positive
infrastructure,metric,614,user614,malicious,attack 2,false positive
infrastructure,log,614,user614,malicious,attack 2,false positive
infrastructure,trace,614,user614,malicious,attack 2,true positive
infrastructure,metric,9627,user9627,regular,no attack,false positive
infrastructure,log,9627,user9627,regular,no attack,false positive
infrastructure,trace,9627,user9627,regular,no attack,false positive
infrastructure,metric,7835,user7835,regular,no attack,false positive
infrastructure,log,7835,user7835,regular,no attack,false positive
infrastructure,trace,7835,user7835,regular,no attack,false positive
infrastructure,metric,6679,user6679,regular,no attack,false positive
infrastructure,log,6679,user6679,regular,no attack,false positive
infrastructure,trace,6679,user6679,regular,no attack,false positive
infrastructure,metric,8262,user8262,malicious,attack 1,false positive
infrastructure,log,8262,user8262,malicious,attack 1,true positive
infrastructure,trace,8262,user8262,malicious,attack 1,false positive
infrastructure,metric,4633,user4633,malicious,attack 2,false positive
infrastructure,log,4633,user4633,malicious,attack 2,false positive
infrastructure,trace,4633,user4633,malicious,attack 2,true positive
business,metric,3898,user3898,malicious,attack 1,false positive
business,log,3898,user3898,malicious,attack 1,true positive
business,trace,3898,user3898,malicious,attack 1,false positive
infrastructure,metric,5592,user5592,malicious,attack 1,false positive
infrastructure,log,5592,user5592,malicious,attack 1,true positive
infrastructure,trace,5592,user5592,malicious,attack 1,false positive
business,metric,1106,user1106,malicious,attack 1,false positive
business,log,1106,user1106,malicious,attack 1,true positive
business,trace,1106,user1106,malicious,attack 1,false positive
infrastructure,metric,2058,user2058,malicious,attack 2,false positive
infrastructure,log,2058,user2058,malicious,attack 2,false positive
infrastructure,trace,2058,user2058,malicious,attack 2,true positive
business,metric,9419,user9419,malicious,attack 2,false positive
business,log,9419,user9419,malicious,attack 2,false positive
business,trace,9419,user9419,malicious,attack 2,true positive
business,metric,9600,user9600,malicious,attack 1,false positive
business,log,9600,user9600,malicious,attack 1,true positive
business,trace,9600,user9600,malicious,attack 1,false positive
business,metric,9870,user9870,malicious,attack 2,false positive
business,log,9870,user9870,malicious,attack 2,false positive
business,trace,9870,user9870,malicious,attack 2,true positive
business,metric,1690,user1690,malicious,attack 1,false positive
business,log,1690,user1690,malicious,attack 1,true positive
business,trace,1690,user1690,malicious,attack 1,false positive
business,metric,2566,user2566,malicious,attack 1,false positive
business,log,2566,user2566,malicious,attack 1,true positive
business,trace,2566,user2566,malicious,attack 1,false positive
business,metric,947,user947,malicious,attack 2,false positive
business,log,947,user947,malicious,attack 2,false positive
business,trace,947,user947,malicious,attack 2,true positive
infrastructure,metric,7101,user7101,malicious,attack 2,false positive
infrastructure,log,7101,user7101,malicious,attack 2,false positive
infrastructure,trace,7101,user7101,malicious,attack 2,true positive
infrastructure,metric,4858,user4858,regular,no attack,false positive
infrastructure,log,4858,user4858,regular,no attack,false positive
infrastructure,trace,4858,user4858,regular,no attack,false positive
infrastructure,metric,5965,user5965,regular,no attack,false positive
infrastructure,log,5965,user5965,regular,no attack,false positive
infrastructure,trace,5965,user5965,regular,no attack,false positive
business,metric,1734,user1734,regular,no attack,false positive
business,log,1734,user1734,regular,no attack,false positive
business,trace,1734,user1734,regular,no attack,false positive
business,metric,8764,user8764,malicious,attack 1,false positive
business,log,8764,user8764,malicious,attack 1,true positive
business,trace,8764,user8764,malicious,attack 1,false positive
infrastructure,metric,3514,user3514,regular,no attack,false positive
infrastructure,log,3514,user3514,regular,no attack,false positive
infrastructure,trace,3514,user3514,regular,no attack,false positive
business,metric,1615,user1615,regular,no attack,false positive
business,log,1615,user1615,regular,no attack,false positive
business,trace,1615,user1615,regular,no attack,false positive
infrastructure,metric,7611,user7611,regular,no attack,false positive
infrastructure,log,7611,user7611,regular,no attack,false positive
infrastructure,trace,7611,user7611,regular,no attack,false positive
business,metric,4157,user4157,regular,no attack,false positive
business,log,4157,user4157,regular,no attack,false positive
business,trace,4157,user4157,regular,no attack,false positive
infrastructure,metric,355,user355,malicious,attack 2,false positive
infrastructure,log,355,user355,malicious,attack 2,false positive
infrastructure,trace,355,user355,malicious,attack 2,true positive
infrastructure,metric,5866,user5866,malicious,attack 2,false positive
infrastructure,log,5866,user5866,malicious,attack 2,false positive
infrastructure,trace,5866,user5866,malicious,attack 2,true positive
business,metric,6423,user6423,malicious,attack 2,false positive
business,log,6423,user6423,malicious,attack 2,false positive
business,trace,6423,user6423,malicious,attack 2,true positive
business,metric,6771,user6771,malicious,attack 1,false positive
business,log,6771,user6771,malicious,attack 1,true positive
business,trace,6771,user6771,malicious,attack 1,false positive
business,metric,8482,user8482,regular,no attack,false positive
business,log,8482,user8482,regular,no attack,false positive
business,trace,8482,user8482,regular,no attack,false positive
infrastructure,metric,3273,user3273,malicious,attack 2,false positive
infrastructure,log,3273,user3273,malicious,attack 2,false positive
infrastructure,trace,3273,user3273,malicious,attack 2,true positive
infrastructure,metric,4166,user4166,regular,no attack,false positive
infrastructure,log,4166,user4166,regular,no attack,false positive
infrastructure,trace,4166,user4166,regular,no attack,false positive
business,metric,1339,user1339,malicious,attack 2,false positive
business,log,1339,user1339,malicious,attack 2,false positive
business,trace,1339,user1339,malicious,attack 2,true positive
business,metric,4162,user4162,malicious,attack 2,false positive
business,log,4162,user4162,malicious,attack 2,false positive
business,trace,4162,user4162,malicious,attack 2,true positive
business,metric,2198,user2198,malicious,attack 2,false positive
business,log,2198,user2198,malicious,attack 2,false positive
business,trace,2198,user2198,malicious,attack 2,true positive
infrastructure,metric,5158,user5158,malicious,attack 1,false positive
infrastructure,log,5158,user5158,malicious,attack 1,true positive
infrastructure,trace,5158,user5158,malicious,attack 1,false positive
business,metric,9900,user9900,regular,no attack,false positive
business,log,9900,user9900,regular,no attack,false positive
business,trace,9900,user9900,regular,no attack,false positive
business,metric,4619,user4619,malicious,attack 2,false positive
business,log,4619,user4619,malicious,attack 2,false positive
business,trace,4619,user4619,malicious,attack 2,true positive
infrastructure,metric,4776,user4776,malicious,attack 2,false positive
infrastructure,log,4776,user4776,malicious,attack 2,false positive
infrastructure,trace,4776,user4776,malicious,attack 2,true positive
business,metric,1472,user1472,malicious,attack 1,false positive
business,log,1472,user1472,malicious,attack 1,true positive
business,trace,1472,user1472,malicious,attack 1,false positive
business,metric,9028,user9028,regular,no attack,false positive
business,log,9028,user9028,regular,no attack,false positive
business,trace,9028,user9028,regular,no attack,false positive
infrastructure,metric,2945,user2945,malicious,attack 1,false positive
infrastructure,log,2945,user2945,malicious,attack 1,true positive
infrastructure,trace,2945,user2945,malicious,attack 1,false positive
infrastructure,metric,6424,user6424,regular,no attack,false positive
infrastructure,log,6424,user6424,regular,no attack,false positive
infrastructure,trace,6424,user6424,regular,no attack,false positive
infrastructure,metric,5576,user5576,malicious,attack 2,false positive
infrastructure,log,5576,user5576,malicious,attack 2,false positive
infrastructure,trace,5576,user5576,malicious,attack 2,true positive
business,metric,5596,user5596,malicious,attack 2,false positive
business,log,5596,user5596,malicious,attack 2,false positive
business,trace,5596,user5596,malicious,attack 2,true positive
business,metric,9169,user9169,regular,no attack,false positive
business,log,9169,user9169,regular,no attack,false positive
business,trace,9169,user9169,regular,no attack,false positive
business,metric,3142,user3142,malicious,attack 2,false positive
business,log,3142,user3142,malicious,attack 2,false positive
business,trace,3142,user3142,malicious,attack 2,true positive
business,metric,2568,user2568,malicious,attack 2,false positive
business,log,2568,user2568,malicious,attack 2,false positive
business,trace,2568,user2568,malicious,attack 2,true positive
business,metric,5071,user5071,malicious,attack 2,false positive
business,log,5071,user5071,malicious,attack 2,false positive
business,trace,5071,user5071,malicious,attack 2,true positive
infrastructure,metric,8768,user8768,malicious,attack 2,false positive
infrastructure,log,8768,user8768,malicious,attack 2,false positive
infrastructure,trace,8768,user8768,malicious,attack 2,true positive
infrastructure,metric,7704,user7704,regular,no attack,false positive
infrastructure,log,7704,user7704,regular,no attack,false positive
infrastructure,trace,7704,user7704,regular,no attack,false positive
infrastructure,metric,6659,user6659,malicious,attack 2,false positive
infrastructure,log,6659,user6659,malicious,attack 2,false positive
infrastructure,trace,6659,user6659,malicious,attack 2,true positive
business,metric,4909,user4909,malicious,attack 1,false positive
business,log,4909,user4909,malicious,attack 1,true positive
business,trace,4909,user4909,malicious,attack 1,false positive
business,metric,8652,user8652,malicious,attack 1,false positive
business,log,8652,user8652,malicious,attack 1,true positive
business,trace,8652,user8652,malicious,attack 1,false positive
business,metric,4525,user4525,malicious,attack 2,false positive
business,log,4525,user4525,malicious,attack 2,false positive
business,trace,4525,user4525,malicious,attack 2,true positive
infrastructure,metric,179,user179,malicious,attack 2,false positive
infrastructure,log,179,user179,malicious,attack 2,false positive
infrastructure,trace,179,user179,malicious,attack 2,true positive
infrastructure,metric,991,user991,regular,no attack,false positive
infrastructure,log,991,user991,regular,no attack,false positive
infrastructure,trace,991,user991,regular,no attack,false positive
business,metric,8131,user8131,malicious,attack 2,false positive
business,log,8131,user8131,malicious,attack 2,false positive
business,trace,8131,user8131,malicious,attack 2,true positive
infrastructure,metric,3867,user3867,malicious,attack 2,false positive
infrastructure,log,3867,user3867,malicious,attack 2,false positive
infrastructure,trace,3867,user3867,malicious,attack 2,true positive
infrastructure,metric,8889,user8889,malicious,attack 2,false positive
infrastructure,log,8889,user8889,malicious,attack 2,false positive
infrastructure,trace,8889,user8889,malicious,attack 2,true positive
business,metric,5847,user5847,malicious,attack 2,false positive
business,log,5847,user5847,malicious,attack 2,false positive
business,trace,5847,user5847,malicious,attack 2,true positive
infrastructure,metric,1807,user1807,regular,no attack,false positive
infrastructure,log,1807,user1807,regular,no attack,false positive
infrastructure,trace,1807,user1807,regular,no attack,false positive
infrastructure,metric,3456,user3456,malicious,attack 2,false positive
infrastructure,log,3456,user3456,malicious,attack 2,false positive
infrastructure,trace,3456,user3456,malicious,attack 2,true positive
business,metric,280,user280,regular,no attack,false positive
business,log,280,user280,regular,no attack,false positive
business,trace,280,user280,regular,no attack,false positive
business,metric,4374,user4374,malicious,attack 2,false positive
business,log,4374,user4374,malicious,attack 2,false positive
business,trace,4374,user4374,malicious,attack 2,true positive
infrastructure,metric,1220,user1220,malicious,attack 2,false positive
infrastructure,log,1220,user1220,malicious,attack 2,false positive
infrastructure,trace,1220,user1220,malicious,attack 2,true positive
business,metric,5077,user5077,malicious,attack 1,false positive
business,log,5077,user5077,malicious,attack 1,true positive
business,trace,5077,user5077,malicious,attack 1,false positive
business,metric,8759,user8759,malicious,attack 2,false positive
business,log,8759,user8759,malicious,attack 2,false positive
business,trace,8759,user8759,malicious,attack 2,true positive
business,metric,3400,user3400,regular,no attack,false positive
business,log,3400,user3400,regular,no attack,false positive
business,trace,3400,user3400,regular,no attack,false positive
infrastructure,metric,7271,user7271,malicious,attack 1,false positive
infrastructure,log,7271,user7271,malicious,attack 1,true positive
infrastructure,trace,7271,user7271,malicious,attack 1,false positive
infrastructure,metric,105,user105,malicious,attack 1,false positive
infrastructure,log,105,user105,malicious,attack 1,true positive
infrastructure,trace,105,user105,malicious,attack 1,false positive
business,metric,215,user215,malicious,attack 2,false positive
business,log,215,user215,malicious,attack 2,false positive
business,trace,215,user215,malicious,attack 2,true positive
infrastructure,metric,9651,user9651,malicious,attack 1,false positive
infrastructure,log,9651,user9651,malicious,attack 1,true positive
infrastructure,trace,9651,user9651,malicious,attack 1,false positive
business,metric,8234,user8234,malicious,attack 1,false positive
business,log,8234,user8234,malicious,attack 1,true positive
business,trace,8234,user8234,malicious,attack 1,false positive
infrastructure,metric,3095,user3095,regular,no attack,false positive
infrastructure,log,3095,user3095,regular,no attack,false positive
infrastructure,trace,3095,user3095,regular,no attack,false positive
infrastructure,metric,2107,user2107,malicious,attack 2,false positive
infrastructure,log,2107,user2107,malicious,attack 2,false positive
infrastructure,trace,2107,user2107,malicious,attack 2,true positive
infrastructure,metric,8483,user8483,malicious,attack 1,false positive
infrastructure,log,8483,user8483,malicious,attack 1,true positive
infrastructure,trace,8483,user8483,malicious,attack 1,false positive
business,metric,1426,user1426,malicious,attack 2,false positive
business,log,1426,user1426,malicious,attack 2,false positive
business,trace,1426,user1426,malicious,attack 2,true positive
infrastructure,metric,227,user227,regular,no attack,false positive
infrastructure,log,227,user227,regular,no attack,false positive
infrastructure,trace,227,user227,regular,no attack,false positive
infrastructure,metric,3864,user3864,regular,no attack,false positive
infrastructure,log,3864,user3864,regular,no attack,false positive
infrastructure,trace,3864,user3864,regular,no attack,false positive
business,metric,7606,user7606,regular,no attack,false positive
business,log,7606,user7606,regular,no attack,false positive
business,trace,7606,user7606,regular,no attack,false positive
business,metric,9243,user9243,malicious,attack 1,false positive
business,log,9243,user9243,malicious,attack 1,true positive
business,trace,9243,user9243,malicious,attack 1,false positive
business,metric,7494,user7494,malicious,attack 1,false positive
business,log,7494,user7494,malicious,attack 1,true positive
business,trace,7494,user7494,malicious,attack 1,false positive
business,metric,8069,user8069,malicious,attack 1,false positive
business,log,8069,user8069,malicious,attack 1,true positive
business,trace,8069,user8069,malicious,attack 1,false positive
business,metric,8098,user8098,malicious,attack 2,false positive
business,log,8098,user8098,malicious,attack 2,false positive
business,trace,8098,user8098,malicious,attack 2,true positive
infrastructure,metric,7392,user7392,malicious,attack 1,false positive
infrastructure,log,7392,user7392,malicious,attack 1,true positive
infrastructure,trace,7392,user7392,malicious,attack 1,false positive
business,metric,9592,user9592,malicious,attack 1,false positive
business,log,9592,user9592,malicious,attack 1,true positive
business,trace,9592,user9592,malicious,attack 1,false positive
infrastructure,metric,2259,user2259,malicious,attack 1,false positive
infrastructure,log,2259,user2259,malicious,attack 1,true positive
infrastructure,trace,2259,user2259,malicious,attack 1,false positive
infrastructure,metric,1290,user1290,regular,no attack,false positive
infrastructure,log,1290,user1290,regular,no attack,false positive
infrastructure,trace,1290,user1290,regular,no attack,false positive
business,metric,1903,user1903,malicious,attack 1,false positive
business,log,1903,user1903,malicious,attack 1,true positive
business,trace,1903,user1903,malicious,attack 1,false positive
business,metric,1253,user1253,malicious,attack 2,false positive
business,log,1253,user1253,malicious,attack 2,false positive
business,trace,1253,user1253,malicious,attack 2,true positive
business,metric,5293,user5293,malicious,attack 2,false positive
business,log,5293,user5293,malicious,attack 2,false positive
business,trace,5293,user5293,malicious,attack 2,true positive
business,metric,6732,user6732,malicious,attack 1,false positive
business,log,6732,user6732,malicious,attack 1,true positive
business,trace,6732,user6732,malicious,attack 1,false positive
infrastructure,metric,8020,user8020,regular,no attack,false positive
infrastructure,log,8020,user8020,regular,no attack,false positive
infrastructure,trace,8020,user8020,regular,no attack,false positive
business,metric,3499,user3499,malicious,attack 2,false positive
business,log,3499,user3499,malicious,attack 2,false positive
business,trace,3499,user3499,malicious,attack 2,true positive
business,metric,2095,user2095,malicious,attack 1,false positive
business,log,2095,user2095,malicious,attack 1,true positive
business,trace,2095,user2095,malicious,attack 1,false positive
business,metric,7083,user7083,regular,no attack,false positive
business,log,7083,user7083,regular,no attack,false positive
business,trace,7083,user7083,regular,no attack,false positive
business,metric,3238,user3238,malicious,attack 1,false positive
business,log,3238,user3238,malicious,attack 1,true positive
business,trace,3238,user3238,malicious,attack 1,false positive
business,metric,872,user872,malicious,attack 2,false positive
business,log,872,user872,malicious,attack 2,false positive
business,trace,872,user872,malicious,attack 2,true positive
business,metric,4985,user4985,malicious,attack 1,false positive
business,log,4985,user4985,malicious,attack 1,true positive
business,trace,4985,user4985,malicious,attack 1,false positive
infrastructure,metric,5621,user5621,malicious,attack 1,false positive
infrastructure,log,5621,user5621,malicious,attack 1,true positive
infrastructure,trace,5621,user5621,malicious,attack 1,false positive
infrastructure,metric,755,user755,malicious,attack 2,false positive
infrastructure,log,755,user755,malicious,attack 2,false positive
infrastructure,trace,755,user755,malicious,attack 2,true positive
business,metric,3106,user3106,malicious,attack 2,false positive
business,log,3106,user3106,malicious,attack 2,false positive
business,trace,3106,user3106,malicious,attack 2,true positive
infrastructure,metric,1897,user1897,malicious,attack 2,false positive
infrastructure,log,1897,user1897,malicious,attack 2,false positive
infrastructure,trace,1897,user1897,malicious,attack 2,true positive
infrastructure,metric,9459,user9459,regular,no attack,false positive
infrastructure,log,9459,user9459,regular,no attack,false positive
infrastructure,trace,9459,user9459,regular,no attack,false positive
infrastructure,metric,56,user56,malicious,attack 2,false positive
infrastructure,log,56,user56,malicious,attack 2,false positive
infrastructure,trace,56,user56,malicious,attack 2,true positive
infrastructure,metric,5227,user5227,malicious,attack 1,false positive
infrastructure,log,5227,user5227,malicious,attack 1,true positive
infrastructure,trace,5227,user5227,malicious,attack 1,false positive
business,metric,8978,user8978,malicious,attack 1,false positive
business,log,8978,user8978,malicious,attack 1,true positive
business,trace,8978,user8978,malicious,attack 1,false positive
business,metric,1081,user1081,malicious,attack 1,false positive
business,log,1081,user1081,malicious,attack 1,true positive
business,trace,1081,user1081,malicious,attack 1,false positive
business,metric,9736,user9736,malicious,attack 2,false positive
business,log,9736,user9736,malicious,attack 2,false positive
business,trace,9736,user9736,malicious,attack 2,true positive
business,metric,516,user516,regular,no attack,false positive
business,log,516,user516,regular,no attack,false positive
business,trace,516,user516,regular,no attack,false positive
infrastructure,metric,6271,user6271,regular,no attack,false positive
infrastructure,log,6271,user6271,regular,no attack,false positive
infrastructure,trace,6271,user6271,regular,no attack,false positive
business,metric,9179,user9179,malicious,attack 1,false positive
business,log,9179,user9179,malicious,attack 1,true positive
business,trace,9179,user9179,malicious,attack 1,false positive
business,metric,5090,user5090,regular,no attack,false positive
business,log,5090,user5090,regular,no attack,false positive
business,trace,5090,user5090,regular,no attack,false positive
business,metric,6281,user6281,malicious,attack 2,false positive
business,log,6281,user6281,malicious,attack 2,false positive
business,trace,6281,user6281,malicious,attack 2,true positive
infrastructure,metric,1325,user1325,malicious,attack 2,false positive
infrastructure,log,1325,user1325,malicious,attack 2,false positive
infrastructure,trace,1325,user1325,malicious,attack 2,true positive
business,metric,3484,user3484,regular,no attack,false positive
business,log,3484,user3484,regular,no attack,false positive
business,trace,3484,user3484,regular,no attack,false positive
infrastructure,metric,2650,user2650,regular,no attack,false positive
infrastructure,log,2650,user2650,regular,no attack,false positive
infrastructure,trace,2650,user2650,regular,no attack,false positive
infrastructure,metric,9396,user9396,malicious,attack 2,false positive
infrastructure,log,9396,user9396,malicious,attack 2,false positive
infrastructure,trace,9396,user9396,malicious,attack 2,true positive
infrastructure,metric,5513,user5513,malicious,attack 2,false positive
infrastructure,log,5513,user5513,malicious,attack 2,false positive
infrastructure,trace,5513,user5513,malicious,attack 2,true positive
business,metric,467,user467,malicious,attack 1,false positive
business,log,467,user467,malicious,attack 1,true positive
business,trace,467,user467,malicious,attack 1,false positive
business,metric,5923,user5923,malicious,attack 1,false positive
business,log,5923,user5923,malicious,attack 1,true positive
business,trace,5923,user5923,malicious,attack 1,false positive
infrastructure,metric,257,user257,regular,no attack,false positive
infrastructure,log,257,user257,regular,no attack,false positive
infrastructure,trace,257,user257,regular,no attack,false positive
business,metric,2295,user2295,malicious,attack 2,false positive
business,log,2295,user2295,malicious,attack 2,false positive
business,trace,2295,user2295,malicious,attack 2,true positive
business,metric,1235,user1235,malicious,attack 2,false positive
business,log,1235,user1235,malicious,attack 2,false positive
business,trace,1235,user1235,malicious,attack 2,true positive
business,metric,710,user710,malicious,attack 2,false positive
business,log,710,user710,malicious,attack 2,false positive
business,trace,710,user710,malicious,attack 2,true positive
business,metric,2021,user2021,malicious,attack 1,false positive
business,log,2021,user2021,malicious,attack 1,true positive
business,trace,2021,user2021,malicious,attack 1,false positive
infrastructure,metric,3523,user3523,malicious,attack 1,false positive
infrastructure,log,3523,user3523,malicious,attack 1,true positive
infrastructure,trace,3523,user3523,malicious,attack 1,false positive
infrastructure,metric,272,user272,malicious,attack 1,false positive
infrastructure,log,272,user272,malicious,attack 1,true positive
infrastructure,trace,272,user272,malicious,attack 1,false positive
infrastructure,metric,747,user747,malicious,attack 2,false positive
infrastructure,log,747,user747,malicious,attack 2,false positive
infrastructure,trace,747,user747,malicious,attack 2,true positive
business,metric,7609,user7609,malicious,attack 1,false positive
business,log,7609,user7609,malicious,attack 1,true positive
business,trace,7609,user7609,malicious,attack 1,false positive
business,metric,2368,user2368,malicious,attack 1,false positive
business,log,2368,user2368,malicious,attack 1,true positive
business,trace,2368,user2368,malicious,attack 1,false positive
business,metric,4070,user4070,malicious,attack 2,false positive
business,log,4070,user4070,malicious,attack 2,false positive
business,trace,4070,user4070,malicious,attack 2,true positive
business,metric,1169,user1169,regular,no attack,false positive
business,log,1169,user1169,regular,no attack,false positive
business,trace,1169,user1169,regular,no attack,false positive
business,metric,7294,user7294,regular,no attack,false positive
business,log,7294,user7294,regular,no attack,false positive
business,trace,7294,user7294,regular,no attack,false positive
infrastructure,metric,2603,user2603,malicious,attack 2,false positive
infrastructure,log,2603,user2603,malicious,attack 2,false positive
infrastructure,trace,2603,user2603,malicious,attack 2,true positive
business,metric,1797,user1797,malicious,attack 2,false positive
business,log,1797,user1797,malicious,attack 2,false positive
business,trace,1797,user1797,malicious,attack 2,true positive
infrastructure,metric,6711,user6711,malicious,attack 2,false positive
infrastructure,log,6711,user6711,malicious,attack 2,false positive
infrastructure,trace,6711,user6711,malicious,attack 2,true positive
infrastructure,metric,9528,user9528,malicious,attack 2,false positive
infrastructure,log,9528,user9528,malicious,attack 2,false positive
infrastructure,trace,9528,user9528,malicious,attack 2,true positive
business,metric,3542,user3542,malicious,attack 1,false positive
business,log,3542,user3542,malicious,attack 1,true positive
business,trace,3542,user3542,malicious,attack 1,false positive
infrastructure,metric,151,user151,malicious,attack 1,false positive
infrastructure,log,151,user151,malicious,attack 1,true positive
infrastructure,trace,151,user151,malicious,attack 1,false positive
infrastructure,metric,2285,user2285,malicious,attack 1,false positive
infrastructure,log,2285,user2285,malicious,attack 1,true positive
infrastructure,trace,2285,user2285,malicious,attack 1,false positive
business,metric,1450,user1450,malicious,attack 2,false positive
business,log,1450,user1450,malicious,attack 2,false positive
business,trace,1450,user1450,malicious,attack 2,true positive
business,metric,1441,user1441,malicious,attack 2,false positive
business,log,1441,user1441,malicious,attack 2,false positive
business,trace,1441,user1441,malicious,attack 2,true positive
business,metric,1710,user1710,malicious,attack 2,false positive
business,log,1710,user1710,malicious,attack 2,false positive
business,trace,1710,user1710,malicious,attack 2,true positive
infrastructure,metric,2607,user2607,malicious,attack 2,false positive
infrastructure,log,2607,user2607,malicious,attack 2,false positive
infrastructure,trace,2607,user2607,malicious,attack 2,true positive
infrastructure,metric,4378,user4378,malicious,attack 2,false positive
infrastructure,log,4378,user4378,malicious,attack 2,false positive
infrastructure,trace,4378,user4378,malicious,attack 2,true positive
business,metric,3304,user3304,regular,no attack,false positive
business,log,3304,user3304,regular,no attack,false positive
business,trace,3304,user3304,regular,no attack,false positive
infrastructure,metric,5953,user5953,malicious,attack 1,false positive
infrastructure,log,5953,user5953,malicious,attack 1,true positive
infrastructure,trace,5953,user5953,malicious,attack 1,false positive
infrastructure,metric,3616,user3616,malicious,attack 2,false positive
infrastructure,log,3616,user3616,malicious,attack 2,false positive
infrastructure,trace,3616,user3616,malicious,attack 2,true positive
business,metric,9224,user9224,malicious,attack 2,false positive
business,log,9224,user9224,malicious,attack 2,false positive
business,trace,9224,user9224,malicious,attack 2,true positive
business,metric,2794,user2794,regular,no attack,false positive
business,log,2794,user2794,regular,no attack,false positive
business,trace,2794,user2794,regular,no attack,false positive
infrastructure,metric,194,user194,malicious,attack 1,false positive
infrastructure,log,194,user194,malicious,attack 1,true positive
infrastructure,trace,194,user194,malicious,attack 1,false positive
business,metric,4375,user4375,malicious,attack 2,false positive
business,log,4375,user4375,malicious,attack 2,false positive
business,trace,4375,user4375,malicious,attack 2,true positive
business,metric,2622,user2622,malicious,attack 1,false positive
business,log,2622,user2622,malicious,attack 1,true positive
business,trace,2622,user2622,malicious,attack 1,false positive
business,metric,5697,user5697,malicious,attack 1,false positive
business,log,5697,user5697,malicious,attack 1,true positive
business,trace,5697,user5697,malicious,attack 1,false positive
business,metric,1556,user1556,malicious,attack 2,false positive
business,log,1556,user1556,malicious,attack 2,false positive
business,trace,1556,user1556,malicious,attack 2,true positive
infrastructure,metric,4178,user4178,malicious,attack 1,false positive
infrastructure,log,4178,user4178,malicious,attack 1,true positive
infrastructure,trace,4178,user4178,malicious,attack 1,false positive
infrastructure,metric,7076,user7076,regular,no attack,false positive
infrastructure,log,7076,user7076,regular,no attack,false positive
infrastructure,trace,7076,user7076,regular,no attack,false positive
business,metric,7205,user7205,regular,no attack,false positive
business,log,7205,user7205,regular,no attack,false positive
business,trace,7205,user7205,regular,no attack,false positive
infrastructure,metric,8741,user8741,regular,no attack,false positive
infrastructure,log,8741,user8741,regular,no attack,false positive
infrastructure,trace,8741,user8741,regular,no attack,false positive
business,metric,3696,user3696,malicious,attack 2,false positive
business,log,3696,user3696,malicious,attack 2,false positive
business,trace,3696,user3696,malicious,attack 2,true positive
business,metric,8368,user8368,regular,no attack,false positive
business,log,8368,user8368,regular,no attack,false positive
business,trace,8368,user8368,regular,no attack,false positive
business,metric,1073,user1073,malicious,attack 2,false positive
business,log,1073,user1073,malicious,attack 2,false positive
business,trace,1073,user1073,malicious,attack 2,true positive
business,metric,214,user214,regular,no attack,false positive
business,log,214,user214,regular,no attack,false positive
business,trace,214,user214,regular,no attack,false positive
business,metric,8514,user8514,malicious,attack 2,false positive
business,log,8514,user8514,malicious,attack 2,false positive
business,trace,8514,user8514,malicious,attack 2,true positive
business,metric,9315,user9315,malicious,attack 2,false positive
business,log,9315,user9315,malicious,attack 2,false positive
business,trace,9315,user9315,malicious,attack 2,true positive
infrastructure,metric,618,user618,malicious,attack 2,false positive
infrastructure,log,618,user618,malicious,attack 2,false positive
infrastructure,trace,618,user618,malicious,attack 2,true positive
infrastructure,metric,8814,user8814,malicious,attack 2,false positive
infrastructure,log,8814,user8814,malicious,attack 2,false positive
infrastructure,trace,8814,user8814,malicious,attack 2,true positive
business,metric,5049,user5049,malicious,attack 1,false positive
business,log,5049,user5049,malicious,attack 1,true positive
business,trace,5049,user5049,malicious,attack 1,false positive
business,metric,3019,user3019,malicious,attack 1,false positive
business,log,3019,user3019,malicious,attack 1,true positive
business,trace,3019,user3019,malicious,attack 1,false positive
business,metric,1856,user1856,malicious,attack 1,false positive
business,log,1856,user1856,malicious,attack 1,true positive
business,trace,1856,user1856,malicious,attack 1,false positive
infrastructure,metric,4458,user4458,regular,no attack,false positive
infrastructure,log,4458,user4458,regular,no attack,false positive
infrastructure,trace,4458,user4458,regular,no attack,false positive
infrastructure,metric,9137,user9137,malicious,attack 2,false positive
infrastructure,log,9137,user9137,malicious,attack 2,false positive
infrastructure,trace,9137,user9137,malicious,attack 2,true positive
infrastructure,metric,9237,user9237,malicious,attack 1,false positive
infrastructure,log,9237,user9237,malicious,attack 1,true positive
infrastructure,trace,9237,user9237,malicious,attack 1,false positive
business,metric,7528,user7528,malicious,attack 2,false positive
business,log,7528,user7528,malicious,attack 2,false positive
business,trace,7528,user7528,malicious,attack 2,true positive
infrastructure,metric,2887,user2887,malicious,attack 1,false positive
infrastructure,log,2887,user2887,malicious,attack 1,true positive
infrastructure,trace,2887,user2887,malicious,attack 1,false positive
infrastructure,metric,5399,user5399,regular,no attack,false positive
infrastructure,log,5399,user5399,regular,no attack,false positive
infrastructure,trace,5399,user5399,regular,no attack,false positive
infrastructure,metric,2674,user2674,malicious,attack 1,false positive
infrastructure,log,2674,user2674,malicious,attack 1,true positive
infrastructure,trace,2674,user2674,malicious,attack 1,false positive
business,metric,6082,user6082,malicious,attack 1,false positive
business,log,6082,user6082,malicious,attack 1,true positive
business,trace,6082,user6082,malicious,attack 1,false positive
business,metric,878,user878,regular,no attack,false positive
business,log,878,user878,regular,no attack,false positive
business,trace,878,user878,regular,no attack,false positive
business,metric,6373,user6373,regular,no attack,false positive
business,log,6373,user6373,regular,no attack,false positive
business,trace,6373,user6373,regular,no attack,false positive
infrastructure,metric,4744,user4744,malicious,attack 2,false positive
infrastructure,log,4744,user4744,malicious,attack 2,false positive
infrastructure,trace,4744,user4744,malicious,attack 2,true positive
infrastructure,metric,2097,user2097,malicious,attack 2,false positive
infrastructure,log,2097,user2097,malicious,attack 2,false positive
infrastructure,trace,2097,user2097,malicious,attack 2,true positive
infrastructure,metric,838,user838,malicious,attack 2,false positive
infrastructure,log,838,user838,malicious,attack 2,false positive
infrastructure,trace,838,user838,malicious,attack 2,true positive
business,metric,7447,user7447,malicious,attack 1,false positive
business,log,7447,user7447,malicious,attack 1,true positive
business,trace,7447,user7447,malicious,attack 1,false positive
infrastructure,metric,2595,user2595,regular,no attack,false positive
infrastructure,log,2595,user2595,regular,no attack,false positive
infrastructure,trace,2595,user2595,regular,no attack,false positive
business,metric,7639,user7639,malicious,attack 2,false positive
business,log,7639,user7639,malicious,attack 2,false positive
business,trace,7639,user7639,malicious,attack 2,true positive
infrastructure,metric,3300,user3300,malicious,attack 1,false positive
infrastructure,log,3300,user3300,malicious,attack 1,true positive
infrastructure,trace,3300,user3300,malicious,attack 1,false positive
business,metric,1905,user1905,malicious,attack 2,false positive
business,log,1905,user1905,malicious,attack 2,false positive
business,trace,1905,user1905,malicious,attack 2,true positive
business,metric,33,user33,malicious,attack 2,false positive
business,log,33,user33,malicious,attack 2,false positive
business,trace,33,user33,malicious,attack 2,true positive
infrastructure,metric,5208,user5208,malicious,attack 2,false positive
infrastructure,log,5208,user5208,malicious,attack 2,false positive
infrastructure,trace,5208,user5208,malicious,attack 2,true positive
business,metric,5507,user5507,regular,no attack,false positive
business,log,5507,user5507,regular,no attack,false positive
business,trace,5507,user5507,regular,no attack,false positive
business,metric,4452,user4452,malicious,attack 1,false positive
business,log,4452,user4452,malicious,attack 1,true positive
business,trace,4452,user4452,malicious,attack 1,false positive
infrastructure,metric,5610,user5610,regular,no attack,false positive
infrastructure,log,5610,user5610,regular,no attack,false positive
infrastructure,trace,5610,user5610,regular,no attack,false positive
infrastructure,metric,8723,user8723,regular,no attack,false positive
infrastructure,log,8723,user8723,regular,no attack,false positive
infrastructure,trace,8723,user8723,regular,no attack,false positive
business,metric,3577,user3577,malicious,attack 2,false positive
business,log,3577,user3577,malicious,attack 2,false positive
business,trace,3577,user3577,malicious,attack 2,true positive
business,metric,6027,user6027,malicious,attack 1,false positive
business,log,6027,user6027,malicious,attack 1,true positive
business,trace,6027,user6027,malicious,attack 1,false positive
business,metric,1562,user1562,malicious,attack 1,false positive
business,log,1562,user1562,malicious,attack 1,true positive
business,trace,1562,user1562,malicious,attack 1,false positive
business,metric,3791,user3791,malicious,attack 2,false positive
business,log,3791,user3791,malicious,attack 2,false positive
business,trace,3791,user3791,malicious,attack 2,true positive
infrastructure,metric,9123,user9123,regular,no attack,false positive
infrastructure,log,9123,user9123,regular,no attack,false positive
infrastructure,trace,9123,user9123,regular,no attack,false positive
business,metric,8171,user8171,malicious,attack 1,false positive
business,log,8171,user8171,malicious,attack 1,true positive
business,trace,8171,user8171,malicious,attack 1,false positive
business,metric,6879,user6879,regular,no attack,false positive
business,log,6879,user6879,regular,no attack,false positive
business,trace,6879,user6879,regular,no attack,false positive
infrastructure,metric,6838,user6838,malicious,attack 2,false positive
infrastructure,log,6838,user6838,malicious,attack 2,false positive
infrastructure,trace,6838,user6838,malicious,attack 2,true positive
business,metric,5339,user5339,malicious,attack 2,false positive
business,log,5339,user5339,malicious,attack 2,false positive
business,trace,5339,user5339,malicious,attack 2,true positive
infrastructure,metric,6385,user6385,regular,no attack,false positive
infrastructure,log,6385,user6385,regular,no attack,false positive
infrastructure,trace,6385,user6385,regular,no attack,false positive
business,metric,1092,user1092,malicious,attack 2,false positive
business,log,1092,user1092,malicious,attack 2,false positive
business,trace,1092,user1092,malicious,attack 2,true positive
infrastructure,metric,4146,user4146,malicious,attack 2,false positive
infrastructure,log,4146,user4146,malicious,attack 2,false positive
infrastructure,trace,4146,user4146,malicious,attack 2,true positive
business,metric,6164,user6164,regular,no attack,false positive
business,log,6164,user6164,regular,no attack,false positive
business,trace,6164,user6164,regular,no attack,false positive
infrastructure,metric,1951,user1951,malicious,attack 1,false positive
infrastructure,log,1951,user1951,malicious,attack 1,true positive
infrastructure,trace,1951,user1951,malicious,attack 1,false positive
infrastructure,metric,3589,user3589,malicious,attack 2,false positive
infrastructure,log,3589,user3589,malicious,attack 2,false positive
infrastructure,trace,3589,user3589,malicious,attack 2,true positive
business,metric,7258,user7258,malicious,attack 1,false positive
business,log,7258,user7258,malicious,attack 1,true positive
business,trace,7258,user7258,malicious,attack 1,false positive
business,metric,222,user222,regular,no attack,false positive
business,log,222,user222,regular,no attack,false positive
business,trace,222,user222,regular,no attack,false positive
business,metric,1253,user1253,malicious,attack 2,false positive
business,log,1253,user1253,malicious,attack 2,false positive
business,trace,1253,user1253,malicious,attack 2,true positive
infrastructure,metric,697,user697,malicious,attack 1,false positive
infrastructure,log,697,user697,malicious,attack 1,true positive
infrastructure,trace,697,user697,malicious,attack 1,false positive
business,metric,3294,user3294,regular,no attack,false positive
business,log,3294,user3294,regular,no attack,false positive
business,trace,3294,user3294,regular,no attack,false positive
business,metric,580,user580,malicious,attack 1,false positive
business,log,580,user580,malicious,attack 1,true positive
business,trace,580,user580,malicious,attack 1,false positive
infrastructure,metric,7387,user7387,malicious,attack 1,false positive
infrastructure,log,7387,user7387,malicious,attack 1,true positive
infrastructure,trace,7387,user7387,malicious,attack 1,false positive
business,metric,6794,user6794,malicious,attack 1,false positive
business,log,6794,user6794,malicious,attack 1,true positive
business,trace,6794,user6794,malicious,attack 1,false positive
business,metric,772,user772,malicious,attack 2,false positive
business,log,772,user772,malicious,attack 2,false positive
business,trace,772,user772,malicious,attack 2,true positive
infrastructure,metric,3433,user3433,malicious,attack 1,false positive
infrastructure,log,3433,user3433,malicious,attack 1,true positive
infrastructure,trace,3433,user3433,malicious,attack 1,false positive
infrastructure,metric,1342,user1342,malicious,attack 1,false positive
infrastructure,log,1342,user1342,malicious,attack 1,true positive
infrastructure,trace,1342,user1342,malicious,attack 1,false positive
infrastructure,metric,8873,user8873,malicious,attack 1,false positive
infrastructure,log,8873,user8873,malicious,attack 1,true positive
infrastructure,trace,8873,user8873,malicious,attack 1,false positive
infrastructure,metric,391,user391,malicious,attack 2,false positive
infrastructure,log,391,user391,malicious,attack 2,false positive
infrastructure,trace,391,user391,malicious,attack 2,true positive
infrastructure,metric,3164,user3164,malicious,attack 1,false positive
infrastructure,log,3164,user3164,malicious,attack 1,true positive
infrastructure,trace,3164,user3164,malicious,attack 1,false positive
business,metric,4436,user4436,regular,no attack,false positive
business,log,4436,user4436,regular,no attack,false positive
business,trace,4436,user4436,regular,no attack,false positive
infrastructure,metric,9935,user9935,malicious,attack 2,false positive
infrastructure,log,9935,user9935,malicious,attack 2,false positive
infrastructure,trace,9935,user9935,malicious,attack 2,true positive
business,metric,660,user660,malicious,attack 2,false positive
business,log,660,user660,malicious,attack 2,false positive
business,trace,660,user660,malicious,attack 2,true positive
business,metric,874,user874,malicious,attack 1,false positive
business,log,874,user874,malicious,attack 1,true positive
business,trace,874,user874,malicious,attack 1,false positive
business,metric,6592,user6592,malicious,attack 1,false positive
business,log,6592,user6592,malicious,attack 1,true positive
business,trace,6592,user6592,malicious,attack 1,false positive
infrastructure,metric,3824,user3824,regular,no attack,false positive
infrastructure,log,3824,user3824,regular,no attack,false positive
infrastructure,trace,3824,user3824,regular,no attack,false positive
infrastructure,metric,9386,user9386,malicious,attack 2,false positive
infrastructure,log,9386,user9386,malicious,attack 2,false positive
infrastructure,trace,9386,user9386,malicious,attack 2,true positive
business,metric,3719,user3719,regular,no attack,false positive
business,log,3719,user3719,regular,no attack,false positive
business,trace,3719,user3719,regular,no attack,false positive
infrastructure,metric,1517,user1517,malicious,attack 1,false positive
infrastructure,log,1517,user1517,malicious,attack 1,true positive
infrastructure,trace,1517,user1517,malicious,attack 1,false positive
infrastructure,metric,9171,user9171,regular,no attack,false positive
infrastructure,log,9171,user9171,regular,no attack,false positive
infrastructure,trace,9171,user9171,regular,no attack,false positive
infrastructure,metric,352,user352,malicious,attack 1,false positive
infrastructure,log,352,user352,malicious,attack 1,true positive
infrastructure,trace,352,user352,malicious,attack 1,false positive
business,metric,7124,user7124,malicious,attack 1,false positive
business,log,7124,user7124,malicious,attack 1,true positive
business,trace,7124,user7124,malicious,attack 1,false positive
business,metric,5677,user5677,malicious,attack 2,false positive
business,log,5677,user5677,malicious,attack 2,false positive
business,trace,5677,user5677,malicious,attack 2,true positive
business,metric,2759,user2759,malicious,attack 2,false positive
business,log,2759,user2759,malicious,attack 2,false positive
business,trace,2759,user2759,malicious,attack 2,true positive
infrastructure,metric,9935,user9935,malicious,attack 2,false positive
infrastructure,log,9935,user9935,malicious,attack 2,false positive
infrastructure,trace,9935,user9935,malicious,attack 2,true positive
business,metric,9301,user9301,malicious,attack 2,false positive
business,log,9301,user9301,malicious,attack 2,false positive
business,trace,9301,user9301,malicious,attack 2,true positive
business,metric,4450,user4450,malicious,attack 1,false positive
business,log,4450,user4450,malicious,attack 1,true positive
business,trace,4450,user4450,malicious,attack 1,false positive
infrastructure,metric,2724,user2724,malicious,attack 1,false positive
infrastructure,log,2724,user2724,malicious,attack 1,true positive
infrastructure,trace,2724,user2724,malicious,attack 1,false positive
business,metric,1607,user1607,malicious,attack 1,false positive
business,log,1607,user1607,malicious,attack 1,true positive
business,trace,1607,user1607,malicious,attack 1,false positive
infrastructure,metric,9045,user9045,malicious,attack 2,false positive
infrastructure,log,9045,user9045,malicious,attack 2,false positive
infrastructure,trace,9045,user9045,malicious,attack 2,true positive
business,metric,4404,user4404,malicious,attack 1,false positive
business,log,4404,user4404,malicious,attack 1,true positive
business,trace,4404,user4404,malicious,attack 1,false positive
infrastructure,metric,6027,user6027,malicious,attack 1,false positive
infrastructure,log,6027,user6027,malicious,attack 1,true positive
infrastructure,trace,6027,user6027,malicious,attack 1,false positive
business,metric,8409,user8409,malicious,attack 2,false positive
business,log,8409,user8409,malicious,attack 2,false positive
business,trace,8409,user8409,malicious,attack 2,true positive
business,metric,8975,user8975,malicious,attack 1,false positive
business,log,8975,user8975,malicious,attack 1,true positive
business,trace,8975,user8975,malicious,attack 1,false positive
business,metric,6487,user6487,regular,no attack,false positive
business,log,6487,user6487,regular,no attack,false positive
business,trace,6487,user6487,regular,no attack,false positive
infrastructure,metric,6048,user6048,malicious,attack 2,false positive
infrastructure,log,6048,user6048,malicious,attack 2,false positive
infrastructure,trace,6048,user6048,malicious,attack 2,true positive
business,metric,7824,user7824,malicious,attack 2,false positive
business,log,7824,user7824,malicious,attack 2,false positive
business,trace,7824,user7824,malicious,attack 2,true positive
business,metric,5878,user5878,malicious,attack 2,false positive
business,log,5878,user5878,malicious,attack 2,false positive
business,trace,5878,user5878,malicious,attack 2,true positive
business,metric,3237,user3237,malicious,attack 1,false positive
business,log,3237,user3237,malicious,attack 1,true positive
business,trace,3237,user3237,malicious,attack 1,false positive
business,metric,5902,user5902,regular,no attack,false positive
business,log,5902,user5902,regular,no attack,false positive
business,trace,5902,user5902,regular,no attack,false positive
business,metric,6427,user6427,regular,no attack,false positive
business,log,6427,user6427,regular,no attack,false positive
business,trace,6427,user6427,regular,no attack,false positive
business,metric,932,user932,malicious,attack 1,false positive
business,log,932,user932,malicious,attack 1,true positive
business,trace,932,user932,malicious,attack 1,false positive
business,metric,4765,user4765,malicious,attack 1,false positive
business,log,4765,user4765,malicious,attack 1,true positive
business,trace,4765,user4765,malicious,attack 1,false positive
business,metric,6358,user6358,malicious,attack 2,false positive
business,log,6358,user6358,malicious,attack 2,false positive
business,trace,6358,user6358,malicious,attack 2,true positive
business,metric,3505,user3505,malicious,attack 2,false positive
business,log,3505,user3505,malicious,attack 2,false positive
business,trace,3505,user3505,malicious,attack 2,true positive
infrastructure,metric,3492,user3492,malicious,attack 1,false positive
infrastructure,log,3492,user3492,malicious,attack 1,true positive
infrastructure,trace,3492,user3492,malicious,attack 1,false positive
business,metric,4203,user4203,regular,no attack,false positive
business,log,4203,user4203,regular,no attack,false positive
business,trace,4203,user4203,regular,no attack,false positive
infrastructure,metric,3096,user3096,regular,no attack,false positive
infrastructure,log,3096,user3096,regular,no attack,false positive
infrastructure,trace,3096,user3096,regular,no attack,false positive
infrastructure,metric,9427,user9427,regular,no attack,false positive
infrastructure,log,9427,user9427,regular,no attack,false positive
infrastructure,trace,9427,user9427,regular,no attack,false positive
business,metric,4152,user4152,malicious,attack 2,false positive
business,log,4152,user4152,malicious,attack 2,false positive
business,trace,4152,user4152,malicious,attack 2,true positive
infrastructure,metric,252,user252,regular,no attack,false positive
infrastructure,log,252,user252,regular,no attack,false positive
infrastructure,trace,252,user252,regular,no attack,false positive
infrastructure,metric,9449,user9449,malicious,attack 1,false positive
infrastructure,log,9449,user9449,malicious,attack 1,true positive
infrastructure,trace,9449,user9449,malicious,attack 1,false positive
business,metric,2178,user2178,malicious,attack 2,false positive
business,log,2178,user2178,malicious,attack 2,false positive
business,trace,2178,user2178,malicious,attack 2,true positive
business,metric,4460,user4460,malicious,attack 2,false positive
business,log,4460,user4460,malicious,attack 2,false positive
business,trace,4460,user4460,malicious,attack 2,true positive
infrastructure,metric,106,user106,regular,no attack,false positive
infrastructure,log,106,user106,regular,no attack,false positive
infrastructure,trace,106,user106,regular,no attack,false positive
infrastructure,metric,5036,user5036,malicious,attack 1,false positive
infrastructure,log,5036,user5036,malicious,attack 1,true positive
infrastructure,trace,5036,user5036,malicious,attack 1,false positive
infrastructure,metric,5327,user5327,malicious,attack 2,false positive
infrastructure,log,5327,user5327,malicious,attack 2,false positive
infrastructure,trace,5327,user5327,malicious,attack 2,true positive
infrastructure,metric,2585,user2585,malicious,attack 1,false positive
infrastructure,log,2585,user2585,malicious,attack 1,true positive
infrastructure,trace,2585,user2585,malicious,attack 1,false positive
business,metric,352,user352,malicious,attack 1,false positive
business,log,352,user352,malicious,attack 1,true positive
business,trace,352,user352,malicious,attack 1,false positive
infrastructure,metric,4126,user4126,regular,no attack,false positive
infrastructure,log,4126,user4126,regular,no attack,false positive
infrastructure,trace,4126,user4126,regular,no attack,false positive
infrastructure,metric,9989,user9989,malicious,attack 1,false positive
infrastructure,log,9989,user9989,malicious,attack 1,true positive
infrastructure,trace,9989,user9989,malicious,attack 1,false positive
business,metric,1971,user1971,malicious,attack 1,false positive
business,log,1971,user1971,malicious,attack 1,true positive
business,trace,1971,user1971,malicious,attack 1,false positive
infrastructure,metric,8544,user8544,malicious,attack 1,false positive
infrastructure,log,8544,user8544,malicious,attack 1,true positive
infrastructure,trace,8544,user8544,malicious,attack 1,false positive
infrastructure,metric,7,user7,regular,no attack,false positive
infrastructure,log,7,user7,regular,no attack,false positive
infrastructure,trace,7,user7,regular,no attack,false positive
business,metric,8777,user8777,regular,no attack,false positive
business,log,8777,user8777,regular,no attack,false positive
business,trace,8777,user8777,regular,no attack,false positive
business,metric,5483,user5483,malicious,attack 2,false positive
business,log,5483,user5483,malicious,attack 2,false positive
business,trace,5483,user5483,malicious,attack 2,true positive
business,metric,6265,user6265,malicious,attack 2,false positive
business,log,6265,user6265,malicious,attack 2,false positive
business,trace,6265,user6265,malicious,attack 2,true positive
business,metric,2893,user2893,malicious,attack 2,false positive
business,log,2893,user2893,malicious,attack 2,false positive
business,trace,2893,user2893,malicious,attack 2,true positive
business,metric,819,user819,malicious,attack 2,false positive
business,log,819,user819,malicious,attack 2,false positive
business,trace,819,user819,malicious,attack 2,true positive
infrastructure,metric,6895,user6895,malicious,attack 2,false positive
infrastructure,log,6895,user6895,malicious,attack 2,false positive
infrastructure,trace,6895,user6895,malicious,attack 2,true positive
business,metric,6967,user6967,regular,no attack,false positive
business,log,6967,user6967,regular,no attack,false positive
business,trace,6967,user6967,regular,no attack,false positive
infrastructure,metric,7564,user7564,malicious,attack 1,false positive
infrastructure,log,7564,user7564,malicious,attack 1,true positive
infrastructure,trace,7564,user7564,malicious,attack 1,false positive
business,metric,4235,user4235,malicious,attack 1,false positive
business,log,4235,user4235,malicious,attack 1,true positive
business,trace,4235,user4235,malicious,attack 1,false positive
business,metric,3872,user3872,malicious,attack 1,false positive
business,log,3872,user3872,malicious,attack 1,true positive
business,trace,3872,user3872,malicious,attack 1,false positive
business,metric,4299,user4299,malicious,attack 1,false positive
business,log,4299,user4299,malicious,attack 1,true positive
business,trace,4299,user4299,malicious,attack 1,false positive
business,metric,4038,user4038,malicious,attack 1,false positive
business,log,4038,user4038,malicious,attack 1,true positive
business,trace,4038,user4038,malicious,attack 1,false positive
business,metric,6261,user6261,malicious,attack 2,false positive
business,log,6261,user6261,malicious,attack 2,false positive
business,trace,6261,user6261,malicious,attack 2,true positive
infrastructure,metric,4055,user4055,regular,no attack,false positive
infrastructure,log,4055,user4055,regular,no attack,false positive
infrastructure,trace,4055,user4055,regular,no attack,false positive
business,metric,4360,user4360,regular,no attack,false positive
business,log,4360,user4360,regular,no attack,false positive
business,trace,4360,user4360,regular,no attack,false positive
infrastructure,metric,6070,user6070,regular,no attack,false positive
infrastructure,log,6070,user6070,regular,no attack,false positive
infrastructure,trace,6070,user6070,regular,no attack,false positive
infrastructure,metric,3429,user3429,malicious,attack 2,false positive
infrastructure,log,3429,user3429,malicious,attack 2,false positive
infrastructure,trace,3429,user3429,malicious,attack 2,true positive
infrastructure,metric,1496,user1496,malicious,attack 2,false positive
infrastructure,log,1496,user1496,malicious,attack 2,false positive
infrastructure,trace,1496,user1496,malicious,attack 2,true positive
business,metric,9925,user9925,malicious,attack 2,false positive
business,log,9925,user9925,malicious,attack 2,false positive
business,trace,9925,user9925,malicious,attack 2,true positive
infrastructure,metric,4368,user4368,regular,no attack,false positive
infrastructure,log,4368,user4368,regular,no attack,false positive
infrastructure,trace,4368,user4368,regular,no attack,false positive
infrastructure,metric,9081,user9081,malicious,attack 2,false positive
infrastructure,log,9081,user9081,malicious,attack 2,false positive
infrastructure,trace,9081,user9081,malicious,attack 2,true positive
infrastructure,metric,9269,user9269,regular,no attack,false positive
infrastructure,log,9269,user9269,regular,no attack,false positive
infrastructure,trace,9269,user9269,regular,no attack,false positive
business,metric,1852,user1852,regular,no attack,false positive
business,log,1852,user1852,regular,no attack,false positive
business,trace,1852,user1852,regular,no attack,false positive
infrastructure,metric,6682,user6682,malicious,attack 2,false positive
infrastructure,log,6682,user6682,malicious,attack 2,false positive
infrastructure,trace,6682,user6682,malicious,attack 2,true positive
business,metric,5151,user5151,regular,no attack,false positive
business,log,5151,user5151,regular,no attack,false positive
business,trace,5151,user5151,regular,no attack,false positive
business,metric,4531,user4531,malicious,attack 2,false positive
business,log,4531,user4531,malicious,attack 2,false positive
business,trace,4531,user4531,malicious,attack 2,true positive
infrastructure,metric,6151,user6151,malicious,attack 1,false positive
infrastructure,log,6151,user6151,malicious,attack 1,true positive
infrastructure,trace,6151,user6151,malicious,attack 1,false positive
infrastructure,metric,2772,user2772,regular,no attack,false positive
infrastructure,log,2772,user2772,regular,no attack,false positive
infrastructure,trace,2772,user2772,regular,no attack,false positive
infrastructure,metric,3514,user3514,regular,no attack,false positive
infrastructure,log,3514,user3514,regular,no attack,false positive
infrastructure,trace,3514,user3514,regular,no attack,false positive
business,metric,3613,user3613,regular,no attack,false positive
business,log,3613,user3613,regular,no attack,false positive
business,trace,3613,user3613,regular,no attack,false positive
business,metric,9654,user9654,regular,no attack,false positive
business,log,9654,user9654,regular,no attack,false positive
business,trace,9654,user9654,regular,no attack,false positive
infrastructure,metric,8872,user8872,regular,no attack,false positive
infrastructure,log,8872,user8872,regular,no attack,false positive
infrastructure,trace,8872,user8872,regular,no attack,false positive
business,metric,3530,user3530,malicious,attack 2,false positive
business,log,3530,user3530,malicious,attack 2,false positive
business,trace,3530,user3530,malicious,attack 2,true positive
infrastructure,metric,9423,user9423,malicious,attack 2,false positive
infrastructure,log,9423,user9423,malicious,attack 2,false positive
infrastructure,trace,9423,user9423,malicious,attack 2,true positive
infrastructure,metric,4231,user4231,regular,no attack,false positive
infrastructure,log,4231,user4231,regular,no attack,false positive
infrastructure,trace,4231,user4231,regular,no attack,false positive
business,metric,1729,user1729,malicious,attack 2,false positive
business,log,1729,user1729,malicious,attack 2,false positive
business,trace,1729,user1729,malicious,attack 2,true positive
business,metric,1887,user1887,malicious,attack 1,false positive
business,log,1887,user1887,malicious,attack 1,true positive
business,trace,1887,user1887,malicious,attack 1,false positive
business,metric,5418,user5418,malicious,attack 2,false positive
business,log,5418,user5418,malicious,attack 2,false positive
business,trace,5418,user5418,malicious,attack 2,true positive
infrastructure,metric,7263,user7263,regular,no attack,false positive
infrastructure,log,7263,user7263,regular,no attack,false positive
infrastructure,trace,7263,user7263,regular,no attack,false positive
business,metric,6721,user6721,malicious,attack 1,false positive
business,log,6721,user6721,malicious,attack 1,true positive
business,trace,6721,user6721,malicious,attack 1,false positive
business,metric,2375,user2375,malicious,attack 2,false positive
business,log,2375,user2375,malicious,attack 2,false positive
business,trace,2375,user2375,malicious,attack 2,true positive
business,metric,7582,user7582,regular,no attack,false positive
business,log,7582,user7582,regular,no attack,false positive
business,trace,7582,user7582,regular,no attack,false positive
infrastructure,metric,8321,user8321,malicious,attack 1,false positive
infrastructure,log,8321,user8321,malicious,attack 1,true positive
infrastructure,trace,8321,user8321,malicious,attack 1,false positive
infrastructure,metric,7730,user7730,malicious,attack 1,false positive
infrastructure,log,7730,user7730,malicious,attack 1,true positive
infrastructure,trace,7730,user7730,malicious,attack 1,false positive
business,metric,4172,user4172,malicious,attack 1,false positive
business,log,4172,user4172,malicious,attack 1,true positive
business,trace,4172,user4172,malicious,attack 1,false positive
business,metric,2635,user2635,regular,no attack,false positive
business,log,2635,user2635,regular,no attack,false positive
business,trace,2635,user2635,regular,no attack,false positive
infrastructure,metric,5737,user5737,regular,no attack,false positive
infrastructure,log,5737,user5737,regular,no attack,false positive
infrastructure,trace,5737,user5737,regular,no attack,false positive
business,metric,4311,user4311,malicious,attack 1,false positive
business,log,4311,user4311,malicious,attack 1,true positive
business,trace,4311,user4311,malicious,attack 1,false positive
business,metric,5016,user5016,malicious,attack 2,false positive
business,log,5016,user5016,malicious,attack 2,false positive
business,trace,5016,user5016,malicious,attack 2,true positive
infrastructure,metric,7973,user7973,malicious,attack 2,false positive
infrastructure,log,7973,user7973,malicious,attack 2,false positive
infrastructure,trace,7973,user7973,malicious,attack 2,true positive
business,metric,2778,user2778,malicious,attack 2,false positive
business,log,2778,user2778,malicious,attack 2,false positive
business,trace,2778,user2778,malicious,attack 2,true positive
business,metric,1865,user1865,malicious,attack 2,false positive
business,log,1865,user1865,malicious,attack 2,false positive
business,trace,1865,user1865,malicious,attack 2,true positive
infrastructure,metric,745,user745,regular,no attack,false positive
infrastructure,log,745,user745,regular,no attack,false positive
infrastructure,trace,745,user745,regular,no attack,false positive
infrastructure,metric,5402,user5402,malicious,attack 2,false positive
infrastructure,log,5402,user5402,malicious,attack 2,false positive
infrastructure,trace,5402,user5402,malicious,attack 2,true positive
business,metric,4357,user4357,malicious,attack 2,false positive
business,log,4357,user4357,malicious,attack 2,false positive
business,trace,4357,user4357,malicious,attack 2,true positive
infrastructure,metric,2735,user2735,malicious,attack 1,false positive
infrastructure,log,2735,user2735,malicious,attack 1,true positive
infrastructure,trace,2735,user2735,malicious,attack 1,false positive
infrastructure,metric,7943,user7943,regular,no attack,false positive
infrastructure,log,7943,user7943,regular,no attack,false positive
infrastructure,trace,7943,user7943,regular,no attack,false positive
business,metric,5282,user5282,malicious,attack 1,false positive
business,log,5282,user5282,malicious,attack 1,true positive
business,trace,5282,user5282,malicious,attack 1,false positive
business,metric,557,user557,regular,no attack,false positive
business,log,557,user557,regular,no attack,false positive
business,trace,557,user557,regular,no attack,false positive
infrastructure,metric,2414,user2414,regular,no attack,false positive
infrastructure,log,2414,user2414,regular,no attack,false positive
infrastructure,trace,2414,user2414,regular,no attack,false positive
business,metric,5980,user5980,regular,no attack,false positive
business,log,5980,user5980,regular,no attack,false positive
business,trace,5980,user5980,regular,no attack,false positive
infrastructure,metric,9969,user9969,regular,no attack,false positive
infrastructure,log,9969,user9969,regular,no attack,false positive
infrastructure,trace,9969,user9969,regular,no attack,false positive
infrastructure,metric,3070,user3070,regular,no attack,false positive
infrastructure,log,3070,user3070,regular,no attack,false positive
infrastructure,trace,3070,user3070,regular,no attack,false positive
infrastructure,metric,8600,user8600,malicious,attack 1,false positive
infrastructure,log,8600,user8600,malicious,attack 1,true positive
infrastructure,trace,8600,user8600,malicious,attack 1,false positive
business,metric,827,user827,regular,no attack,false positive
business,log,827,user827,regular,no attack,false positive
business,trace,827,user827,regular,no attack,false positive
infrastructure,metric,6936,user6936,malicious,attack 1,false positive
infrastructure,log,6936,user6936,malicious,attack 1,true positive
infrastructure,trace,6936,user6936,malicious,attack 1,false positive
infrastructure,metric,9225,user9225,malicious,attack 1,false positive
infrastructure,log,9225,user9225,malicious,attack 1,true positive
infrastructure,trace,9225,user9225,malicious,attack 1,false positive
business,metric,7500,user7500,malicious,attack 2,false positive
business,log,7500,user7500,malicious,attack 2,false positive
business,trace,7500,user7500,malicious,attack 2,true positive
business,metric,6017,user6017,regular,no attack,false positive
business,log,6017,user6017,regular,no attack,false positive
business,trace,6017,user6017,regular,no attack,false positive
business,metric,8184,user8184,malicious,attack 1,false positive
business,log,8184,user8184,malicious,attack 1,true positive
business,trace,8184,user8184,malicious,attack 1,false positive
infrastructure,metric,2338,user2338,malicious,attack 2,false positive
infrastructure,log,2338,user2338,malicious,attack 2,false positive
infrastructure,trace,2338,user2338,malicious,attack 2,true positive
business,metric,5246,user5246,malicious,attack 1,false positive
business,log,5246,user5246,malicious,attack 1,true positive
business,trace,5246,user5246,malicious,attack 1,false positive
infrastructure,metric,9982,user9982,regular,no attack,false positive
infrastructure,log,9982,user9982,regular,no attack,false positive
infrastructure,trace,9982,user9982,regular,no attack,false positive
infrastructure,metric,6704,user6704,malicious,attack 1,false positive
infrastructure,log,6704,user6704,malicious,attack 1,true positive
infrastructure,trace,6704,user6704,malicious,attack 1,false positive
infrastructure,metric,7392,user7392,malicious,attack 2,false positive
infrastructure,log,7392,user7392,malicious,attack 2,false positive
infrastructure,trace,7392,user7392,malicious,attack 2,true positive
business,metric,2016,user2016,regular,no attack,false positive
business,log,2016,user2016,regular,no attack,false positive
business,trace,2016,user2016,regular,no attack,false positive
infrastructure,metric,2906,user2906,malicious,attack 1,false positive
infrastructure,log,2906,user2906,malicious,attack 1,true positive
infrastructure,trace,2906,user2906,malicious,attack 1,false positive
business,metric,8575,user8575,regular,no attack,false positive
business,log,8575,user8575,regular,no attack,false positive
business,trace,8575,user8575,regular,no attack,false positive
infrastructure,metric,5016,user5016,malicious,attack 2,false positive
infrastructure,log,5016,user5016,malicious,attack 2,false positive
infrastructure,trace,5016,user5016,malicious,attack 2,true positive
business,metric,1193,user1193,regular,no attack,false positive
business,log,1193,user1193,regular,no attack,false positive
business,trace,1193,user1193,regular,no attack,false positive
infrastructure,metric,6022,user6022,regular,no attack,false positive
infrastructure,log,6022,user6022,regular,no attack,false positive
infrastructure,trace,6022,user6022,regular,no attack,false positive
business,metric,6150,user6150,malicious,attack 1,false positive
business,log,6150,user6150,malicious,attack 1,true positive
business,trace,6150,user6150,malicious,attack 1,false positive
business,metric,4539,user4539,malicious,attack 2,false positive
business,log,4539,user4539,malicious,attack 2,false positive
business,trace,4539,user4539,malicious,attack 2,true positive
business,metric,5731,user5731,malicious,attack 1,false positive
business,log,5731,user5731,malicious,attack 1,true positive
business,trace,5731,user5731,malicious,attack 1,false positive
business,metric,679,user679,malicious,attack 2,false positive
business,log,679,user679,malicious,attack 2,false positive
business,trace,679,user679,malicious,attack 2,true positive
infrastructure,metric,1937,user1937,malicious,attack 1,false positive
infrastructure,log,1937,user1937,malicious,attack 1,true positive
infrastructure,trace,1937,user1937,malicious,attack 1,false positive
infrastructure,metric,2476,user2476,regular,no attack,false positive
infrastructure,log,2476,user2476,regular,no attack,false positive
infrastructure,trace,2476,user2476,regular,no attack,false positive
infrastructure,metric,4512,user4512,malicious,attack 2,false positive
infrastructure,log,4512,user4512,malicious,attack 2,false positive
infrastructure,trace,4512,user4512,malicious,attack 2,true positive
business,metric,6238,user6238,malicious,attack 2,false positive
business,log,6238,user6238,malicious,attack 2,false positive
business,trace,6238,user6238,malicious,attack 2,true positive
infrastructure,metric,2643,user2643,malicious,attack 2,false positive
infrastructure,log,2643,user2643,malicious,attack 2,false positive
infrastructure,trace,2643,user2643,malicious,attack 2,true positive
business,metric,8721,user8721,malicious,attack 2,false positive
business,log,8721,user8721,malicious,attack 2,false positive
business,trace,8721,user8721,malicious,attack 2,true positive
business,metric,4582,user4582,regular,no attack,false positive
business,log,4582,user4582,regular,no attack,false positive
business,trace,4582,user4582,regular,no attack,false positive
infrastructure,metric,7637,user7637,regular,no attack,false positive
infrastructure,log,7637,user7637,regular,no attack,false positive
infrastructure,trace,7637,user7637,regular,no attack,false positive
business,metric,4929,user4929,malicious,attack 1,false positive
business,log,4929,user4929,malicious,attack 1,true positive
business,trace,4929,user4929,malicious,attack 1,false positive
business,metric,6505,user6505,malicious,attack 2,false positive
business,log,6505,user6505,malicious,attack 2,false positive
business,trace,6505,user6505,malicious,attack 2,true positive
business,metric,3419,user3419,malicious,attack 1,false positive
business,log,3419,user3419,malicious,attack 1,true positive
business,trace,3419,user3419,malicious,attack 1,false positive
business,metric,2800,user2800,regular,no attack,false positive
business,log,2800,user2800,regular,no attack,false positive
business,trace,2800,user2800,regular,no attack,false positive
business,metric,806,user806,regular,no attack,false positive
business,log,806,user806,regular,no attack,false positive
business,trace,806,user806,regular,no attack,false positive
infrastructure,metric,6022,user6022,regular,no attack,false positive
infrastructure,log,6022,user6022,regular,no attack,false positive
infrastructure,trace,6022,user6022,regular,no attack,false positive
business,metric,9961,user9961,malicious,attack 1,false positive
business,log,9961,user9961,malicious,attack 1,true positive
business,trace,9961,user9961,malicious,attack 1,false positive
infrastructure,metric,473,user473,regular,no attack,false positive
infrastructure,log,473,user473,regular,no attack,false positive
infrastructure,trace,473,user473,regular,no attack,false positive
infrastructure,metric,1180,user1180,malicious,attack 1,false positive
infrastructure,log,1180,user1180,malicious,attack 1,true positive
infrastructure,trace,1180,user1180,malicious,attack 1,false positive
business,metric,9002,user9002,malicious,attack 2,false positive
business,log,9002,user9002,malicious,attack 2,false positive
business,trace,9002,user9002,malicious,attack 2,true positive
business,metric,6399,user6399,malicious,attack 2,false positive
business,log,6399,user6399,malicious,attack 2,false positive
business,trace,6399,user6399,malicious,attack 2,true positive
business,metric,394,user394,regular,no attack,false positive
business,log,394,user394,regular,no attack,false positive
business,trace,394,user394,regular,no attack,false positive
infrastructure,metric,6842,user6842,regular,no attack,false positive
infrastructure,log,6842,user6842,regular,no attack,false positive
infrastructure,trace,6842,user6842,regular,no attack,false positive
infrastructure,metric,3146,user3146,regular,no attack,false positive
infrastructure,log,3146,user3146,regular,no attack,false positive
infrastructure,trace,3146,user3146,regular,no attack,false positive
infrastructure,metric,2485,user2485,malicious,attack 2,false positive
infrastructure,log,2485,user2485,malicious,attack 2,false positive
infrastructure,trace,2485,user2485,malicious,attack 2,true positive
infrastructure,metric,2622,user2622,malicious,attack 1,false positive
infrastructure,log,2622,user2622,malicious,attack 1,true positive
infrastructure,trace,2622,user2622,malicious,attack 1,false positive
infrastructure,metric,9825,user9825,malicious,attack 1,false positive
infrastructure,log,9825,user9825,malicious,attack 1,true positive
infrastructure,trace,9825,user9825,malicious,attack 1,false positive
infrastructure,metric,7406,user7406,regular,no attack,false positive
infrastructure,log,7406,user7406,regular,no attack,false positive
infrastructure,trace,7406,user7406,regular,no attack,false positive
business,metric,5236,user5236,malicious,attack 1,false positive
business,log,5236,user5236,malicious,attack 1,true positive
business,trace,5236,user5236,malicious,attack 1,false positive
infrastructure,metric,8747,user8747,malicious,attack 1,false positive
infrastructure,log,8747,user8747,malicious,attack 1,true positive
infrastructure,trace,8747,user8747,malicious,attack 1,false positive
infrastructure,metric,7286,user7286,malicious,attack 1,false positive
infrastructure,log,7286,user7286,malicious,attack 1,true positive
infrastructure,trace,7286,user7286,malicious,attack 1,false positive
infrastructure,metric,4114,user4114,regular,no attack,false positive
infrastructure,log,4114,user4114,regular,no attack,false positive
infrastructure,trace,4114,user4114,regular,no attack,false positive
infrastructure,metric,6734,user6734,malicious,attack 2,false positive
infrastructure,log,6734,user6734,malicious,attack 2,false positive
infrastructure,trace,6734,user6734,malicious,attack 2,true positive
infrastructure,metric,957,user957,regular,no attack,false positive
infrastructure,log,957,user957,regular,no attack,false positive
infrastructure,trace,957,user957,regular,no attack,false positive
business,metric,8397,user8397,malicious,attack 1,false positive
business,log,8397,user8397,malicious,attack 1,true positive
business,trace,8397,user8397,malicious,attack 1,false positive
business,metric,8625,user8625,regular,no attack,false positive
business,log,8625,user8625,regular,no attack,false positive
business,trace,8625,user8625,regular,no attack,false positive
business,metric,7313,user7313,malicious,attack 2,false positive
business,log,7313,user7313,malicious,attack 2,false positive
business,trace,7313,user7313,malicious,attack 2,true positive
business,metric,7204,user7204,regular,no attack,false positive
business,log,7204,user7204,regular,no attack,false positive
business,trace,7204,user7204,regular,no attack,false positive
business,metric,748,user748,malicious,attack 2,false positive
business,log,748,user748,malicious,attack 2,false positive
business,trace,748,user748,malicious,attack 2,true positive
business,metric,7456,user7456,malicious,attack 1,false positive
business,log,7456,user7456,malicious,attack 1,true positive
business,trace,7456,user7456,malicious,attack 1,false positive
business,metric,5634,user5634,malicious,attack 1,false positive
business,log,5634,user5634,malicious,attack 1,true positive
business,trace,5634,user5634,malicious,attack 1,false positive
business,metric,1009,user1009,malicious,attack 2,false positive
business,log,1009,user1009,malicious,attack 2,false positive
business,trace,1009,user1009,malicious,attack 2,true positive
infrastructure,metric,9749,user9749,malicious,attack 1,false positive
infrastructure,log,9749,user9749,malicious,attack 1,true positive
infrastructure,trace,9749,user9749,malicious,attack 1,false positive
business,metric,5838,user5838,regular,no attack,false positive
business,log,5838,user5838,regular,no attack,false positive
business,trace,5838,user5838,regular,no attack,false positive
business,metric,3260,user3260,malicious,attack 1,false positive
business,log,3260,user3260,malicious,attack 1,true positive
business,trace,3260,user3260,malicious,attack 1,false positive
business,metric,6801,user6801,malicious,attack 1,false positive
business,log,6801,user6801,malicious,attack 1,true positive
business,trace,6801,user6801,malicious,attack 1,false positive
infrastructure,metric,8716,user8716,malicious,attack 2,false positive
infrastructure,log,8716,user8716,malicious,attack 2,false positive
infrastructure,trace,8716,user8716,malicious,attack 2,true positive
business,metric,6626,user6626,malicious,attack 2,false positive
business,log,6626,user6626,malicious,attack 2,false positive
business,trace,6626,user6626,malicious,attack 2,true positive
infrastructure,metric,52,user52,malicious,attack 1,false positive
infrastructure,log,52,user52,malicious,attack 1,true positive
infrastructure,trace,52,user52,malicious,attack 1,false positive
business,metric,3845,user3845,malicious,attack 2,false positive
business,log,3845,user3845,malicious,attack 2,false positive
business,trace,3845,user3845,malicious,attack 2,true positive
infrastructure,metric,9453,user9453,regular,no attack,false positive
infrastructure,log,9453,user9453,regular,no attack,false positive
infrastructure,trace,9453,user9453,regular,no attack,false positive
infrastructure,metric,469,user469,malicious,attack 1,false positive
infrastructure,log,469,user469,malicious,attack 1,true positive
infrastructure,trace,469,user469,malicious,attack 1,false positive
business,metric,2846,user2846,malicious,attack 1,false positive
business,log,2846,user2846,malicious,attack 1,true positive
business,trace,2846,user2846,malicious,attack 1,false positive
business,metric,4458,user4458,regular,no attack,false positive
business,log,4458,user4458,regular,no attack,false positive
business,trace,4458,user4458,regular,no attack,false positive
infrastructure,metric,5805,user5805,malicious,attack 2,false positive
infrastructure,log,5805,user5805,malicious,attack 2,false positive
infrastructure,trace,5805,user5805,malicious,attack 2,true positive
infrastructure,metric,1316,user1316,malicious,attack 2,false positive
infrastructure,log,1316,user1316,malicious,attack 2,false positive
infrastructure,trace,1316,user1316,malicious,attack 2,true positive
infrastructure,metric,3239,user3239,malicious,attack 1,false positive
infrastructure,log,3239,user3239,malicious,attack 1,true positive
infrastructure,trace,3239,user3239,malicious,attack 1,false positive
business,metric,5933,user5933,regular,no attack,false positive
business,log,5933,user5933,regular,no attack,false positive
business,trace,5933,user5933,regular,no attack,false positive
business,metric,4077,user4077,regular,no attack,false positive
business,log,4077,user4077,regular,no attack,false positive
business,trace,4077,user4077,regular,no attack,false positive
business,metric,4736,user4736,malicious,attack 1,false positive
business,log,4736,user4736,malicious,attack 1,true positive
business,trace,4736,user4736,malicious,attack 1,false positive
business,metric,3350,user3350,malicious,attack 2,false positive
business,log,3350,user3350,malicious,attack 2,false positive
business,trace,3350,user3350,malicious,attack 2,true positive
infrastructure,metric,7378,user7378,malicious,attack 2,false positive
infrastructure,log,7378,user7378,malicious,attack 2,false positive
infrastructure,trace,7378,user7378,malicious,attack 2,true positive
infrastructure,metric,9956,user9956,malicious,attack 2,false positive
infrastructure,log,9956,user9956,malicious,attack 2,false positive
infrastructure,trace,9956,user9956,malicious,attack 2,true positive
business,metric,4810,user4810,malicious,attack 2,false positive
business,log,4810,user4810,malicious,attack 2,false positive
business,trace,4810,user4810,malicious,attack 2,true positive
business,metric,2788,user2788,regular,no attack,false positive
business,log,2788,user2788,regular,no attack,false positive
business,trace,2788,user2788,regular,no attack,false positive
business,metric,407,user407,regular,no attack,false positive
business,log,407,user407,regular,no attack,false positive
business,trace,407,user407,regular,no attack,false positive
business,metric,56,user56,malicious,attack 1,false positive
business,log,56,user56,malicious,attack 1,true positive
business,trace,56,user56,malicious,attack 1,false positive
business,metric,9029,user9029,malicious,attack 2,false positive
business,log,9029,user9029,malicious,attack 2,false positive
business,trace,9029,user9029,malicious,attack 2,true positive
business,metric,1447,user1447,malicious,attack 2,false positive
business,log,1447,user1447,malicious,attack 2,false positive
business,trace,1447,user1447,malicious,attack 2,true positive
business,metric,4629,user4629,malicious,attack 1,false positive
business,log,4629,user4629,malicious,attack 1,true positive
business,trace,4629,user4629,malicious,attack 1,false positive
business,metric,354,user354,malicious,attack 1,false positive
business,log,354,user354,malicious,attack 1,true positive
business,trace,354,user354,malicious,attack 1,false positive
infrastructure,metric,5168,user5168,regular,no attack,false positive
infrastructure,log,5168,user5168,regular,no attack,false positive
infrastructure,trace,5168,user5168,regular,no attack,false positive
infrastructure,metric,3231,user3231,malicious,attack 2,false positive
infrastructure,log,3231,user3231,malicious,attack 2,false positive
infrastructure,trace,3231,user3231,malicious,attack 2,true positive
infrastructure,metric,9763,user9763,malicious,attack 1,false positive
infrastructure,log,9763,user9763,malicious,attack 1,true positive
infrastructure,trace,9763,user9763,malicious,attack 1,false positive
infrastructure,metric,8294,user8294,malicious,attack 2,false positive
infrastructure,log,8294,user8294,malicious,attack 2,false positive
infrastructure,trace,8294,user8294,malicious,attack 2,true positive
infrastructure,metric,6380,user6380,malicious,attack 1,false positive
infrastructure,log,6380,user6380,malicious,attack 1,true positive
infrastructure,trace,6380,user6380,malicious,attack 1,false positive
business,metric,2849,user2849,regular,no attack,false positive
business,log,2849,user2849,regular,no attack,false positive
business,trace,2849,user2849,regular,no attack,false positive
infrastructure,metric,590,user590,malicious,attack 2,false positive
infrastructure,log,590,user590,malicious,attack 2,false positive
infrastructure,trace,590,user590,malicious,attack 2,true positive
business,metric,5089,user5089,regular,no attack,false positive
business,log,5089,user5089,regular,no attack,false positive
business,trace,5089,user5089,regular,no attack,false positive
business,metric,7726,user7726,malicious,attack 2,false positive
business,log,7726,user7726,malicious,attack 2,false positive
business,trace,7726,user7726,malicious,attack 2,true positive
infrastructure,metric,4901,user4901,malicious,attack 2,false positive
infrastructure,log,4901,user4901,malicious,attack 2,false positive
infrastructure,trace,4901,user4901,malicious,attack 2,true positive
infrastructure,metric,8197,user8197,malicious,attack 2,false positive
infrastructure,log,8197,user8197,malicious,attack 2,false positive
infrastructure,trace,8197,user8197,malicious,attack 2,true positive
business,metric,3087,user3087,regular,no attack,false positive
business,log,3087,user3087,regular,no attack,false positive
business,trace,3087,user3087,regular,no attack,false positive
infrastructure,metric,4684,user4684,malicious,attack 2,false positive
infrastructure,log,4684,user4684,malicious,attack 2,false positive
infrastructure,trace,4684,user4684,malicious,attack 2,true positive
business,metric,4299,user4299,malicious,attack 2,false positive
business,log,4299,user4299,malicious,attack 2,false positive
business,trace,4299,user4299,malicious,attack 2,true positive
business,metric,1905,user1905,malicious,attack 2,false positive
business,log,1905,user1905,malicious,attack 2,false positive
business,trace,1905,user1905,malicious,attack 2,true positive
business,metric,9440,user9440,malicious,attack 2,false positive
business,log,9440,user9440,malicious,attack 2,false positive
business,trace,9440,user9440,malicious,attack 2,true positive
infrastructure,metric,5163,user5163,malicious,attack 1,false positive
infrastructure,log,5163,user5163,malicious,attack 1,true positive
infrastructure,trace,5163,user5163,malicious,attack 1,false positive
business,metric,1805,user1805,malicious,attack 1,false positive
business,log,1805,user1805,malicious,attack 1,true positive
business,trace,1805,user1805,malicious,attack 1,false positive
infrastructure,metric,2189,user2189,malicious,attack 1,false positive
infrastructure,log,2189,user2189,malicious,attack 1,true positive
infrastructure,trace,2189,user2189,malicious,attack 1,false positive
infrastructure,metric,1323,user1323,regular,no attack,false positive
infrastructure,log,1323,user1323,regular,no attack,false positive
infrastructure,trace,1323,user1323,regular,no attack,false positive
business,metric,9507,user9507,malicious,attack 2,false positive
business,log,9507,user9507,malicious,attack 2,false positive
business,trace,9507,user9507,malicious,attack 2,true positive
business,metric,4890,user4890,malicious,attack 2,false positive
business,log,4890,user4890,malicious,attack 2,false positive
business,trace,4890,user4890,malicious,attack 2,true positive
business,metric,8429,user8429,malicious,attack 2,false positive
business,log,8429,user8429,malicious,attack 2,false positive
business,trace,8429,user8429,malicious,attack 2,true positive
business,metric,5135,user5135,malicious,attack 1,false positive
business,log,5135,user5135,malicious,attack 1,true positive
business,trace,5135,user5135,malicious,attack 1,false positive
business,metric,1038,user1038,malicious,attack 2,false positive
business,log,1038,user1038,malicious,attack 2,false positive
business,trace,1038,user1038,malicious,attack 2,true positive
business,metric,1561,user1561,malicious,attack 2,false positive
business,log,1561,user1561,malicious,attack 2,false positive
business,trace,1561,user1561,malicious,attack 2,true positive
infrastructure,metric,265,user265,malicious,attack 1,false positive
infrastructure,log,265,user265,malicious,attack 1,true positive
infrastructure,trace,265,user265,malicious,attack 1,false positive
infrastructure,metric,5334,user5334,regular,no attack,false positive
infrastructure,log,5334,user5334,regular,no attack,false positive
infrastructure,trace,5334,user5334,regular,no attack,false positive
business,metric,6727,user6727,malicious,attack 1,false positive
business,log,6727,user6727,malicious,attack 1,true positive
business,trace,6727,user6727,malicious,attack 1,false positive
business,metric,9901,user9901,regular,no attack,false positive
business,log,9901,user9901,regular,no attack,false positive
business,trace,9901,user9901,regular,no attack,false positive
business,metric,3203,user3203,malicious,attack 2,false positive
business,log,3203,user3203,malicious,attack 2,false positive
business,trace,3203,user3203,malicious,attack 2,true positive
infrastructure,metric,3972,user3972,regular,no attack,false positive
infrastructure,log,3972,user3972,regular,no attack,false positive
infrastructure,trace,3972,user3972,regular,no attack,false positive
business,metric,7302,user7302,malicious,attack 2,false positive
business,log,7302,user7302,malicious,attack 2,false positive
business,trace,7302,user7302,malicious,attack 2,true positive
business,metric,572,user572,malicious,attack 1,false positive
business,log,572,user572,malicious,attack 1,true positive
business,trace,572,user572,malicious,attack 1,false positive
business,metric,5590,user5590,malicious,attack 2,false positive
business,log,5590,user5590,malicious,attack 2,false positive
business,trace,5590,user5590,malicious,attack 2,true positive
infrastructure,metric,5984,user5984,malicious,attack 1,false positive
infrastructure,log,5984,user5984,malicious,attack 1,true positive
infrastructure,trace,5984,user5984,malicious,attack 1,false positive
infrastructure,metric,8678,user8678,malicious,attack 1,false positive
infrastructure,log,8678,user8678,malicious,attack 1,true positive
infrastructure,trace,8678,user8678,malicious,attack 1,false positive
business,metric,9524,user9524,malicious,attack 2,false positive
business,log,9524,user9524,malicious,attack 2,false positive
business,trace,9524,user9524,malicious,attack 2,true positive
infrastructure,metric,7187,user7187,malicious,attack 2,false positive
infrastructure,log,7187,user7187,malicious,attack 2,false positive
infrastructure,trace,7187,user7187,malicious,attack 2,true positive
business,metric,5231,user5231,regular,no attack,false positive
business,log,5231,user5231,regular,no attack,false positive
business,trace,5231,user5231,regular,no attack,false positive
business,metric,8075,user8075,malicious,attack 2,false positive
business,log,8075,user8075,malicious,attack 2,false positive
business,trace,8075,user8075,malicious,attack 2,true positive
infrastructure,metric,22,user22,malicious,attack 2,false positive
infrastructure,log,22,user22,malicious,attack 2,false positive
infrastructure,trace,22,user22,malicious,attack 2,true positive
infrastructure,metric,4378,user4378,malicious,attack 1,false positive
infrastructure,log,4378,user4378,malicious,attack 1,true positive
infrastructure,trace,4378,user4378,malicious,attack 1,false positive
infrastructure,metric,6358,user6358,malicious,attack 2,false positive
infrastructure,log,6358,user6358,malicious,attack 2,false positive
infrastructure,trace,6358,user6358,malicious,attack 2,true positive
business,metric,5586,user5586,malicious,attack 2,false positive
business,log,5586,user5586,malicious,attack 2,false positive
business,trace,5586,user5586,malicious,attack 2,true positive
infrastructure,metric,8787,user8787,malicious,attack 2,false positive
infrastructure,log,8787,user8787,malicious,attack 2,false positive
infrastructure,trace,8787,user8787,malicious,attack 2,true positive
business,metric,6485,user6485,malicious,attack 1,false positive
business,log,6485,user6485,malicious,attack 1,true positive
business,trace,6485,user6485,malicious,attack 1,false positive
infrastructure,metric,6974,user6974,malicious,attack 1,false positive
infrastructure,log,6974,user6974,malicious,attack 1,true positive
infrastructure,trace,6974,user6974,malicious,attack 1,false positive
infrastructure,metric,8621,user8621,malicious,attack 1,false positive
infrastructure,log,8621,user8621,malicious,attack 1,true positive
infrastructure,trace,8621,user8621,malicious,attack 1,false positive
business,metric,9432,user9432,malicious,attack 1,false positive
business,log,9432,user9432,malicious,attack 1,true positive
business,trace,9432,user9432,malicious,attack 1,false positive
business,metric,2864,user2864,malicious,attack 1,false positive
business,log,2864,user2864,malicious,attack 1,true positive
business,trace,2864,user2864,malicious,attack 1,false positive
business,metric,4884,user4884,malicious,attack 2,false positive
business,log,4884,user4884,malicious,attack 2,false positive
business,trace,4884,user4884,malicious,attack 2,true positive
infrastructure,metric,3971,user3971,malicious,attack 2,false positive
infrastructure,log,3971,user3971,malicious,attack 2,false positive
infrastructure,trace,3971,user3971,malicious,attack 2,true positive
infrastructure,metric,845,user845,regular,no attack,false positive
infrastructure,log,845,user845,regular,no attack,false positive
infrastructure,trace,845,user845,regular,no attack,false positive
infrastructure,metric,4104,user4104,regular,no attack,false positive
infrastructure,log,4104,user4104,regular,no attack,false positive
infrastructure,trace,4104,user4104,regular,no attack,false positive
business,metric,9625,user9625,malicious,attack 1,false positive
business,log,9625,user9625,malicious,attack 1,true positive
business,trace,9625,user9625,malicious,attack 1,false positive
business,metric,1470,user1470,malicious,attack 1,false positive
business,log,1470,user1470,malicious,attack 1,true positive
business,trace,1470,user1470,malicious,attack 1,false positive
business,metric,3616,user3616,malicious,attack 2,false positive
business,log,3616,user3616,malicious,attack 2,false positive
business,trace,3616,user3616,malicious,attack 2,true positive
business,metric,6242,user6242,malicious,attack 2,false positive
business,log,6242,user6242,malicious,attack 2,false positive
business,trace,6242,user6242,malicious,attack 2,true positive
business,metric,5119,user5119,malicious,attack 2,false positive
business,log,5119,user5119,malicious,attack 2,false positive
business,trace,5119,user5119,malicious,attack 2,true positive
business,metric,2522,user2522,regular,no attack,false positive
business,log,2522,user2522,regular,no attack,false positive
business,trace,2522,user2522,regular,no attack,false positive
infrastructure,metric,6917,user6917,malicious,attack 2,false positive
infrastructure,log,6917,user6917,malicious,attack 2,false positive
infrastructure,trace,6917,user6917,malicious,attack 2,true positive
business,metric,473,user473,regular,no attack,false positive
business,log,473,user473,regular,no attack,false positive
business,trace,473,user473,regular,no attack,false positive
business,metric,9247,user9247,malicious,attack 2,false positive
business,log,9247,user9247,malicious,attack 2,false positive
business,trace,9247,user9247,malicious,attack 2,true positive
business,metric,2226,user2226,regular,no attack,false positive
business,log,2226,user2226,regular,no attack,false positive
business,trace,2226,user2226,regular,no attack,false positive
business,metric,5496,user5496,malicious,attack 2,false positive
business,log,5496,user5496,malicious,attack 2,false positive
business,trace,5496,user5496,malicious,attack 2,true positive
business,metric,6540,user6540,malicious,attack 2,false positive
business,log,6540,user6540,malicious,attack 2,false positive
business,trace,6540,user6540,malicious,attack 2,true positive
infrastructure,metric,2833,user2833,malicious,attack 2,false positive
infrastructure,log,2833,user2833,malicious,attack 2,false positive
infrastructure,trace,2833,user2833,malicious,attack 2,true positive
business,metric,8650,user8650,regular,no attack,false positive
business,log,8650,user8650,regular,no attack,false positive
business,trace,8650,user8650,regular,no attack,false positive
business,metric,7596,user7596,malicious,attack 1,false positive
business,log,7596,user7596,malicious,attack 1,true positive
business,trace,7596,user7596,malicious,attack 1,false positive
business,metric,1461,user1461,regular,no attack,false positive
business,log,1461,user1461,regular,no attack,false positive
business,trace,1461,user1461,regular,no attack,false positive
infrastructure,metric,9625,user9625,malicious,attack 1,false positive
infrastructure,log,9625,user9625,malicious,attack 1,true positive
infrastructure,trace,9625,user9625,malicious,attack 1,false positive
infrastructure,metric,9777,user9777,malicious,attack 1,false positive
infrastructure,log,9777,user9777,malicious,attack 1,true positive
infrastructure,trace,9777,user9777,malicious,attack 1,false positive
infrastructure,metric,6687,user6687,regular,no attack,false positive
infrastructure,log,6687,user6687,regular,no attack,false positive
infrastructure,trace,6687,user6687,regular,no attack,false positive
business,metric,3604,user3604,regular,no attack,false positive
business,log,3604,user3604,regular,no attack,false positive
business,trace,3604,user3604,regular,no attack,false positive
business,metric,1477,user1477,malicious,attack 1,false positive
business,log,1477,user1477,malicious,attack 1,true positive
business,trace,1477,user1477,malicious,attack 1,false positive
business,metric,1690,user1690,malicious,attack 1,false positive
business,log,1690,user1690,malicious,attack 1,true positive
business,trace,1690,user1690,malicious,attack 1,false positive
business,metric,5823,user5823,malicious,attack 1,false positive
business,log,5823,user5823,malicious,attack 1,true positive
business,trace,5823,user5823,malicious,attack 1,false positive
business,metric,9919,user9919,regular,no attack,false positive
business,log,9919,user9919,regular,no attack,false positive
business,trace,9919,user9919,regular,no attack,false positive
business,metric,8337,user8337,malicious,attack 1,false positive
business,log,8337,user8337,malicious,attack 1,true positive
business,trace,8337,user8337,malicious,attack 1,false positive
infrastructure,metric,4294,user4294,regular,no attack,false positive
infrastructure,log,4294,user4294,regular,no attack,false positive
infrastructure,trace,4294,user4294,regular,no attack,false positive
infrastructure,metric,2319,user2319,regular,no attack,false positive
infrastructure,log,2319,user2319,regular,no attack,false positive
infrastructure,trace,2319,user2319,regular,no attack,false positive
business,metric,2338,user2338,malicious,attack 1,false positive
business,log,2338,user2338,malicious,attack 1,true positive
business,trace,2338,user2338,malicious,attack 1,false positive
business,metric,3351,user3351,regular,no attack,false positive
business,log,3351,user3351,regular,no attack,false positive
business,trace,3351,user3351,regular,no attack,false positive
infrastructure,metric,572,user572,malicious,attack 1,false positive
infrastructure,log,572,user572,malicious,attack 1,true positive
infrastructure,trace,572,user572,malicious,attack 1,false positive
business,metric,3885,user3885,malicious,attack 1,false positive
business,log,3885,user3885,malicious,attack 1,true positive
business,trace,3885,user3885,malicious,attack 1,false positive
business,metric,1274,user1274,malicious,attack 1,false positive
business,log,1274,user1274,malicious,attack 1,true positive
business,trace,1274,user1274,malicious,attack 1,false positive
infrastructure,metric,2760,user2760,regular,no attack,false positive
infrastructure,log,2760,user2760,regular,no attack,false positive
infrastructure,trace,2760,user2760,regular,no attack,false positive
infrastructure,metric,3480,user3480,malicious,attack 1,false positive
infrastructure,log,3480,user3480,malicious,attack 1,true positive
infrastructure,trace,3480,user3480,malicious,attack 1,false positive
infrastructure,metric,6076,user6076,regular,no attack,false positive
infrastructure,log,6076,user6076,regular,no attack,false positive
infrastructure,trace,6076,user6076,regular,no attack,false positive
business,metric,2956,user2956,malicious,attack 1,false positive
business,log,2956,user2956,malicious,attack 1,true positive
business,trace,2956,user2956,malicious,attack 1,false positive
business,metric,6529,user6529,regular,no attack,false positive
business,log,6529,user6529,regular,no attack,false positive
business,trace,6529,user6529,regular,no attack,false positive
business,metric,4090,user4090,malicious,attack 1,false positive
business,log,4090,user4090,malicious,attack 1,true positive
business,trace,4090,user4090,malicious,attack 1,false positive
business,metric,16,user16,malicious,attack 2,false positive
business,log,16,user16,malicious,attack 2,false positive
business,trace,16,user16,malicious,attack 2,true positive
infrastructure,metric,5930,user5930,malicious,attack 1,false positive
infrastructure,log,5930,user5930,malicious,attack 1,true positive
infrastructure,trace,5930,user5930,malicious,attack 1,false positive
business,metric,3861,user3861,malicious,attack 2,false positive
business,log,3861,user3861,malicious,attack 2,false positive
business,trace,3861,user3861,malicious,attack 2,true positive
business,metric,7108,user7108,malicious,attack 1,false positive
business,log,7108,user7108,malicious,attack 1,true positive
business,trace,7108,user7108,malicious,attack 1,false positive
business,metric,8492,user8492,malicious,attack 2,false positive
business,log,8492,user8492,malicious,attack 2,false positive
business,trace,8492,user8492,malicious,attack 2,true positive
business,metric,9334,user9334,malicious,attack 1,false positive
business,log,9334,user9334,malicious,attack 1,true positive
business,trace,9334,user9334,malicious,attack 1,false positive
business,metric,8045,user8045,malicious,attack 2,false positive
business,log,8045,user8045,malicious,attack 2,false positive
business,trace,8045,user8045,malicious,attack 2,true positive
infrastructure,metric,1070,user1070,regular,no attack,false positive
infrastructure,log,1070,user1070,regular,no attack,false positive
infrastructure,trace,1070,user1070,regular,no attack,false positive
business,metric,2754,user2754,regular,no attack,false positive
business,log,2754,user2754,regular,no attack,false positive
business,trace,2754,user2754,regular,no attack,false positive
business,metric,8342,user8342,malicious,attack 1,false positive
business,log,8342,user8342,malicious,attack 1,true positive
business,trace,8342,user8342,malicious,attack 1,false positive
business,metric,9293,user9293,malicious,attack 1,false positive
business,log,9293,user9293,malicious,attack 1,true positive
business,trace,9293,user9293,malicious,attack 1,false positive
infrastructure,metric,654,user654,malicious,attack 1,false positive
infrastructure,log,654,user654,malicious,attack 1,true positive
infrastructure,trace,654,user654,malicious,attack 1,false positive
business,metric,488,user488,malicious,attack 2,false positive
business,log,488,user488,malicious,attack 2,false positive
business,trace,488,user488,malicious,attack 2,true positive
business,metric,4899,user4899,malicious,attack 2,false positive
business,log,4899,user4899,malicious,attack 2,false positive
business,trace,4899,user4899,malicious,attack 2,true positive
infrastructure,metric,5923,user5923,malicious,attack 2,false positive
infrastructure,log,5923,user5923,malicious,attack 2,false positive
infrastructure,trace,5923,user5923,malicious,attack 2,true positive
business,metric,225,user225,regular,no attack,false positive
business,log,225,user225,regular,no attack,false positive
business,trace,225,user225,regular,no attack,false positive
business,metric,3837,user3837,malicious,attack 1,false positive
business,log,3837,user3837,malicious,attack 1,true positive
business,trace,3837,user3837,malicious,attack 1,false positive
infrastructure,metric,671,user671,regular,no attack,false positive
infrastructure,log,671,user671,regular,no attack,false positive
infrastructure,trace,671,user671,regular,no attack,false positive
business,metric,8568,user8568,regular,no attack,false positive
business,log,8568,user8568,regular,no attack,false positive
business,trace,8568,user8568,regular,no attack,false positive
business,metric,2634,user2634,malicious,attack 1,false positive
business,log,2634,user2634,malicious,attack 1,true positive
business,trace,2634,user2634,malicious,attack 1,false positive
infrastructure,metric,8975,user8975,malicious,attack 2,false positive
infrastructure,log,8975,user8975,malicious,attack 2,false positive
infrastructure,trace,8975,user8975,malicious,attack 2,true positive
business,metric,2919,user2919,regular,no attack,false positive
business,log,2919,user2919,regular,no attack,false positive
business,trace,2919,user2919,regular,no attack,false positive
business,metric,1291,user1291,malicious,attack 2,false positive
business,log,1291,user1291,malicious,attack 2,false positive
business,trace,1291,user1291,malicious,attack 2,true positive
business,metric,1970,user1970,regular,no attack,false positive
business,log,1970,user1970,regular,no attack,false positive
business,trace,1970,user1970,regular,no attack,false positive
infrastructure,metric,9420,user9420,regular,no attack,false positive
infrastructure,log,9420,user9420,regular,no attack,false positive
infrastructure,trace,9420,user9420,regular,no attack,false positive
business,metric,4198,user4198,regular,no attack,false positive
business,log,4198,user4198,regular,no attack,false positive
business,trace,4198,user4198,regular,no attack,false positive
infrastructure,metric,1385,user1385,malicious,attack 2,false positive
infrastructure,log,1385,user1385,malicious,attack 2,false positive
infrastructure,trace,1385,user1385,malicious,attack 2,true positive
infrastructure,metric,288,user288,malicious,attack 2,false positive
infrastructure,log,288,user288,malicious,attack 2,false positive
infrastructure,trace,288,user288,malicious,attack 2,true positive
infrastructure,metric,2113,user2113,malicious,attack 1,false positive
infrastructure,log,2113,user2113,malicious,attack 1,true positive
infrastructure,trace,2113,user2113,malicious,attack 1,false positive
infrastructure,metric,1419,user1419,malicious,attack 1,false positive
infrastructure,log,1419,user1419,malicious,attack 1,true positive
infrastructure,trace,1419,user1419,malicious,attack 1,false positive
business,metric,3400,user3400,regular,no attack,false positive
business,log,3400,user3400,regular,no attack,false positive
business,trace,3400,user3400,regular,no attack,false positive
business,metric,9733,user9733,regular,no attack,false positive
business,log,9733,user9733,regular,no attack,false positive
business,trace,9733,user9733,regular,no attack,false positive
business,metric,9831,user9831,malicious,attack 2,false positive
business,log,9831,user9831,malicious,attack 2,false positive
business,trace,9831,user9831,malicious,attack 2,true positive
infrastructure,metric,6860,user6860,regular,no attack,false positive
infrastructure,log,6860,user6860,regular,no attack,false positive
infrastructure,trace,6860,user6860,regular,no attack,false positive
business,metric,4730,user4730,regular,no attack,false positive
business,log,4730,user4730,regular,no attack,false positive
business,trace,4730,user4730,regular,no attack,false positive
business,metric,1165,user1165,regular,no attack,false positive
business,log,1165,user1165,regular,no attack,false positive
business,trace,1165,user1165,regular,no attack,false positive
business,metric,331,user331,malicious,attack 1,false positive
business,log,331,user331,malicious,attack 1,true positive
business,trace,331,user331,malicious,attack 1,false positive
business,metric,2759,user2759,malicious,attack 2,false positive
business,log,2759,user2759,malicious,attack 2,false positive
business,trace,2759,user2759,malicious,attack 2,true positive
infrastructure,metric,3129,user3129,malicious,attack 2,false positive
infrastructure,log,3129,user3129,malicious,attack 2,false positive
infrastructure,trace,3129,user3129,malicious,attack 2,true positive
business,metric,6553,user6553,regular,no attack,false positive
business,log,6553,user6553,regular,no attack,false positive
business,trace,6553,user6553,regular,no attack,false positive
business,metric,6795,user6795,malicious,attack 1,false positive
business,log,6795,user6795,malicious,attack 1,true positive
business,trace,6795,user6795,malicious,attack 1,false positive
infrastructure,metric,6699,user6699,regular,no attack,false positive
infrastructure,log,6699,user6699,regular,no attack,false positive
infrastructure,trace,6699,user6699,regular,no attack,false positive
business,metric,5733,user5733,malicious,attack 2,false positive
business,log,5733,user5733,malicious,attack 2,false positive
business,trace,5733,user5733,malicious,attack 2,true positive
infrastructure,metric,9209,user9209,malicious,attack 1,false positive
infrastructure,log,9209,user9209,malicious,attack 1,true positive
infrastructure,trace,9209,user9209,malicious,attack 1,false positive
business,metric,2205,user2205,malicious,attack 2,false positive
business,log,2205,user2205,malicious,attack 2,false positive
business,trace,2205,user2205,malicious,attack 2,true positive
business,metric,4110,user4110,regular,no attack,false positive
business,log,4110,user4110,regular,no attack,false positive
business,trace,4110,user4110,regular,no attack,false positive
business,metric,2950,user2950,malicious,attack 2,false positive
business,log,2950,user2950,malicious,attack 2,false positive
business,trace,2950,user2950,malicious,attack 2,true positive
infrastructure,metric,6564,user6564,malicious,attack 1,false positive
infrastructure,log,6564,user6564,malicious,attack 1,true positive
infrastructure,trace,6564,user6564,malicious,attack 1,false positive
infrastructure,metric,5701,user5701,regular,no attack,false positive
infrastructure,log,5701,user5701,regular,no attack,false positive
infrastructure,trace,5701,user5701,regular,no attack,false positive
business,metric,5246,user5246,malicious,attack 1,false positive
business,log,5246,user5246,malicious,attack 1,true positive
business,trace,5246,user5246,malicious,attack 1,false positive
infrastructure,metric,9319,user9319,malicious,attack 2,false positive
infrastructure,log,9319,user9319,malicious,attack 2,false positive
infrastructure,trace,9319,user9319,malicious,attack 2,true positive
business,metric,3191,user3191,malicious,attack 1,false positive
business,log,3191,user3191,malicious,attack 1,true positive
business,trace,3191,user3191,malicious,attack 1,false positive
business,metric,5507,user5507,regular,no attack,false positive
business,log,5507,user5507,regular,no attack,false positive
business,trace,5507,user5507,regular,no attack,false positive
infrastructure,metric,9203,user9203,regular,no attack,false positive
infrastructure,log,9203,user9203,regular,no attack,false positive
infrastructure,trace,9203,user9203,regular,no attack,false positive
business,metric,2145,user2145,regular,no attack,false positive
business,log,2145,user2145,regular,no attack,false positive
business,trace,2145,user2145,regular,no attack,false positive
infrastructure,metric,7034,user7034,malicious,attack 1,false positive
infrastructure,log,7034,user7034,malicious,attack 1,true positive
infrastructure,trace,7034,user7034,malicious,attack 1,false positive
infrastructure,metric,1725,user1725,regular,no attack,false positive
infrastructure,log,1725,user1725,regular,no attack,false positive
infrastructure,trace,1725,user1725,regular,no attack,false positive
infrastructure,metric,7415,user7415,malicious,attack 1,false positive
infrastructure,log,7415,user7415,malicious,attack 1,true positive
infrastructure,trace,7415,user7415,malicious,attack 1,false positive
infrastructure,metric,2597,user2597,malicious,attack 2,false positive
infrastructure,log,2597,user2597,malicious,attack 2,false positive
infrastructure,trace,2597,user2597,malicious,attack 2,true positive
business,metric,7674,user7674,malicious,attack 1,false positive
business,log,7674,user7674,malicious,attack 1,true positive
business,trace,7674,user7674,malicious,attack 1,false positive
infrastructure,metric,1329,user1329,malicious,attack 1,false positive
infrastructure,log,1329,user1329,malicious,attack 1,true positive
infrastructure,trace,1329,user1329,malicious,attack 1,false positive
business,metric,9794,user9794,regular,no attack,false positive
business,log,9794,user9794,regular,no attack,false positive
business,trace,9794,user9794,regular,no attack,false positive
infrastructure,metric,9859,user9859,malicious,attack 1,false positive
infrastructure,log,9859,user9859,malicious,attack 1,true positive
infrastructure,trace,9859,user9859,malicious,attack 1,false positive
business,metric,5693,user5693,malicious,attack 2,false positive
business,log,5693,user5693,malicious,attack 2,false positive
business,trace,5693,user5693,malicious,attack 2,true positive
infrastructure,metric,4239,user4239,regular,no attack,false positive
infrastructure,log,4239,user4239,regular,no attack,false positive
infrastructure,trace,4239,user4239,regular,no attack,false positive
infrastructure,metric,6403,user6403,malicious,attack 2,false positive
infrastructure,log,6403,user6403,malicious,attack 2,false positive
infrastructure,trace,6403,user6403,malicious,attack 2,true positive
business,metric,3374,user3374,malicious,attack 2,false positive
business,log,3374,user3374,malicious,attack 2,false positive
business,trace,3374,user3374,malicious,attack 2,true positive
business,metric,7510,user7510,malicious,attack 1,false positive
business,log,7510,user7510,malicious,attack 1,true positive
business,trace,7510,user7510,malicious,attack 1,false positive
infrastructure,metric,8612,user8612,malicious,attack 2,false positive
infrastructure,log,8612,user8612,malicious,attack 2,false positive
infrastructure,trace,8612,user8612,malicious,attack 2,true positive
infrastructure,metric,8249,user8249,malicious,attack 2,false positive
infrastructure,log,8249,user8249,malicious,attack 2,false positive
infrastructure,trace,8249,user8249,malicious,attack 2,true positive
infrastructure,metric,8122,user8122,malicious,attack 2,false positive
infrastructure,log,8122,user8122,malicious,attack 2,false positive
infrastructure,trace,8122,user8122,malicious,attack 2,true positive
infrastructure,metric,9158,user9158,regular,no attack,false positive
infrastructure,log,9158,user9158,regular,no attack,false positive
infrastructure,trace,9158,user9158,regular,no attack,false positive
infrastructure,metric,8651,user8651,regular,no attack,false positive
infrastructure,log,8651,user8651,regular,no attack,false positive
infrastructure,trace,8651,user8651,regular,no attack,false positive
infrastructure,metric,8157,user8157,malicious,attack 2,false positive
infrastructure,log,8157,user8157,malicious,attack 2,false positive
infrastructure,trace,8157,user8157,malicious,attack 2,true positive
infrastructure,metric,7843,user7843,malicious,attack 2,false positive
infrastructure,log,7843,user7843,malicious,attack 2,false positive
infrastructure,trace,7843,user7843,malicious,attack 2,true positive
business,metric,9038,user9038,malicious,attack 2,false positive
business,log,9038,user9038,malicious,attack 2,false positive
business,trace,9038,user9038,malicious,attack 2,true positive
infrastructure,metric,8266,user8266,malicious,attack 1,false positive
infrastructure,log,8266,user8266,malicious,attack 1,true positive
infrastructure,trace,8266,user8266,malicious,attack 1,false positive
infrastructure,metric,8621,user8621,malicious,attack 1,false positive
infrastructure,log,8621,user8621,malicious,attack 1,true positive
infrastructure,trace,8621,user8621,malicious,attack 1,false positive
business,metric,1018,user1018,malicious,attack 2,false positive
business,log,1018,user1018,malicious,attack 2,false positive
business,trace,1018,user1018,malicious,attack 2,true positive
business,metric,1806,user1806,malicious,attack 1,false positive
business,log,1806,user1806,malicious,attack 1,true positive
business,trace,1806,user1806,malicious,attack 1,false positive
business,metric,7862,user7862,malicious,attack 2,false positive
business,log,7862,user7862,malicious,attack 2,false positive
business,trace,7862,user7862,malicious,attack 2,true positive
business,metric,9956,user9956,malicious,attack 2,false positive
business,log,9956,user9956,malicious,attack 2,false positive
business,trace,9956,user9956,malicious,attack 2,true positive
infrastructure,metric,4724,user4724,malicious,attack 1,false positive
infrastructure,log,4724,user4724,malicious,attack 1,true positive
infrastructure,trace,4724,user4724,malicious,attack 1,false positive
infrastructure,metric,6881,user6881,malicious,attack 1,false positive
infrastructure,log,6881,user6881,malicious,attack 1,true positive
infrastructure,trace,6881,user6881,malicious,attack 1,false positive
infrastructure,metric,9007,user9007,malicious,attack 2,false positive
infrastructure,log,9007,user9007,malicious,attack 2,false positive
infrastructure,trace,9007,user9007,malicious,attack 2,true positive
infrastructure,metric,3317,user3317,malicious,attack 1,false positive
infrastructure,log,3317,user3317,malicious,attack 1,true positive
infrastructure,trace,3317,user3317,malicious,attack 1,false positive
infrastructure,metric,6340,user6340,regular,no attack,false positive
infrastructure,log,6340,user6340,regular,no attack,false positive
infrastructure,trace,6340,user6340,regular,no attack,false positive
infrastructure,metric,8486,user8486,regular,no attack,false positive
infrastructure,log,8486,user8486,regular,no attack,false positive
infrastructure,trace,8486,user8486,regular,no attack,false positive
business,metric,2571,user2571,malicious,attack 2,false positive
business,log,2571,user2571,malicious,attack 2,false positive
business,trace,2571,user2571,malicious,attack 2,true positive
business,metric,1193,user1193,regular,no attack,false positive
business,log,1193,user1193,regular,no attack,false positive
business,trace,1193,user1193,regular,no attack,false positive
business,metric,9931,user9931,malicious,attack 1,false positive
business,log,9931,user9931,malicious,attack 1,true positive
business,trace,9931,user9931,malicious,attack 1,false positive
infrastructure,metric,7074,user7074,malicious,attack 2,false positive
infrastructure,log,7074,user7074,malicious,attack 2,false positive
infrastructure,trace,7074,user7074,malicious,attack 2,true positive
business,metric,2759,user2759,malicious,attack 2,false positive
business,log,2759,user2759,malicious,attack 2,false positive
business,trace,2759,user2759,malicious,attack 2,true positive
business,metric,5961,user5961,malicious,attack 1,false positive
business,log,5961,user5961,malicious,attack 1,true positive
business,trace,5961,user5961,malicious,attack 1,false positive
infrastructure,metric,4868,user4868,malicious,attack 2,false positive
infrastructure,log,4868,user4868,malicious,attack 2,false positive
infrastructure,trace,4868,user4868,malicious,attack 2,true positive
infrastructure,metric,9148,user9148,regular,no attack,false positive
infrastructure,log,9148,user9148,regular,no attack,false positive
infrastructure,trace,9148,user9148,regular,no attack,false positive
business,metric,3641,user3641,malicious,attack 2,false positive
business,log,3641,user3641,malicious,attack 2,false positive
business,trace,3641,user3641,malicious,attack 2,true positive
business,metric,2339,user2339,malicious,attack 2,false positive
business,log,2339,user2339,malicious,attack 2,false positive
business,trace,2339,user2339,malicious,attack 2,true positive
business,metric,5534,user5534,malicious,attack 2,false positive
business,log,5534,user5534,malicious,attack 2,false positive
business,trace,5534,user5534,malicious,attack 2,true positive
infrastructure,metric,3137,user3137,regular,no attack,false positive
infrastructure,log,3137,user3137,regular,no attack,false positive
infrastructure,trace,3137,user3137,regular,no attack,false positive
business,metric,1746,user1746,regular,no attack,false positive
business,log,1746,user1746,regular,no attack,false positive
business,trace,1746,user1746,regular,no attack,false positive
infrastructure,metric,1526,user1526,malicious,attack 1,false positive
infrastructure,log,1526,user1526,malicious,attack 1,true positive
infrastructure,trace,1526,user1526,malicious,attack 1,false positive
infrastructure,metric,9971,user9971,malicious,attack 2,false positive
infrastructure,log,9971,user9971,malicious,attack 2,false positive
infrastructure,trace,9971,user9971,malicious,attack 2,true positive
business,metric,9126,user9126,malicious,attack 2,false positive
business,log,9126,user9126,malicious,attack 2,false positive
business,trace,9126,user9126,malicious,attack 2,true positive
infrastructure,metric,6878,user6878,malicious,attack 1,false positive
infrastructure,log,6878,user6878,malicious,attack 1,true positive
infrastructure,trace,6878,user6878,malicious,attack 1,false positive
business,metric,1002,user1002,malicious,attack 2,false positive
business,log,1002,user1002,malicious,attack 2,false positive
business,trace,1002,user1002,malicious,attack 2,true positive
business,metric,8475,user8475,malicious,attack 1,false positive
business,log,8475,user8475,malicious,attack 1,true positive
business,trace,8475,user8475,malicious,attack 1,false positive
infrastructure,metric,1699,user1699,malicious,attack 1,false positive
infrastructure,log,1699,user1699,malicious,attack 1,true positive
infrastructure,trace,1699,user1699,malicious,attack 1,false positive
business,metric,967,user967,malicious,attack 1,false positive
business,log,967,user967,malicious,attack 1,true positive
business,trace,967,user967,malicious,attack 1,false positive
business,metric,5369,user5369,regular,no attack,false positive
business,log,5369,user5369,regular,no attack,false positive
business,trace,5369,user5369,regular,no attack,false positive
infrastructure,metric,2281,user2281,malicious,attack 2,false positive
infrastructure,log,2281,user2281,malicious,attack 2,false positive
infrastructure,trace,2281,user2281,malicious,attack 2,true positive
business,metric,3813,user3813,malicious,attack 2,false positive
business,log,3813,user3813,malicious,attack 2,false positive
business,trace,3813,user3813,malicious,attack 2,true positive
business,metric,5833,user5833,malicious,attack 2,false positive
business,log,5833,user5833,malicious,attack 2,false positive
business,trace,5833,user5833,malicious,attack 2,true positive
infrastructure,metric,7146,user7146,malicious,attack 2,false positive
infrastructure,log,7146,user7146,malicious,attack 2,false positive
infrastructure,trace,7146,user7146,malicious,attack 2,true positive
infrastructure,metric,5896,user5896,regular,no attack,false positive
infrastructure,log,5896,user5896,regular,no attack,false positive
infrastructure,trace,5896,user5896,regular,no attack,false positive
business,metric,2906,user2906,malicious,attack 2,false positive
business,log,2906,user2906,malicious,attack 2,false positive
business,trace,2906,user2906,malicious,attack 2,true positive
infrastructure,metric,4247,user4247,regular,no attack,false positive
infrastructure,log,4247,user4247,regular,no attack,false positive
infrastructure,trace,4247,user4247,regular,no attack,false positive
infrastructure,metric,3858,user3858,malicious,attack 2,false positive
infrastructure,log,3858,user3858,malicious,attack 2,false positive
infrastructure,trace,3858,user3858,malicious,attack 2,true positive
business,metric,7735,user7735,malicious,attack 1,false positive
business,log,7735,user7735,malicious,attack 1,true positive
business,trace,7735,user7735,malicious,attack 1,false positive
business,metric,8207,user8207,malicious,attack 1,false positive
business,log,8207,user8207,malicious,attack 1,true positive
business,trace,8207,user8207,malicious,attack 1,false positive
business,metric,7217,user7217,regular,no attack,false positive
business,log,7217,user7217,regular,no attack,false positive
business,trace,7217,user7217,regular,no attack,false positive
business,metric,1613,user1613,regular,no attack,false positive
business,log,1613,user1613,regular,no attack,false positive
business,trace,1613,user1613,regular,no attack,false positive
infrastructure,metric,3803,user3803,regular,no attack,false positive
infrastructure,log,3803,user3803,regular,no attack,false positive
infrastructure,trace,3803,user3803,regular,no attack,false positive
infrastructure,metric,9100,user9100,regular,no attack,false positive
infrastructure,log,9100,user9100,regular,no attack,false positive
infrastructure,trace,9100,user9100,regular,no attack,false positive
business,metric,2244,user2244,regular,no attack,false positive
business,log,2244,user2244,regular,no attack,false positive
business,trace,2244,user2244,regular,no attack,false positive
infrastructure,metric,6823,user6823,malicious,attack 2,false positive
infrastructure,log,6823,user6823,malicious,attack 2,false positive
infrastructure,trace,6823,user6823,malicious,attack 2,true positive
business,metric,1095,user1095,malicious,attack 2,false positive
business,log,1095,user1095,malicious,attack 2,false positive
business,trace,1095,user1095,malicious,attack 2,true positive
infrastructure,metric,7649,user7649,malicious,attack 1,false positive
infrastructure,log,7649,user7649,malicious,attack 1,true positive
infrastructure,trace,7649,user7649,malicious,attack 1,false positive
business,metric,3298,user3298,regular,no attack,false positive
business,log,3298,user3298,regular,no attack,false positive
business,trace,3298,user3298,regular,no attack,false positive
business,metric,4699,user4699,malicious,attack 2,false positive
business,log,4699,user4699,malicious,attack 2,false positive
business,trace,4699,user4699,malicious,attack 2,true positive
infrastructure,metric,6431,user6431,regular,no attack,false positive
infrastructure,log,6431,user6431,regular,no attack,false positive
infrastructure,trace,6431,user6431,regular,no attack,false positive
infrastructure,metric,4619,user4619,malicious,attack 2,false positive
infrastructure,log,4619,user4619,malicious,attack 2,false positive
infrastructure,trace,4619,user4619,malicious,attack 2,true positive
infrastructure,metric,118,user118,malicious,attack 2,false positive
infrastructure,log,118,user118,malicious,attack 2,false positive
infrastructure,trace,118,user118,malicious,attack 2,true positive
infrastructure,metric,1741,user1741,malicious,attack 1,false positive
infrastructure,log,1741,user1741,malicious,attack 1,true positive
infrastructure,trace,1741,user1741,malicious,attack 1,false positive
infrastructure,metric,5172,user5172,regular,no attack,false positive
infrastructure,log,5172,user5172,regular,no attack,false positive
infrastructure,trace,5172,user5172,regular,no attack,false positive
infrastructure,metric,9810,user9810,malicious,attack 1,false positive
infrastructure,log,9810,user9810,malicious,attack 1,true positive
infrastructure,trace,9810,user9810,malicious,attack 1,false positive
infrastructure,metric,3679,user3679,malicious,attack 1,false positive
infrastructure,log,3679,user3679,malicious,attack 1,true positive
infrastructure,trace,3679,user3679,malicious,attack 1,false positive
infrastructure,metric,6311,user6311,regular,no attack,false positive
infrastructure,log,6311,user6311,regular,no attack,false positive
infrastructure,trace,6311,user6311,regular,no attack,false positive
business,metric,4901,user4901,malicious,attack 2,false positive
business,log,4901,user4901,malicious,attack 2,false positive
business,trace,4901,user4901,malicious,attack 2,true positive
infrastructure,metric,3070,user3070,regular,no attack,false positive
infrastructure,log,3070,user3070,regular,no attack,false positive
infrastructure,trace,3070,user3070,regular,no attack,false positive
infrastructure,metric,8013,user8013,malicious,attack 2,false positive
infrastructure,log,8013,user8013,malicious,attack 2,false positive
infrastructure,trace,8013,user8013,malicious,attack 2,true positive
infrastructure,metric,8253,user8253,malicious,attack 1,false positive
infrastructure,log,8253,user8253,malicious,attack 1,true positive
infrastructure,trace,8253,user8253,malicious,attack 1,false positive
infrastructure,metric,2646,user2646,regular,no attack,false positive
infrastructure,log,2646,user2646,regular,no attack,false positive
infrastructure,trace,2646,user2646,regular,no attack,false positive
business,metric,115,user115,malicious,attack 1,false positive
business,log,115,user115,malicious,attack 1,true positive
business,trace,115,user115,malicious,attack 1,false positive
infrastructure,metric,9835,user9835,malicious,attack 2,false positive
infrastructure,log,9835,user9835,malicious,attack 2,false positive
infrastructure,trace,9835,user9835,malicious,attack 2,true positive
business,metric,7473,user7473,regular,no attack,false positive
business,log,7473,user7473,regular,no attack,false positive
business,trace,7473,user7473,regular,no attack,false positive
infrastructure,metric,8552,user8552,malicious,attack 2,false positive
infrastructure,log,8552,user8552,malicious,attack 2,false positive
infrastructure,trace,8552,user8552,malicious,attack 2,true positive
infrastructure,metric,7136,user7136,regular,no attack,false positive
infrastructure,log,7136,user7136,regular,no attack,false positive
infrastructure,trace,7136,user7136,regular,no attack,false positive
infrastructure,metric,5591,user5591,malicious,attack 1,false positive
infrastructure,log,5591,user5591,malicious,attack 1,true positive
infrastructure,trace,5591,user5591,malicious,attack 1,false positive
infrastructure,metric,9277,user9277,regular,no attack,false positive
infrastructure,log,9277,user9277,regular,no attack,false positive
infrastructure,trace,9277,user9277,regular,no attack,false positive
business,metric,4033,user4033,regular,no attack,false positive
business,log,4033,user4033,regular,no attack,false positive
business,trace,4033,user4033,regular,no attack,false positive
infrastructure,metric,6635,user6635,malicious,attack 1,false positive
infrastructure,log,6635,user6635,malicious,attack 1,true positive
infrastructure,trace,6635,user6635,malicious,attack 1,false positive
infrastructure,metric,3222,user3222,regular,no attack,false positive
infrastructure,log,3222,user3222,regular,no attack,false positive
infrastructure,trace,3222,user3222,regular,no attack,false positive
infrastructure,metric,7130,user7130,malicious,attack 1,false positive
infrastructure,log,7130,user7130,malicious,attack 1,true positive
infrastructure,trace,7130,user7130,malicious,attack 1,false positive
business,metric,5287,user5287,malicious,attack 1,false positive
business,log,5287,user5287,malicious,attack 1,true positive
business,trace,5287,user5287,malicious,attack 1,false positive
infrastructure,metric,7483,user7483,malicious,attack 1,false positive
infrastructure,log,7483,user7483,malicious,attack 1,true positive
infrastructure,trace,7483,user7483,malicious,attack 1,false positive
business,metric,7757,user7757,malicious,attack 2,false positive
business,log,7757,user7757,malicious,attack 2,false positive
business,trace,7757,user7757,malicious,attack 2,true positive
business,metric,2483,user2483,regular,no attack,false positive
business,log,2483,user2483,regular,no attack,false positive
business,trace,2483,user2483,regular,no attack,false positive
business,metric,7247,user7247,malicious,attack 2,false positive
business,log,7247,user7247,malicious,attack 2,false positive
business,trace,7247,user7247,malicious,attack 2,true positive
business,metric,2140,user2140,malicious,attack 1,false positive
business,log,2140,user2140,malicious,attack 1,true positive
business,trace,2140,user2140,malicious,attack 1,false positive
business,metric,7913,user7913,malicious,attack 1,false positive
business,log,7913,user7913,malicious,attack 1,true positive
business,trace,7913,user7913,malicious,attack 1,false positive
business,metric,7283,user7283,malicious,attack 1,false positive
business,log,7283,user7283,malicious,attack 1,true positive
business,trace,7283,user7283,malicious,attack 1,false positive
infrastructure,metric,1530,user1530,malicious,attack 1,false positive
infrastructure,log,1530,user1530,malicious,attack 1,true positive
infrastructure,trace,1530,user1530,malicious,attack 1,false positive
business,metric,5009,user5009,malicious,attack 1,false positive
business,log,5009,user5009,malicious,attack 1,true positive
business,trace,5009,user5009,malicious,attack 1,false positive
business,metric,3307,user3307,malicious,attack 1,false positive
business,log,3307,user3307,malicious,attack 1,true positive
business,trace,3307,user3307,malicious,attack 1,false positive
business,metric,7953,user7953,malicious,attack 1,false positive
business,log,7953,user7953,malicious,attack 1,true positive
business,trace,7953,user7953,malicious,attack 1,false positive
business,metric,6699,user6699,regular,no attack,false positive
business,log,6699,user6699,regular,no attack,false positive
business,trace,6699,user6699,regular,no attack,false positive
infrastructure,metric,4240,user4240,malicious,attack 2,false positive
infrastructure,log,4240,user4240,malicious,attack 2,false positive
infrastructure,trace,4240,user4240,malicious,attack 2,true positive
business,metric,6324,user6324,malicious,attack 2,false positive
business,log,6324,user6324,malicious,attack 2,false positive
business,trace,6324,user6324,malicious,attack 2,true positive
infrastructure,metric,550,user550,regular,no attack,false positive
infrastructure,log,550,user550,regular,no attack,false positive
infrastructure,trace,550,user550,regular,no attack,false positive
infrastructure,metric,5461,user5461,malicious,attack 2,false positive
infrastructure,log,5461,user5461,malicious,attack 2,false positive
infrastructure,trace,5461,user5461,malicious,attack 2,true positive
infrastructure,metric,8797,user8797,regular,no attack,false positive
infrastructure,log,8797,user8797,regular,no attack,false positive
infrastructure,trace,8797,user8797,regular,no attack,false positive
business,metric,2941,user2941,malicious,attack 1,false positive
business,log,2941,user2941,malicious,attack 1,true positive
business,trace,2941,user2941,malicious,attack 1,false positive
infrastructure,metric,4623,user4623,malicious,attack 2,false positive
infrastructure,log,4623,user4623,malicious,attack 2,false positive
infrastructure,trace,4623,user4623,malicious,attack 2,true positive
infrastructure,metric,7385,user7385,regular,no attack,false positive
infrastructure,log,7385,user7385,regular,no attack,false positive
infrastructure,trace,7385,user7385,regular,no attack,false positive
business,metric,4173,user4173,malicious,attack 2,false positive
business,log,4173,user4173,malicious,attack 2,false positive
business,trace,4173,user4173,malicious,attack 2,true positive
infrastructure,metric,1578,user1578,malicious,attack 1,false positive
infrastructure,log,1578,user1578,malicious,attack 1,true positive
infrastructure,trace,1578,user1578,malicious,attack 1,false positive
business,metric,7633,user7633,regular,no attack,false positive
business,log,7633,user7633,regular,no attack,false positive
business,trace,7633,user7633,regular,no attack,false positive
business,metric,6307,user6307,malicious,attack 2,false positive
business,log,6307,user6307,malicious,attack 2,false positive
business,trace,6307,user6307,malicious,attack 2,true positive
infrastructure,metric,997,user997,malicious,attack 2,false positive
infrastructure,log,997,user997,malicious,attack 2,false positive
infrastructure,trace,997,user997,malicious,attack 2,true positive
business,metric,9445,user9445,regular,no attack,false positive
business,log,9445,user9445,regular,no attack,false positive
business,trace,9445,user9445,regular,no attack,false positive
infrastructure,metric,8396,user8396,malicious,attack 2,false positive
infrastructure,log,8396,user8396,malicious,attack 2,false positive
infrastructure,trace,8396,user8396,malicious,attack 2,true positive
infrastructure,metric,8455,user8455,malicious,attack 2,false positive
infrastructure,log,8455,user8455,malicious,attack 2,false positive
infrastructure,trace,8455,user8455,malicious,attack 2,true positive
business,metric,8154,user8154,malicious,attack 1,false positive
business,log,8154,user8154,malicious,attack 1,true positive
business,trace,8154,user8154,malicious,attack 1,false positive
business,metric,5768,user5768,malicious,attack 1,false positive
business,log,5768,user5768,malicious,attack 1,true positive
business,trace,5768,user5768,malicious,attack 1,false positive
infrastructure,metric,2666,user2666,regular,no attack,false positive
infrastructure,log,2666,user2666,regular,no attack,false positive
infrastructure,trace,2666,user2666,regular,no attack,false positive
business,metric,8146,user8146,malicious,attack 2,false positive
business,log,8146,user8146,malicious,attack 2,false positive
business,trace,8146,user8146,malicious,attack 2,true positive
infrastructure,metric,1951,user1951,malicious,attack 1,false positive
infrastructure,log,1951,user1951,malicious,attack 1,true positive
infrastructure,trace,1951,user1951,malicious,attack 1,false positive
infrastructure,metric,9772,user9772,malicious,attack 1,false positive
infrastructure,log,9772,user9772,malicious,attack 1,true positive
infrastructure,trace,9772,user9772,malicious,attack 1,false positive
business,metric,8711,user8711,malicious,attack 2,false positive
business,log,8711,user8711,malicious,attack 2,false positive
business,trace,8711,user8711,malicious,attack 2,true positive
business,metric,4459,user4459,regular,no attack,false positive
business,log,4459,user4459,regular,no attack,false positive
business,trace,4459,user4459,regular,no attack,false positive
business,metric,2238,user2238,regular,no attack,false positive
business,log,2238,user2238,regular,no attack,false positive
business,trace,2238,user2238,regular,no attack,false positive
business,metric,213,user213,regular,no attack,false positive
business,log,213,user213,regular,no attack,false positive
business,trace,213,user213,regular,no attack,false positive
business,metric,251,user251,regular,no attack,false positive
business,log,251,user251,regular,no attack,false positive
business,trace,251,user251,regular,no attack,false positive
business,metric,5888,user5888,malicious,attack 2,false positive
business,log,5888,user5888,malicious,attack 2,false positive
business,trace,5888,user5888,malicious,attack 2,true positive
business,metric,6307,user6307,malicious,attack 2,false positive
business,log,6307,user6307,malicious,attack 2,false positive
business,trace,6307,user6307,malicious,attack 2,true positive
infrastructure,metric,2884,user2884,malicious,attack 2,false positive
infrastructure,log,2884,user2884,malicious,attack 2,false positive
infrastructure,trace,2884,user2884,malicious,attack 2,true positive
business,metric,920,user920,malicious,attack 1,false positive
business,log,920,user920,malicious,attack 1,true positive
business,trace,920,user920,malicious,attack 1,false positive
business,metric,3100,user3100,malicious,attack 1,false positive
business,log,3100,user3100,malicious,attack 1,true positive
business,trace,3100,user3100,malicious,attack 1,false positive
infrastructure,metric,1623,user1623,regular,no attack,false positive
infrastructure,log,1623,user1623,regular,no attack,false positive
infrastructure,trace,1623,user1623,regular,no attack,false positive
business,metric,6019,user6019,malicious,attack 2,false positive
business,log,6019,user6019,malicious,attack 2,false positive
business,trace,6019,user6019,malicious,attack 2,true positive
infrastructure,metric,3354,user3354,regular,no attack,false positive
infrastructure,log,3354,user3354,regular,no attack,false positive
infrastructure,trace,3354,user3354,regular,no attack,false positive
business,metric,5197,user5197,malicious,attack 2,false positive
business,log,5197,user5197,malicious,attack 2,false positive
business,trace,5197,user5197,malicious,attack 2,true positive
business,metric,9106,user9106,regular,no attack,false positive
business,log,9106,user9106,regular,no attack,false positive
business,trace,9106,user9106,regular,no attack,false positive
infrastructure,metric,6898,user6898,malicious,attack 2,false positive
infrastructure,log,6898,user6898,malicious,attack 2,false positive
infrastructure,trace,6898,user6898,malicious,attack 2,true positive
infrastructure,metric,4468,user4468,regular,no attack,false positive
infrastructure,log,4468,user4468,regular,no attack,false positive
infrastructure,trace,4468,user4468,regular,no attack,false positive
infrastructure,metric,5327,user5327,malicious,attack 1,false positive
infrastructure,log,5327,user5327,malicious,attack 1,true positive
infrastructure,trace,5327,user5327,malicious,attack 1,false positive
business,metric,6348,user6348,regular,no attack,false positive
business,log,6348,user6348,regular,no attack,false positive
business,trace,6348,user6348,regular,no attack,false positive
business,metric,3655,user3655,malicious,attack 1,false positive
business,log,3655,user3655,malicious,attack 1,true positive
business,trace,3655,user3655,malicious,attack 1,false positive
business,metric,7040,user7040,malicious,attack 2,false positive
business,log,7040,user7040,malicious,attack 2,false positive
business,trace,7040,user7040,malicious,attack 2,true positive
infrastructure,metric,1506,user1506,regular,no attack,false positive
infrastructure,log,1506,user1506,regular,no attack,false positive
infrastructure,trace,1506,user1506,regular,no attack,false positive
business,metric,6352,user6352,malicious,attack 2,false positive
business,log,6352,user6352,malicious,attack 2,false positive
business,trace,6352,user6352,malicious,attack 2,true positive
infrastructure,metric,3127,user3127,malicious,attack 1,false positive
infrastructure,log,3127,user3127,malicious,attack 1,true positive
infrastructure,trace,3127,user3127,malicious,attack 1,false positive
business,metric,3912,user3912,malicious,attack 1,false positive
business,log,3912,user3912,malicious,attack 1,true positive
business,trace,3912,user3912,malicious,attack 1,false positive
infrastructure,metric,5165,user5165,regular,no attack,false positive
infrastructure,log,5165,user5165,regular,no attack,false positive
infrastructure,trace,5165,user5165,regular,no attack,false positive
business,metric,6229,user6229,malicious,attack 1,false positive
business,log,6229,user6229,malicious,attack 1,true positive
business,trace,6229,user6229,malicious,attack 1,false positive
infrastructure,metric,8255,user8255,malicious,attack 2,false positive
infrastructure,log,8255,user8255,malicious,attack 2,false positive
infrastructure,trace,8255,user8255,malicious,attack 2,true positive
business,metric,9743,user9743,malicious,attack 2,false positive
business,log,9743,user9743,malicious,attack 2,false positive
business,trace,9743,user9743,malicious,attack 2,true positive
business,metric,1015,user1015,malicious,attack 1,false positive
business,log,1015,user1015,malicious,attack 1,true positive
business,trace,1015,user1015,malicious,attack 1,false positive
business,metric,8946,user8946,malicious,attack 2,false positive
business,log,8946,user8946,malicious,attack 2,false positive
business,trace,8946,user8946,malicious,attack 2,true positive
infrastructure,metric,4072,user4072,malicious,attack 1,false positive
infrastructure,log,4072,user4072,malicious,attack 1,true positive
infrastructure,trace,4072,user4072,malicious,attack 1,false positive
business,metric,8943,user8943,malicious,attack 2,false positive
business,log,8943,user8943,malicious,attack 2,false positive
business,trace,8943,user8943,malicious,attack 2,true positive
business,metric,2213,user2213,regular,no attack,false positive
business,log,2213,user2213,regular,no attack,false positive
business,trace,2213,user2213,regular,no attack,false positive
infrastructure,metric,1431,user1431,malicious,attack 1,false positive
infrastructure,log,1431,user1431,malicious,attack 1,true positive
infrastructure,trace,1431,user1431,malicious,attack 1,false positive
business,metric,3029,user3029,malicious,attack 1,false positive
business,log,3029,user3029,malicious,attack 1,true positive
business,trace,3029,user3029,malicious,attack 1,false positive
infrastructure,metric,9816,user9816,malicious,attack 2,false positive
infrastructure,log,9816,user9816,malicious,attack 2,false positive
infrastructure,trace,9816,user9816,malicious,attack 2,true positive
business,metric,2209,user2209,malicious,attack 2,false positive
business,log,2209,user2209,malicious,attack 2,false positive
business,trace,2209,user2209,malicious,attack 2,true positive
infrastructure,metric,6535,user6535,malicious,attack 1,false positive
infrastructure,log,6535,user6535,malicious,attack 1,true positive
infrastructure,trace,6535,user6535,malicious,attack 1,false positive
infrastructure,metric,3871,user3871,malicious,attack 2,false positive
infrastructure,log,3871,user3871,malicious,attack 2,false positive
infrastructure,trace,3871,user3871,malicious,attack 2,true positive
business,metric,5734,user5734,malicious,attack 1,false positive
business,log,5734,user5734,malicious,attack 1,true positive
business,trace,5734,user5734,malicious,attack 1,false positive
business,metric,8244,user8244,malicious,attack 2,false positive
business,log,8244,user8244,malicious,attack 2,false positive
business,trace,8244,user8244,malicious,attack 2,true positive
business,metric,5907,user5907,regular,no attack,false positive
business,log,5907,user5907,regular,no attack,false positive
business,trace,5907,user5907,regular,no attack,false positive
infrastructure,metric,7391,user7391,malicious,attack 2,false positive
infrastructure,log,7391,user7391,malicious,attack 2,false positive
infrastructure,trace,7391,user7391,malicious,attack 2,true positive
infrastructure,metric,6749,user6749,regular,no attack,false positive
infrastructure,log,6749,user6749,regular,no attack,false positive
infrastructure,trace,6749,user6749,regular,no attack,false positive
infrastructure,metric,2013,user2013,malicious,attack 2,false positive
infrastructure,log,2013,user2013,malicious,attack 2,false positive
infrastructure,trace,2013,user2013,malicious,attack 2,true positive
infrastructure,metric,9829,user9829,malicious,attack 1,false positive
infrastructure,log,9829,user9829,malicious,attack 1,true positive
infrastructure,trace,9829,user9829,malicious,attack 1,false positive
infrastructure,metric,4588,user4588,regular,no attack,false positive
infrastructure,log,4588,user4588,regular,no attack,false positive
infrastructure,trace,4588,user4588,regular,no attack,false positive
business,metric,4239,user4239,regular,no attack,false positive
business,log,4239,user4239,regular,no attack,false positive
business,trace,4239,user4239,regular,no attack,false positive
infrastructure,metric,5471,user5471,regular,no attack,false positive
infrastructure,log,5471,user5471,regular,no attack,false positive
infrastructure,trace,5471,user5471,regular,no attack,false positive
business,metric,600,user600,malicious,attack 1,false positive
business,log,600,user600,malicious,attack 1,true positive
business,trace,600,user600,malicious,attack 1,false positive
business,metric,6196,user6196,malicious,attack 2,false positive
business,log,6196,user6196,malicious,attack 2,false positive
business,trace,6196,user6196,malicious,attack 2,true positive
infrastructure,metric,5576,user5576,malicious,attack 2,false positive
infrastructure,log,5576,user5576,malicious,attack 2,false positive
infrastructure,trace,5576,user5576,malicious,attack 2,true positive
business,metric,1820,user1820,malicious,attack 2,false positive
business,log,1820,user1820,malicious,attack 2,false positive
business,trace,1820,user1820,malicious,attack 2,true positive
infrastructure,metric,6448,user6448,malicious,attack 1,false positive
infrastructure,log,6448,user6448,malicious,attack 1,true positive
infrastructure,trace,6448,user6448,malicious,attack 1,false positive
business,metric,8863,user8863,malicious,attack 2,false positive
business,log,8863,user8863,malicious,attack 2,false positive
business,trace,8863,user8863,malicious,attack 2,true positive
infrastructure,metric,5524,user5524,malicious,attack 1,false positive
infrastructure,log,5524,user5524,malicious,attack 1,true positive
infrastructure,trace,5524,user5524,malicious,attack 1,false positive
business,metric,1890,user1890,malicious,attack 2,false positive
business,log,1890,user1890,malicious,attack 2,false positive
business,trace,1890,user1890,malicious,attack 2,true positive
business,metric,648,user648,malicious,attack 2,false positive
business,log,648,user648,malicious,attack 2,false positive
business,trace,648,user648,malicious,attack 2,true positive
business,metric,2433,user2433,malicious,attack 1,false positive
business,log,2433,user2433,malicious,attack 1,true positive
business,trace,2433,user2433,malicious,attack 1,false positive
business,metric,2726,user2726,malicious,attack 1,false positive
business,log,2726,user2726,malicious,attack 1,true positive
business,trace,2726,user2726,malicious,attack 1,false positive
business,metric,8224,user8224,malicious,attack 2,false positive
business,log,8224,user8224,malicious,attack 2,false positive
business,trace,8224,user8224,malicious,attack 2,true positive
infrastructure,metric,2143,user2143,malicious,attack 1,false positive
infrastructure,log,2143,user2143,malicious,attack 1,true positive
infrastructure,trace,2143,user2143,malicious,attack 1,false positive
infrastructure,metric,1183,user1183,malicious,attack 1,false positive
infrastructure,log,1183,user1183,malicious,attack 1,true positive
infrastructure,trace,1183,user1183,malicious,attack 1,false positive
business,metric,1826,user1826,malicious,attack 2,false positive
business,log,1826,user1826,malicious,attack 2,false positive
business,trace,1826,user1826,malicious,attack 2,true positive
infrastructure,metric,5489,user5489,regular,no attack,false positive
infrastructure,log,5489,user5489,regular,no attack,false positive
infrastructure,trace,5489,user5489,regular,no attack,false positive
business,metric,2128,user2128,regular,no attack,false positive
business,log,2128,user2128,regular,no attack,false positive
business,trace,2128,user2128,regular,no attack,false positive
business,metric,8006,user8006,malicious,attack 2,false positive
business,log,8006,user8006,malicious,attack 2,false positive
business,trace,8006,user8006,malicious,attack 2,true positive
business,metric,5674,user5674,malicious,attack 1,false positive
business,log,5674,user5674,malicious,attack 1,true positive
business,trace,5674,user5674,malicious,attack 1,false positive
business,metric,5879,user5879,malicious,attack 2,false positive
business,log,5879,user5879,malicious,attack 2,false positive
business,trace,5879,user5879,malicious,attack 2,true positive
business,metric,1301,user1301,regular,no attack,false positive
business,log,1301,user1301,regular,no attack,false positive
business,trace,1301,user1301,regular,no attack,false positive
business,metric,1729,user1729,malicious,attack 2,false positive
business,log,1729,user1729,malicious,attack 2,false positive
business,trace,1729,user1729,malicious,attack 2,true positive
infrastructure,metric,1735,user1735,malicious,attack 1,false positive
infrastructure,log,1735,user1735,malicious,attack 1,true positive
infrastructure,trace,1735,user1735,malicious,attack 1,false positive
business,metric,7340,user7340,regular,no attack,false positive
business,log,7340,user7340,regular,no attack,false positive
business,trace,7340,user7340,regular,no attack,false positive
infrastructure,metric,1909,user1909,malicious,attack 2,false positive
infrastructure,log,1909,user1909,malicious,attack 2,false positive
infrastructure,trace,1909,user1909,malicious,attack 2,true positive
business,metric,6019,user6019,malicious,attack 2,false positive
business,log,6019,user6019,malicious,attack 2,false positive
business,trace,6019,user6019,malicious,attack 2,true positive
business,metric,7926,user7926,regular,no attack,false positive
business,log,7926,user7926,regular,no attack,false positive
business,trace,7926,user7926,regular,no attack,false positive
infrastructure,metric,9906,user9906,regular,no attack,false positive
infrastructure,log,9906,user9906,regular,no attack,false positive
infrastructure,trace,9906,user9906,regular,no attack,false positive
infrastructure,metric,8225,user8225,regular,no attack,false positive
infrastructure,log,8225,user8225,regular,no attack,false positive
infrastructure,trace,8225,user8225,regular,no attack,false positive
business,metric,9974,user9974,malicious,attack 2,false positive
business,log,9974,user9974,malicious,attack 2,false positive
business,trace,9974,user9974,malicious,attack 2,true positive
infrastructure,metric,2299,user2299,malicious,attack 2,false positive
infrastructure,log,2299,user2299,malicious,attack 2,false positive
infrastructure,trace,2299,user2299,malicious,attack 2,true positive
business,metric,9126,user9126,malicious,attack 2,false positive
business,log,9126,user9126,malicious,attack 2,false positive
business,trace,9126,user9126,malicious,attack 2,true positive
infrastructure,metric,3884,user3884,malicious,attack 1,false positive
infrastructure,log,3884,user3884,malicious,attack 1,true positive
infrastructure,trace,3884,user3884,malicious,attack 1,false positive
infrastructure,metric,904,user904,regular,no attack,false positive
infrastructure,log,904,user904,regular,no attack,false positive
infrastructure,trace,904,user904,regular,no attack,false positive
business,metric,2748,user2748,malicious,attack 2,false positive
business,log,2748,user2748,malicious,attack 2,false positive
business,trace,2748,user2748,malicious,attack 2,true positive
infrastructure,metric,4823,user4823,malicious,attack 2,false positive
infrastructure,log,4823,user4823,malicious,attack 2,false positive
infrastructure,trace,4823,user4823,malicious,attack 2,true positive
business,metric,6433,user6433,malicious,attack 1,false positive
business,log,6433,user6433,malicious,attack 1,true positive
business,trace,6433,user6433,malicious,attack 1,false positive
business,metric,5759,user5759,regular,no attack,false positive
business,log,5759,user5759,regular,no attack,false positive
business,trace,5759,user5759,regular,no attack,false positive
business,metric,2902,user2902,malicious,attack 2,false positive
business,log,2902,user2902,malicious,attack 2,false positive
business,trace,2902,user2902,malicious,attack 2,true positive
business,metric,505,user505,malicious,attack 1,false positive
business,log,505,user505,malicious,attack 1,true positive
business,trace,505,user505,malicious,attack 1,false positive
infrastructure,metric,6155,user6155,malicious,attack 2,false positive
infrastructure,log,6155,user6155,malicious,attack 2,false positive
infrastructure,trace,6155,user6155,malicious,attack 2,true positive
business,metric,5135,user5135,malicious,attack 1,false positive
business,log,5135,user5135,malicious,attack 1,true positive
business,trace,5135,user5135,malicious,attack 1,false positive
business,metric,2076,user2076,malicious,attack 2,false positive
business,log,2076,user2076,malicious,attack 2,false positive
business,trace,2076,user2076,malicious,attack 2,true positive
business,metric,3631,user3631,malicious,attack 2,false positive
business,log,3631,user3631,malicious,attack 2,false positive
business,trace,3631,user3631,malicious,attack 2,true positive
business,metric,9053,user9053,malicious,attack 2,false positive
business,log,9053,user9053,malicious,attack 2,false positive
business,trace,9053,user9053,malicious,attack 2,true positive
infrastructure,metric,3360,user3360,malicious,attack 1,false positive
infrastructure,log,3360,user3360,malicious,attack 1,true positive
infrastructure,trace,3360,user3360,malicious,attack 1,false positive
business,metric,3069,user3069,regular,no attack,false positive
business,log,3069,user3069,regular,no attack,false positive
business,trace,3069,user3069,regular,no attack,false positive
business,metric,9443,user9443,malicious,attack 2,false positive
business,log,9443,user9443,malicious,attack 2,false positive
business,trace,9443,user9443,malicious,attack 2,true positive
infrastructure,metric,9300,user9300,regular,no attack,false positive
infrastructure,log,9300,user9300,regular,no attack,false positive
infrastructure,trace,9300,user9300,regular,no attack,false positive
infrastructure,metric,7986,user7986,malicious,attack 2,false positive
infrastructure,log,7986,user7986,malicious,attack 2,false positive
infrastructure,trace,7986,user7986,malicious,attack 2,true positive
business,metric,864,user864,malicious,attack 1,false positive
business,log,864,user864,malicious,attack 1,true positive
business,trace,864,user864,malicious,attack 1,false positive
business,metric,511,user511,malicious,attack 1,false positive
business,log,511,user511,malicious,attack 1,true positive
business,trace,511,user511,malicious,attack 1,false positive
business,metric,9691,user9691,malicious,attack 2,false positive
business,log,9691,user9691,malicious,attack 2,false positive
business,trace,9691,user9691,malicious,attack 2,true positive
infrastructure,metric,465,user465,malicious,attack 1,false positive
infrastructure,log,465,user465,malicious,attack 1,true positive
infrastructure,trace,465,user465,malicious,attack 1,false positive
business,metric,9901,user9901,regular,no attack,false positive
business,log,9901,user9901,regular,no attack,false positive
business,trace,9901,user9901,regular,no attack,false positive
infrastructure,metric,8889,user8889,malicious,attack 1,false positive
infrastructure,log,8889,user8889,malicious,attack 1,true positive
infrastructure,trace,8889,user8889,malicious,attack 1,false positive
business,metric,2136,user2136,malicious,attack 2,false positive
business,log,2136,user2136,malicious,attack 2,false positive
business,trace,2136,user2136,malicious,attack 2,true positive
infrastructure,metric,327,user327,malicious,attack 1,false positive
infrastructure,log,327,user327,malicious,attack 1,true positive
infrastructure,trace,327,user327,malicious,attack 1,false positive
infrastructure,metric,2324,user2324,regular,no attack,false positive
infrastructure,log,2324,user2324,regular,no attack,false positive
infrastructure,trace,2324,user2324,regular,no attack,false positive
business,metric,5984,user5984,malicious,attack 2,false positive
business,log,5984,user5984,malicious,attack 2,false positive
business,trace,5984,user5984,malicious,attack 2,true positive
business,metric,6052,user6052,regular,no attack,false positive
business,log,6052,user6052,regular,no attack,false positive
business,trace,6052,user6052,regular,no attack,false positive
infrastructure,metric,8819,user8819,regular,no attack,false positive
infrastructure,log,8819,user8819,regular,no attack,false positive
infrastructure,trace,8819,user8819,regular,no attack,false positive
infrastructure,metric,4069,user4069,malicious,attack 1,false positive
infrastructure,log,4069,user4069,malicious,attack 1,true positive
infrastructure,trace,4069,user4069,malicious,attack 1,false positive
business,metric,1841,user1841,malicious,attack 1,false positive
business,log,1841,user1841,malicious,attack 1,true positive
business,trace,1841,user1841,malicious,attack 1,false positive
business,metric,439,user439,regular,no attack,false positive
business,log,439,user439,regular,no attack,false positive
business,trace,439,user439,regular,no attack,false positive
infrastructure,metric,6319,user6319,malicious,attack 1,false positive
infrastructure,log,6319,user6319,malicious,attack 1,true positive
infrastructure,trace,6319,user6319,malicious,attack 1,false positive
infrastructure,metric,9365,user9365,malicious,attack 1,false positive
infrastructure,log,9365,user9365,malicious,attack 1,true positive
infrastructure,trace,9365,user9365,malicious,attack 1,false positive
business,metric,494,user494,malicious,attack 1,false positive
business,log,494,user494,malicious,attack 1,true positive
business,trace,494,user494,malicious,attack 1,false positive
infrastructure,metric,9511,user9511,malicious,attack 2,false positive
infrastructure,log,9511,user9511,malicious,attack 2,false positive
infrastructure,trace,9511,user9511,malicious,attack 2,true positive
infrastructure,metric,6605,user6605,regular,no attack,false positive
infrastructure,log,6605,user6605,regular,no attack,false positive
infrastructure,trace,6605,user6605,regular,no attack,false positive
business,metric,7916,user7916,malicious,attack 2,false positive
business,log,7916,user7916,malicious,attack 2,false positive
business,trace,7916,user7916,malicious,attack 2,true positive
infrastructure,metric,1537,user1537,malicious,attack 2,false positive
infrastructure,log,1537,user1537,malicious,attack 2,false positive
infrastructure,trace,1537,user1537,malicious,attack 2,true positive
infrastructure,metric,896,user896,malicious,attack 1,false positive
infrastructure,log,896,user896,malicious,attack 1,true positive
infrastructure,trace,896,user896,malicious,attack 1,false positive
business,metric,3054,user3054,malicious,attack 2,false positive
business,log,3054,user3054,malicious,attack 2,false positive
business,trace,3054,user3054,malicious,attack 2,true positive
business,metric,2,user2,regular,no attack,false positive
business,log,2,user2,regular,no attack,false positive
business,trace,2,user2,regular,no attack,false positive
infrastructure,metric,1838,user1838,malicious,attack 2,false positive
infrastructure,log,1838,user1838,malicious,attack 2,false positive
infrastructure,trace,1838,user1838,malicious,attack 2,true positive
infrastructure,metric,3014,user3014,regular,no attack,false positive
infrastructure,log,3014,user3014,regular,no attack,false positive
infrastructure,trace,3014,user3014,regular,no attack,false positive
business,metric,137,user137,malicious,attack 1,false positive
business,log,137,user137,malicious,attack 1,true positive
business,trace,137,user137,malicious,attack 1,false positive
infrastructure,metric,8226,user8226,malicious,attack 1,false positive
infrastructure,log,8226,user8226,malicious,attack 1,true positive
infrastructure,trace,8226,user8226,malicious,attack 1,false positive
infrastructure,metric,8841,user8841,regular,no attack,false positive
infrastructure,log,8841,user8841,regular,no attack,false positive
infrastructure,trace,8841,user8841,regular,no attack,false positive
infrastructure,metric,8031,user8031,malicious,attack 1,false positive
infrastructure,log,8031,user8031,malicious,attack 1,true positive
infrastructure,trace,8031,user8031,malicious,attack 1,false positive
business,metric,4469,user4469,regular,no attack,false positive
business,log,4469,user4469,regular,no attack,false positive
business,trace,4469,user4469,regular,no attack,false positive
infrastructure,metric,1417,user1417,malicious,attack 2,false positive
infrastructure,log,1417,user1417,malicious,attack 2,false positive
infrastructure,trace,1417,user1417,malicious,attack 2,true positive
infrastructure,metric,4681,user4681,regular,no attack,false positive
infrastructure,log,4681,user4681,regular,no attack,false positive
infrastructure,trace,4681,user4681,regular,no attack,false positive
business,metric,8464,user8464,malicious,attack 2,false positive
business,log,8464,user8464,malicious,attack 2,false positive
business,trace,8464,user8464,malicious,attack 2,true positive
infrastructure,metric,9270,user9270,malicious,attack 1,false positive
infrastructure,log,9270,user9270,malicious,attack 1,true positive
infrastructure,trace,9270,user9270,malicious,attack 1,false positive
business,metric,1533,user1533,malicious,attack 1,false positive
business,log,1533,user1533,malicious,attack 1,true positive
business,trace,1533,user1533,malicious,attack 1,false positive
infrastructure,metric,8694,user8694,malicious,attack 1,false positive
infrastructure,log,8694,user8694,malicious,attack 1,true positive
infrastructure,trace,8694,user8694,malicious,attack 1,false positive
infrastructure,metric,4759,user4759,malicious,attack 1,false positive
infrastructure,log,4759,user4759,malicious,attack 1,true positive
infrastructure,trace,4759,user4759,malicious,attack 1,false positive
business,metric,2757,user2757,regular,no attack,false positive
business,log,2757,user2757,regular,no attack,false positive
business,trace,2757,user2757,regular,no attack,false positive
infrastructure,metric,4244,user4244,malicious,attack 2,false positive
infrastructure,log,4244,user4244,malicious,attack 2,false positive
infrastructure,trace,4244,user4244,malicious,attack 2,true positive
infrastructure,metric,9654,user9654,regular,no attack,false positive
infrastructure,log,9654,user9654,regular,no attack,false positive
infrastructure,trace,9654,user9654,regular,no attack,false positive
business,metric,4789,user4789,malicious,attack 2,false positive
business,log,4789,user4789,malicious,attack 2,false positive
business,trace,4789,user4789,malicious,attack 2,true positive
business,metric,7212,user7212,malicious,attack 2,false positive
business,log,7212,user7212,malicious,attack 2,false positive
business,trace,7212,user7212,malicious,attack 2,true positive
infrastructure,metric,2144,user2144,regular,no attack,false positive
infrastructure,log,2144,user2144,regular,no attack,false positive
infrastructure,trace,2144,user2144,regular,no attack,false positive
infrastructure,metric,3488,user3488,malicious,attack 2,false positive
infrastructure,log,3488,user3488,malicious,attack 2,false positive
infrastructure,trace,3488,user3488,malicious,attack 2,true positive
infrastructure,metric,8696,user8696,malicious,attack 1,false positive
infrastructure,log,8696,user8696,malicious,attack 1,true positive
infrastructure,trace,8696,user8696,malicious,attack 1,false positive
infrastructure,metric,9770,user9770,regular,no attack,false positive
infrastructure,log,9770,user9770,regular,no attack,false positive
infrastructure,trace,9770,user9770,regular,no attack,false positive
business,metric,1539,user1539,malicious,attack 1,false positive
business,log,1539,user1539,malicious,attack 1,true positive
business,trace,1539,user1539,malicious,attack 1,false positive
infrastructure,metric,8481,user8481,malicious,attack 2,false positive
infrastructure,log,8481,user8481,malicious,attack 2,false positive
infrastructure,trace,8481,user8481,malicious,attack 2,true positive
business,metric,731,user731,malicious,attack 1,false positive
business,log,731,user731,malicious,attack 1,true positive
business,trace,731,user731,malicious,attack 1,false positive
business,metric,5313,user5313,malicious,attack 1,false positive
business,log,5313,user5313,malicious,attack 1,true positive
business,trace,5313,user5313,malicious,attack 1,false positive
business,metric,6867,user6867,malicious,attack 2,false positive
business,log,6867,user6867,malicious,attack 2,false positive
business,trace,6867,user6867,malicious,attack 2,true positive
infrastructure,metric,7295,user7295,malicious,attack 1,false positive
infrastructure,log,7295,user7295,malicious,attack 1,true positive
infrastructure,trace,7295,user7295,malicious,attack 1,false positive
infrastructure,metric,7747,user7747,malicious,attack 2,false positive
infrastructure,log,7747,user7747,malicious,attack 2,false positive
infrastructure,trace,7747,user7747,malicious,attack 2,true positive
infrastructure,metric,9944,user9944,malicious,attack 1,false positive
infrastructure,log,9944,user9944,malicious,attack 1,true positive
infrastructure,trace,9944,user9944,malicious,attack 1,false positive
business,metric,838,user838,malicious,attack 1,false positive
business,log,838,user838,malicious,attack 1,true positive
business,trace,838,user838,malicious,attack 1,false positive
business,metric,7296,user7296,malicious,attack 2,false positive
business,log,7296,user7296,malicious,attack 2,false positive
business,trace,7296,user7296,malicious,attack 2,true positive
infrastructure,metric,5306,user5306,malicious,attack 1,false positive
infrastructure,log,5306,user5306,malicious,attack 1,true positive
infrastructure,trace,5306,user5306,malicious,attack 1,false positive
infrastructure,metric,7340,user7340,regular,no attack,false positive
infrastructure,log,7340,user7340,regular,no attack,false positive
infrastructure,trace,7340,user7340,regular,no attack,false positive
infrastructure,metric,1369,user1369,malicious,attack 2,false positive
infrastructure,log,1369,user1369,malicious,attack 2,false positive
infrastructure,trace,1369,user1369,malicious,attack 2,true positive
business,metric,4663,user4663,regular,no attack,false positive
business,log,4663,user4663,regular,no attack,false positive
business,trace,4663,user4663,regular,no attack,false positive
infrastructure,metric,3171,user3171,malicious,attack 1,false positive
infrastructure,log,3171,user3171,malicious,attack 1,true positive
infrastructure,trace,3171,user3171,malicious,attack 1,false positive
infrastructure,metric,8860,user8860,malicious,attack 2,false positive
infrastructure,log,8860,user8860,malicious,attack 2,false positive
infrastructure,trace,8860,user8860,malicious,attack 2,true positive
infrastructure,metric,3738,user3738,malicious,attack 1,false positive
infrastructure,log,3738,user3738,malicious,attack 1,true positive
infrastructure,trace,3738,user3738,malicious,attack 1,false positive
business,metric,5944,user5944,regular,no attack,false positive
business,log,5944,user5944,regular,no attack,false positive
business,trace,5944,user5944,regular,no attack,false positive
business,metric,2274,user2274,malicious,attack 2,false positive
business,log,2274,user2274,malicious,attack 2,false positive
business,trace,2274,user2274,malicious,attack 2,true positive
business,metric,3670,user3670,regular,no attack,false positive
business,log,3670,user3670,regular,no attack,false positive
business,trace,3670,user3670,regular,no attack,false positive
infrastructure,metric,7454,user7454,malicious,attack 1,false positive
infrastructure,log,7454,user7454,malicious,attack 1,true positive
infrastructure,trace,7454,user7454,malicious,attack 1,false positive
business,metric,2571,user2571,malicious,attack 2,false positive
business,log,2571,user2571,malicious,attack 2,false positive
business,trace,2571,user2571,malicious,attack 2,true positive
infrastructure,metric,8444,user8444,malicious,attack 1,false positive
infrastructure,log,8444,user8444,malicious,attack 1,true positive
infrastructure,trace,8444,user8444,malicious,attack 1,false positive
business,metric,848,user848,regular,no attack,false positive
business,log,848,user848,regular,no attack,false positive
business,trace,848,user848,regular,no attack,false positive
business,metric,2730,user2730,regular,no attack,false positive
business,log,2730,user2730,regular,no attack,false positive
business,trace,2730,user2730,regular,no attack,false positive
infrastructure,metric,623,user623,malicious,attack 2,false positive
infrastructure,log,623,user623,malicious,attack 2,false positive
infrastructure,trace,623,user623,malicious,attack 2,true positive
business,metric,9992,user9992,regular,no attack,false positive
business,log,9992,user9992,regular,no attack,false positive
business,trace,9992,user9992,regular,no attack,false positive
business,metric,2002,user2002,regular,no attack,false positive
business,log,2002,user2002,regular,no attack,false positive
business,trace,2002,user2002,regular,no attack,false positive
infrastructure,metric,8536,user8536,malicious,attack 1,false positive
infrastructure,log,8536,user8536,malicious,attack 1,true positive
infrastructure,trace,8536,user8536,malicious,attack 1,false positive
business,metric,4359,user4359,malicious,attack 2,false positive
business,log,4359,user4359,malicious,attack 2,false positive
business,trace,4359,user4359,malicious,attack 2,true positive
infrastructure,metric,9982,user9982,regular,no attack,false positive
infrastructure,log,9982,user9982,regular,no attack,false positive
infrastructure,trace,9982,user9982,regular,no attack,false positive
infrastructure,metric,8068,user8068,malicious,attack 1,false positive
infrastructure,log,8068,user8068,malicious,attack 1,true positive
infrastructure,trace,8068,user8068,malicious,attack 1,false positive
infrastructure,metric,3351,user3351,regular,no attack,false positive
infrastructure,log,3351,user3351,regular,no attack,false positive
infrastructure,trace,3351,user3351,regular,no attack,false positive
infrastructure,metric,9874,user9874,malicious,attack 2,false positive
infrastructure,log,9874,user9874,malicious,attack 2,false positive
infrastructure,trace,9874,user9874,malicious,attack 2,true positive
business,metric,3844,user3844,regular,no attack,false positive
business,log,3844,user3844,regular,no attack,false positive
business,trace,3844,user3844,regular,no attack,false positive
business,metric,6838,user6838,malicious,attack 1,false positive
business,log,6838,user6838,malicious,attack 1,true positive
business,trace,6838,user6838,malicious,attack 1,false positive
infrastructure,metric,5285,user5285,malicious,attack 2,false positive
infrastructure,log,5285,user5285,malicious,attack 2,false positive
infrastructure,trace,5285,user5285,malicious,attack 2,true positive
business,metric,5845,user5845,malicious,attack 2,false positive
business,log,5845,user5845,malicious,attack 2,false positive
business,trace,5845,user5845,malicious,attack 2,true positive
business,metric,493,user493,malicious,attack 2,false positive
business,log,493,user493,malicious,attack 2,false positive
business,trace,493,user493,malicious,attack 2,true positive
infrastructure,metric,9149,user9149,malicious,attack 2,false positive
infrastructure,log,9149,user9149,malicious,attack 2,false positive
infrastructure,trace,9149,user9149,malicious,attack 2,true positive
business,metric,1008,user1008,malicious,attack 2,false positive
business,log,1008,user1008,malicious,attack 2,false positive
business,trace,1008,user1008,malicious,attack 2,true positive
infrastructure,metric,5802,user5802,malicious,attack 1,false positive
infrastructure,log,5802,user5802,malicious,attack 1,true positive
infrastructure,trace,5802,user5802,malicious,attack 1,false positive
business,metric,8252,user8252,regular,no attack,false positive
business,log,8252,user8252,regular,no attack,false positive
business,trace,8252,user8252,regular,no attack,false positive
business,metric,9339,user9339,malicious,attack 2,false positive
business,log,9339,user9339,malicious,attack 2,false positive
business,trace,9339,user9339,malicious,attack 2,true positive
business,metric,9715,user9715,regular,no attack,false positive
business,log,9715,user9715,regular,no attack,false positive
business,trace,9715,user9715,regular,no attack,false positive
infrastructure,metric,9612,user9612,regular,no attack,false positive
infrastructure,log,9612,user9612,regular,no attack,false positive
infrastructure,trace,9612,user9612,regular,no attack,false positive
business,metric,4494,user4494,malicious,attack 1,false positive
business,log,4494,user4494,malicious,attack 1,true positive
business,trace,4494,user4494,malicious,attack 1,false positive
business,metric,2180,user2180,malicious,attack 2,false positive
business,log,2180,user2180,malicious,attack 2,false positive
business,trace,2180,user2180,malicious,attack 2,true positive
infrastructure,metric,6755,user6755,regular,no attack,false positive
infrastructure,log,6755,user6755,regular,no attack,false positive
infrastructure,trace,6755,user6755,regular,no attack,false positive
business,metric,1233,user1233,malicious,attack 1,false positive
business,log,1233,user1233,malicious,attack 1,true positive
business,trace,1233,user1233,malicious,attack 1,false positive
business,metric,3120,user3120,malicious,attack 2,false positive
business,log,3120,user3120,malicious,attack 2,false positive
business,trace,3120,user3120,malicious,attack 2,true positive
infrastructure,metric,2399,user2399,malicious,attack 1,false positive
infrastructure,log,2399,user2399,malicious,attack 1,true positive
infrastructure,trace,2399,user2399,malicious,attack 1,false positive
infrastructure,metric,1086,user1086,malicious,attack 2,false positive
infrastructure,log,1086,user1086,malicious,attack 2,false positive
infrastructure,trace,1086,user1086,malicious,attack 2,true positive
business,metric,7044,user7044,malicious,attack 2,false positive
business,log,7044,user7044,malicious,attack 2,false positive
business,trace,7044,user7044,malicious,attack 2,true positive
infrastructure,metric,4561,user4561,malicious,attack 2,false positive
infrastructure,log,4561,user4561,malicious,attack 2,false positive
infrastructure,trace,4561,user4561,malicious,attack 2,true positive
infrastructure,metric,4146,user4146,malicious,attack 1,false positive
infrastructure,log,4146,user4146,malicious,attack 1,true positive
infrastructure,trace,4146,user4146,malicious,attack 1,false positive
infrastructure,metric,7031,user7031,malicious,attack 1,false positive
infrastructure,log,7031,user7031,malicious,attack 1,true positive
infrastructure,trace,7031,user7031,malicious,attack 1,false positive
business,metric,9674,user9674,malicious,attack 2,false positive
business,log,9674,user9674,malicious,attack 2,false positive
business,trace,9674,user9674,malicious,attack 2,true positive
infrastructure,metric,7987,user7987,malicious,attack 1,false positive
infrastructure,log,7987,user7987,malicious,attack 1,true positive
infrastructure,trace,7987,user7987,malicious,attack 1,false positive
business,metric,7259,user7259,regular,no attack,false positive
business,log,7259,user7259,regular,no attack,false positive
business,trace,7259,user7259,regular,no attack,false positive
business,metric,568,user568,malicious,attack 2,false positive
business,log,568,user568,malicious,attack 2,false positive
business,trace,568,user568,malicious,attack 2,true positive
business,metric,8597,user8597,malicious,attack 2,false positive
business,log,8597,user8597,malicious,attack 2,false positive
business,trace,8597,user8597,malicious,attack 2,true positive
infrastructure,metric,4022,user4022,malicious,attack 1,false positive
infrastructure,log,4022,user4022,malicious,attack 1,true positive
infrastructure,trace,4022,user4022,malicious,attack 1,false positive
infrastructure,metric,1912,user1912,regular,no attack,false positive
infrastructure,log,1912,user1912,regular,no attack,false positive
infrastructure,trace,1912,user1912,regular,no attack,false positive
business,metric,3713,user3713,malicious,attack 2,false positive
business,log,3713,user3713,malicious,attack 2,false positive
business,trace,3713,user3713,malicious,attack 2,true positive
infrastructure,metric,5944,user5944,regular,no attack,false positive
infrastructure,log,5944,user5944,regular,no attack,false positive
infrastructure,trace,5944,user5944,regular,no attack,false positive
business,metric,2355,user2355,malicious,attack 1,false positive
business,log,2355,user2355,malicious,attack 1,true positive
business,trace,2355,user2355,malicious,attack 1,false positive
business,metric,859,user859,malicious,attack 1,false positive
business,log,859,user859,malicious,attack 1,true positive
business,trace,859,user859,malicious,attack 1,false positive
infrastructure,metric,7189,user7189,regular,no attack,false positive
infrastructure,log,7189,user7189,regular,no attack,false positive
infrastructure,trace,7189,user7189,regular,no attack,false positive
business,metric,4113,user4113,malicious,attack 1,false positive
business,log,4113,user4113,malicious,attack 1,true positive
business,trace,4113,user4113,malicious,attack 1,false positive
business,metric,4080,user4080,regular,no attack,false positive
business,log,4080,user4080,regular,no attack,false positive
business,trace,4080,user4080,regular,no attack,false positive
business,metric,5934,user5934,regular,no attack,false positive
business,log,5934,user5934,regular,no attack,false positive
business,trace,5934,user5934,regular,no attack,false positive
business,metric,4085,user4085,malicious,attack 2,false positive
business,log,4085,user4085,malicious,attack 2,false positive
business,trace,4085,user4085,malicious,attack 2,true positive
infrastructure,metric,3724,user3724,malicious,attack 1,false positive
infrastructure,log,3724,user3724,malicious,attack 1,true positive
infrastructure,trace,3724,user3724,malicious,attack 1,false positive
infrastructure,metric,8930,user8930,malicious,attack 2,false positive
infrastructure,log,8930,user8930,malicious,attack 2,false positive
infrastructure,trace,8930,user8930,malicious,attack 2,true positive
infrastructure,metric,249,user249,malicious,attack 1,false positive
infrastructure,log,249,user249,malicious,attack 1,true positive
infrastructure,trace,249,user249,malicious,attack 1,false positive
business,metric,4088,user4088,malicious,attack 2,false positive
business,log,4088,user4088,malicious,attack 2,false positive
business,trace,4088,user4088,malicious,attack 2,true positive
business,metric,3103,user3103,regular,no attack,false positive
business,log,3103,user3103,regular,no attack,false positive
business,trace,3103,user3103,regular,no attack,false positive
business,metric,7030,user7030,regular,no attack,false positive
business,log,7030,user7030,regular,no attack,false positive
business,trace,7030,user7030,regular,no attack,false positive
business,metric,5618,user5618,regular,no attack,false positive
business,log,5618,user5618,regular,no attack,false positive
business,trace,5618,user5618,regular,no attack,false positive
infrastructure,metric,4654,user4654,malicious,attack 2,false positive
infrastructure,log,4654,user4654,malicious,attack 2,false positive
infrastructure,trace,4654,user4654,malicious,attack 2,true positive
business,metric,6780,user6780,regular,no attack,false positive
business,log,6780,user6780,regular,no attack,false positive
business,trace,6780,user6780,regular,no attack,false positive
business,metric,7393,user7393,malicious,attack 2,false positive
business,log,7393,user7393,malicious,attack 2,false positive
business,trace,7393,user7393,malicious,attack 2,true positive
business,metric,2242,user2242,malicious,attack 1,false positive
business,log,2242,user2242,malicious,attack 1,true positive
business,trace,2242,user2242,malicious,attack 1,false positive
business,metric,7483,user7483,malicious,attack 1,false positive
business,log,7483,user7483,malicious,attack 1,true positive
business,trace,7483,user7483,malicious,attack 1,false positive
business,metric,3313,user3313,malicious,attack 1,false positive
business,log,3313,user3313,malicious,attack 1,true positive
business,trace,3313,user3313,malicious,attack 1,false positive
business,metric,1215,user1215,malicious,attack 2,false positive
business,log,1215,user1215,malicious,attack 2,false positive
business,trace,1215,user1215,malicious,attack 2,true positive
infrastructure,metric,8824,user8824,malicious,attack 1,false positive
infrastructure,log,8824,user8824,malicious,attack 1,true positive
infrastructure,trace,8824,user8824,malicious,attack 1,false positive
business,metric,6199,user6199,regular,no attack,false positive
business,log,6199,user6199,regular,no attack,false positive
business,trace,6199,user6199,regular,no attack,false positive
business,metric,3325,user3325,regular,no attack,false positive
business,log,3325,user3325,regular,no attack,false positive
business,trace,3325,user3325,regular,no attack,false positive
infrastructure,metric,2427,user2427,malicious,attack 1,false positive
infrastructure,log,2427,user2427,malicious,attack 1,true positive
infrastructure,trace,2427,user2427,malicious,attack 1,false positive
business,metric,5608,user5608,malicious,attack 1,false positive
business,log,5608,user5608,malicious,attack 1,true positive
business,trace,5608,user5608,malicious,attack 1,false positive
business,metric,9973,user9973,malicious,attack 2,false positive
business,log,9973,user9973,malicious,attack 2,false positive
business,trace,9973,user9973,malicious,attack 2,true positive
business,metric,9081,user9081,malicious,attack 2,false positive
business,log,9081,user9081,malicious,attack 2,false positive
business,trace,9081,user9081,malicious,attack 2,true positive
infrastructure,metric,1331,user1331,malicious,attack 2,false positive
infrastructure,log,1331,user1331,malicious,attack 2,false positive
infrastructure,trace,1331,user1331,malicious,attack 2,true positive
business,metric,2826,user2826,malicious,attack 2,false positive
business,log,2826,user2826,malicious,attack 2,false positive
business,trace,2826,user2826,malicious,attack 2,true positive
infrastructure,metric,5958,user5958,malicious,attack 1,false positive
infrastructure,log,5958,user5958,malicious,attack 1,true positive
infrastructure,trace,5958,user5958,malicious,attack 1,false positive
business,metric,4697,user4697,malicious,attack 2,false positive
business,log,4697,user4697,malicious,attack 2,false positive
business,trace,4697,user4697,malicious,attack 2,true positive
infrastructure,metric,1944,user1944,malicious,attack 1,false positive
infrastructure,log,1944,user1944,malicious,attack 1,true positive
infrastructure,trace,1944,user1944,malicious,attack 1,false positive
business,metric,151,user151,malicious,attack 2,false positive
business,log,151,user151,malicious,attack 2,false positive
business,trace,151,user151,malicious,attack 2,true positive
infrastructure,metric,962,user962,malicious,attack 1,false positive
infrastructure,log,962,user962,malicious,attack 1,true positive
infrastructure,trace,962,user962,malicious,attack 1,false positive
business,metric,7479,user7479,regular,no attack,false positive
business,log,7479,user7479,regular,no attack,false positive
business,trace,7479,user7479,regular,no attack,false positive
infrastructure,metric,2791,user2791,malicious,attack 1,false positive
infrastructure,log,2791,user2791,malicious,attack 1,true positive
infrastructure,trace,2791,user2791,malicious,attack 1,false positive
infrastructure,metric,6271,user6271,regular,no attack,false positive
infrastructure,log,6271,user6271,regular,no attack,false positive
infrastructure,trace,6271,user6271,regular,no attack,false positive
business,metric,7672,user7672,regular,no attack,false positive
business,log,7672,user7672,regular,no attack,false positive
business,trace,7672,user7672,regular,no attack,false positive
infrastructure,metric,5403,user5403,malicious,attack 2,false positive
infrastructure,log,5403,user5403,malicious,attack 2,false positive
infrastructure,trace,5403,user5403,malicious,attack 2,true positive
infrastructure,metric,8893,user8893,regular,no attack,false positive
infrastructure,log,8893,user8893,regular,no attack,false positive
infrastructure,trace,8893,user8893,regular,no attack,false positive
infrastructure,metric,1096,user1096,malicious,attack 1,false positive
infrastructure,log,1096,user1096,malicious,attack 1,true positive
infrastructure,trace,1096,user1096,malicious,attack 1,false positive
business,metric,3921,user3921,malicious,attack 2,false positive
business,log,3921,user3921,malicious,attack 2,false positive
business,trace,3921,user3921,malicious,attack 2,true positive
business,metric,3612,user3612,malicious,attack 1,false positive
business,log,3612,user3612,malicious,attack 1,true positive
business,trace,3612,user3612,malicious,attack 1,false positive
infrastructure,metric,2254,user2254,malicious,attack 2,false positive
infrastructure,log,2254,user2254,malicious,attack 2,false positive
infrastructure,trace,2254,user2254,malicious,attack 2,true positive
business,metric,3325,user3325,regular,no attack,false positive
business,log,3325,user3325,regular,no attack,false positive
business,trace,3325,user3325,regular,no attack,false positive
infrastructure,metric,7778,user7778,regular,no attack,false positive
infrastructure,log,7778,user7778,regular,no attack,false positive
infrastructure,trace,7778,user7778,regular,no attack,false positive
business,metric,4878,user4878,malicious,attack 2,false positive
business,log,4878,user4878,malicious,attack 2,false positive
business,trace,4878,user4878,malicious,attack 2,true positive
infrastructure,metric,1965,user1965,malicious,attack 2,false positive
infrastructure,log,1965,user1965,malicious,attack 2,false positive
infrastructure,trace,1965,user1965,malicious,attack 2,true positive
infrastructure,metric,242,user242,malicious,attack 1,false positive
infrastructure,log,242,user242,malicious,attack 1,true positive
infrastructure,trace,242,user242,malicious,attack 1,false positive
infrastructure,metric,4701,user4701,regular,no attack,false positive
infrastructure,log,4701,user4701,regular,no attack,false positive
infrastructure,trace,4701,user4701,regular,no attack,false positive
infrastructure,metric,4841,user4841,malicious,attack 1,false positive
infrastructure,log,4841,user4841,malicious,attack 1,true positive
infrastructure,trace,4841,user4841,malicious,attack 1,false positive
infrastructure,metric,4141,user4141,regular,no attack,false positive
infrastructure,log,4141,user4141,regular,no attack,false positive
infrastructure,trace,4141,user4141,regular,no attack,false positive
infrastructure,metric,9577,user9577,regular,no attack,false positive
infrastructure,log,9577,user9577,regular,no attack,false positive
infrastructure,trace,9577,user9577,regular,no attack,false positive
infrastructure,metric,3058,user3058,regular,no attack,false positive
infrastructure,log,3058,user3058,regular,no attack,false positive
infrastructure,trace,3058,user3058,regular,no attack,false positive
infrastructure,metric,7280,user7280,regular,no attack,false positive
infrastructure,log,7280,user7280,regular,no attack,false positive
infrastructure,trace,7280,user7280,regular,no attack,false positive
infrastructure,metric,7127,user7127,malicious,attack 2,false positive
infrastructure,log,7127,user7127,malicious,attack 2,false positive
infrastructure,trace,7127,user7127,malicious,attack 2,true positive
infrastructure,metric,97,user97,regular,no attack,false positive
infrastructure,log,97,user97,regular,no attack,false positive
infrastructure,trace,97,user97,regular,no attack,false positive
business,metric,9735,user9735,regular,no attack,false positive
business,log,9735,user9735,regular,no attack,false positive
business,trace,9735,user9735,regular,no attack,false positive
business,metric,8899,user8899,regular,no attack,false positive
business,log,8899,user8899,regular,no attack,false positive
business,trace,8899,user8899,regular,no attack,false positive
infrastructure,metric,7643,user7643,regular,no attack,false positive
infrastructure,log,7643,user7643,regular,no attack,false positive
infrastructure,trace,7643,user7643,regular,no attack,false positive
infrastructure,metric,5396,user5396,malicious,attack 2,false positive
infrastructure,log,5396,user5396,malicious,attack 2,false positive
infrastructure,trace,5396,user5396,malicious,attack 2,true positive
business,metric,3173,user3173,malicious,attack 2,false positive
business,log,3173,user3173,malicious,attack 2,false positive
business,trace,3173,user3173,malicious,attack 2,true positive
infrastructure,metric,2667,user2667,regular,no attack,false positive
infrastructure,log,2667,user2667,regular,no attack,false positive
infrastructure,trace,2667,user2667,regular,no attack,false positive
infrastructure,metric,4028,user4028,malicious,attack 2,false positive
infrastructure,log,4028,user4028,malicious,attack 2,false positive
infrastructure,trace,4028,user4028,malicious,attack 2,true positive
business,metric,9304,user9304,malicious,attack 2,false positive
business,log,9304,user9304,malicious,attack 2,false positive
business,trace,9304,user9304,malicious,attack 2,true positive
infrastructure,metric,2298,user2298,malicious,attack 1,false positive
infrastructure,log,2298,user2298,malicious,attack 1,true positive
infrastructure,trace,2298,user2298,malicious,attack 1,false positive
infrastructure,metric,147,user147,malicious,attack 2,false positive
infrastructure,log,147,user147,malicious,attack 2,false positive
infrastructure,trace,147,user147,malicious,attack 2,true positive
infrastructure,metric,6867,user6867,malicious,attack 2,false positive
infrastructure,log,6867,user6867,malicious,attack 2,false positive
infrastructure,trace,6867,user6867,malicious,attack 2,true positive
business,metric,2471,user2471,regular,no attack,false positive
business,log,2471,user2471,regular,no attack,false positive
business,trace,2471,user2471,regular,no attack,false positive
business,metric,1548,user1548,malicious,attack 1,false positive
business,log,1548,user1548,malicious,attack 1,true positive
business,trace,1548,user1548,malicious,attack 1,false positive
infrastructure,metric,3249,user3249,malicious,attack 2,false positive
infrastructure,log,3249,user3249,malicious,attack 2,false positive
infrastructure,trace,3249,user3249,malicious,attack 2,true positive
business,metric,8944,user8944,regular,no attack,false positive
business,log,8944,user8944,regular,no attack,false positive
business,trace,8944,user8944,regular,no attack,false positive
infrastructure,metric,9687,user9687,malicious,attack 1,false positive
infrastructure,log,9687,user9687,malicious,attack 1,true positive
infrastructure,trace,9687,user9687,malicious,attack 1,false positive
business,metric,4822,user4822,regular,no attack,false positive
business,log,4822,user4822,regular,no attack,false positive
business,trace,4822,user4822,regular,no attack,false positive
business,metric,8440,user8440,malicious,attack 1,false positive
business,log,8440,user8440,malicious,attack 1,true positive
business,trace,8440,user8440,malicious,attack 1,false positive
infrastructure,metric,3174,user3174,malicious,attack 1,false positive
infrastructure,log,3174,user3174,malicious,attack 1,true positive
infrastructure,trace,3174,user3174,malicious,attack 1,false positive
business,metric,5264,user5264,malicious,attack 2,false positive
business,log,5264,user5264,malicious,attack 2,false positive
business,trace,5264,user5264,malicious,attack 2,true positive
infrastructure,metric,8302,user8302,malicious,attack 1,false positive
infrastructure,log,8302,user8302,malicious,attack 1,true positive
infrastructure,trace,8302,user8302,malicious,attack 1,false positive
business,metric,5836,user5836,malicious,attack 2,false positive
business,log,5836,user5836,malicious,attack 2,false positive
business,trace,5836,user5836,malicious,attack 2,true positive
business,metric,5868,user5868,malicious,attack 1,false positive
business,log,5868,user5868,malicious,attack 1,true positive
business,trace,5868,user5868,malicious,attack 1,false positive
infrastructure,metric,9491,user9491,malicious,attack 2,false positive
infrastructure,log,9491,user9491,malicious,attack 2,false positive
infrastructure,trace,9491,user9491,malicious,attack 2,true positive
business,metric,7269,user7269,malicious,attack 2,false positive
business,log,7269,user7269,malicious,attack 2,false positive
business,trace,7269,user7269,malicious,attack 2,true positive
infrastructure,metric,8753,user8753,malicious,attack 2,false positive
infrastructure,log,8753,user8753,malicious,attack 2,false positive
infrastructure,trace,8753,user8753,malicious,attack 2,true positive
business,metric,4644,user4644,regular,no attack,false positive
business,log,4644,user4644,regular,no attack,false positive
business,trace,4644,user4644,regular,no attack,false positive
business,metric,5079,user5079,regular,no attack,false positive
business,log,5079,user5079,regular,no attack,false positive
business,trace,5079,user5079,regular,no attack,false positive
infrastructure,metric,7106,user7106,malicious,attack 2,false positive
infrastructure,log,7106,user7106,malicious,attack 2,false positive
infrastructure,trace,7106,user7106,malicious,attack 2,true positive
infrastructure,metric,7856,user7856,regular,no attack,false positive
infrastructure,log,7856,user7856,regular,no attack,false positive
infrastructure,trace,7856,user7856,regular,no attack,false positive
infrastructure,metric,2596,user2596,malicious,attack 1,false positive
infrastructure,log,2596,user2596,malicious,attack 1,true positive
infrastructure,trace,2596,user2596,malicious,attack 1,false positive
business,metric,4864,user4864,malicious,attack 1,false positive
business,log,4864,user4864,malicious,attack 1,true positive
business,trace,4864,user4864,malicious,attack 1,false positive
infrastructure,metric,4373,user4373,malicious,attack 1,false positive
infrastructure,log,4373,user4373,malicious,attack 1,true positive
infrastructure,trace,4373,user4373,malicious,attack 1,false positive
business,metric,1528,user1528,malicious,attack 1,false positive
business,log,1528,user1528,malicious,attack 1,true positive
business,trace,1528,user1528,malicious,attack 1,false positive
infrastructure,metric,673,user673,regular,no attack,false positive
infrastructure,log,673,user673,regular,no attack,false positive
infrastructure,trace,673,user673,regular,no attack,false positive
infrastructure,metric,2635,user2635,regular,no attack,false positive
infrastructure,log,2635,user2635,regular,no attack,false positive
infrastructure,trace,2635,user2635,regular,no attack,false positive
infrastructure,metric,2204,user2204,malicious,attack 1,false positive
infrastructure,log,2204,user2204,malicious,attack 1,true positive
infrastructure,trace,2204,user2204,malicious,attack 1,false positive
infrastructure,metric,8754,user8754,malicious,attack 2,false positive
infrastructure,log,8754,user8754,malicious,attack 2,false positive
infrastructure,trace,8754,user8754,malicious,attack 2,true positive
infrastructure,metric,8471,user8471,malicious,attack 1,false positive
infrastructure,log,8471,user8471,malicious,attack 1,true positive
infrastructure,trace,8471,user8471,malicious,attack 1,false positive
infrastructure,metric,1014,user1014,malicious,attack 1,false positive
infrastructure,log,1014,user1014,malicious,attack 1,true positive
infrastructure,trace,1014,user1014,malicious,attack 1,false positive
infrastructure,metric,3810,user3810,malicious,attack 2,false positive
infrastructure,log,3810,user3810,malicious,attack 2,false positive
infrastructure,trace,3810,user3810,malicious,attack 2,true positive
infrastructure,metric,8097,user8097,regular,no attack,false positive
infrastructure,log,8097,user8097,regular,no attack,false positive
infrastructure,trace,8097,user8097,regular,no attack,false positive
infrastructure,metric,5894,user5894,malicious,attack 2,false positive
infrastructure,log,5894,user5894,malicious,attack 2,false positive
infrastructure,trace,5894,user5894,malicious,attack 2,true positive
business,metric,4980,user4980,regular,no attack,false positive
business,log,4980,user4980,regular,no attack,false positive
business,trace,4980,user4980,regular,no attack,false positive
infrastructure,metric,9420,user9420,regular,no attack,false positive
infrastructure,log,9420,user9420,regular,no attack,false positive
infrastructure,trace,9420,user9420,regular,no attack,false positive
infrastructure,metric,3912,user3912,malicious,attack 2,false positive
infrastructure,log,3912,user3912,malicious,attack 2,false positive
infrastructure,trace,3912,user3912,malicious,attack 2,true positive
infrastructure,metric,3695,user3695,malicious,attack 2,false positive
infrastructure,log,3695,user3695,malicious,attack 2,false positive
infrastructure,trace,3695,user3695,malicious,attack 2,true positive
infrastructure,metric,4858,user4858,regular,no attack,false positive
infrastructure,log,4858,user4858,regular,no attack,false positive
infrastructure,trace,4858,user4858,regular,no attack,false positive
business,metric,6999,user6999,malicious,attack 1,false positive
business,log,6999,user6999,malicious,attack 1,true positive
business,trace,6999,user6999,malicious,attack 1,false positive
infrastructure,metric,5353,user5353,malicious,attack 2,false positive
infrastructure,log,5353,user5353,malicious,attack 2,false positive
infrastructure,trace,5353,user5353,malicious,attack 2,true positive
infrastructure,metric,7000,user7000,malicious,attack 2,false positive
infrastructure,log,7000,user7000,malicious,attack 2,false positive
infrastructure,trace,7000,user7000,malicious,attack 2,true positive
infrastructure,metric,9275,user9275,malicious,attack 2,false positive
infrastructure,log,9275,user9275,malicious,attack 2,false positive
infrastructure,trace,9275,user9275,malicious,attack 2,true positive
business,metric,2054,user2054,malicious,attack 2,false positive
business,log,2054,user2054,malicious,attack 2,false positive
business,trace,2054,user2054,malicious,attack 2,true positive
infrastructure,metric,3798,user3798,malicious,attack 1,false positive
infrastructure,log,3798,user3798,malicious,attack 1,true positive
infrastructure,trace,3798,user3798,malicious,attack 1,false positive
infrastructure,metric,22,user22,malicious,attack 1,false positive
infrastructure,log,22,user22,malicious,attack 1,true positive
infrastructure,trace,22,user22,malicious,attack 1,false positive
business,metric,4411,user4411,regular,no attack,false positive
business,log,4411,user4411,regular,no attack,false positive
business,trace,4411,user4411,regular,no attack,false positive
infrastructure,metric,2910,user2910,malicious,attack 1,false positive
infrastructure,log,2910,user2910,malicious,attack 1,true positive
infrastructure,trace,2910,user2910,malicious,attack 1,false positive
infrastructure,metric,6659,user6659,malicious,attack 2,false positive
infrastructure,log,6659,user6659,malicious,attack 2,false positive
infrastructure,trace,6659,user6659,malicious,attack 2,true positive
infrastructure,metric,5823,user5823,malicious,attack 2,false positive
infrastructure,log,5823,user5823,malicious,attack 2,false positive
infrastructure,trace,5823,user5823,malicious,attack 2,true positive
infrastructure,metric,6507,user6507,malicious,attack 2,false positive
infrastructure,log,6507,user6507,malicious,attack 2,false positive
infrastructure,trace,6507,user6507,malicious,attack 2,true positive
infrastructure,metric,4985,user4985,malicious,attack 2,false positive
infrastructure,log,4985,user4985,malicious,attack 2,false positive
infrastructure,trace,4985,user4985,malicious,attack 2,true positive
infrastructure,metric,1638,user1638,malicious,attack 2,false positive
infrastructure,log,1638,user1638,malicious,attack 2,false positive
infrastructure,trace,1638,user1638,malicious,attack 2,true positive
infrastructure,metric,2957,user2957,malicious,attack 1,false positive
infrastructure,log,2957,user2957,malicious,attack 1,true positive
infrastructure,trace,2957,user2957,malicious,attack 1,false positive
infrastructure,metric,1,user1,malicious,attack 2,false positive
infrastructure,log,1,user1,malicious,attack 2,false positive
infrastructure,trace,1,user1,malicious,attack 2,true positive
business,metric,1434,user1434,malicious,attack 1,false positive
business,log,1434,user1434,malicious,attack 1,true positive
business,trace,1434,user1434,malicious,attack 1,false positive
infrastructure,metric,4235,user4235,malicious,attack 2,false positive
infrastructure,log,4235,user4235,malicious,attack 2,false positive
infrastructure,trace,4235,user4235,malicious,attack 2,true positive
infrastructure,metric,7367,user7367,regular,no attack,false positive
infrastructure,log,7367,user7367,regular,no attack,false positive
infrastructure,trace,7367,user7367,regular,no attack,false positive
business,metric,297,user297,malicious,attack 2,false positive
business,log,297,user297,malicious,attack 2,false positive
business,trace,297,user297,malicious,attack 2,true positive
business,metric,4264,user4264,regular,no attack,false positive
business,log,4264,user4264,regular,no attack,false positive
business,trace,4264,user4264,regular,no attack,false positive
business,metric,4136,user4136,regular,no attack,false positive
business,log,4136,user4136,regular,no attack,false positive
business,trace,4136,user4136,regular,no attack,false positive
infrastructure,metric,596,user596,malicious,attack 2,false positive
infrastructure,log,596,user596,malicious,attack 2,false positive
infrastructure,trace,596,user596,malicious,attack 2,true positive
infrastructure,metric,2345,user2345,regular,no attack,false positive
infrastructure,log,2345,user2345,regular,no attack,false positive
infrastructure,trace,2345,user2345,regular,no attack,false positive
infrastructure,metric,804,user804,malicious,attack 2,false positive
infrastructure,log,804,user804,malicious,attack 2,false positive
infrastructure,trace,804,user804,malicious,attack 2,true positive
business,metric,6353,user6353,malicious,attack 1,false positive
business,log,6353,user6353,malicious,attack 1,true positive
business,trace,6353,user6353,malicious,attack 1,false positive
infrastructure,metric,9504,user9504,malicious,attack 1,false positive
infrastructure,log,9504,user9504,malicious,attack 1,true positive
infrastructure,trace,9504,user9504,malicious,attack 1,false positive
infrastructure,metric,8958,user8958,malicious,attack 1,false positive
infrastructure,log,8958,user8958,malicious,attack 1,true positive
infrastructure,trace,8958,user8958,malicious,attack 1,false positive
business,metric,1703,user1703,malicious,attack 2,false positive
business,log,1703,user1703,malicious,attack 2,false positive
business,trace,1703,user1703,malicious,attack 2,true positive
business,metric,5051,user5051,malicious,attack 1,false positive
business,log,5051,user5051,malicious,attack 1,true positive
business,trace,5051,user5051,malicious,attack 1,false positive
infrastructure,metric,3737,user3737,regular,no attack,false positive
infrastructure,log,3737,user3737,regular,no attack,false positive
infrastructure,trace,3737,user3737,regular,no attack,false positive
business,metric,1185,user1185,regular,no attack,false positive
business,log,1185,user1185,regular,no attack,false positive
business,trace,1185,user1185,regular,no attack,false positive
infrastructure,metric,2016,user2016,regular,no attack,false positive
infrastructure,log,2016,user2016,regular,no attack,false positive
infrastructure,trace,2016,user2016,regular,no attack,false positive
business,metric,6318,user6318,malicious,attack 2,false positive
business,log,6318,user6318,malicious,attack 2,false positive
business,trace,6318,user6318,malicious,attack 2,true positive
business,metric,7668,user7668,malicious,attack 1,false positive
business,log,7668,user7668,malicious,attack 1,true positive
business,trace,7668,user7668,malicious,attack 1,false positive
infrastructure,metric,6837,user6837,malicious,attack 1,false positive
infrastructure,log,6837,user6837,malicious,attack 1,true positive
infrastructure,trace,6837,user6837,malicious,attack 1,false positive
infrastructure,metric,6341,user6341,regular,no attack,false positive
infrastructure,log,6341,user6341,regular,no attack,false positive
infrastructure,trace,6341,user6341,regular,no attack,false positive
business,metric,5653,user5653,malicious,attack 2,false positive
business,log,5653,user5653,malicious,attack 2,false positive
business,trace,5653,user5653,malicious,attack 2,true positive
infrastructure,metric,1830,user1830,malicious,attack 2,false positive
infrastructure,log,1830,user1830,malicious,attack 2,false positive
infrastructure,trace,1830,user1830,malicious,attack 2,true positive
business,metric,4574,user4574,malicious,attack 1,false positive
business,log,4574,user4574,malicious,attack 1,true positive
business,trace,4574,user4574,malicious,attack 1,false positive
business,metric,6812,user6812,malicious,attack 2,false positive
business,log,6812,user6812,malicious,attack 2,false positive
business,trace,6812,user6812,malicious,attack 2,true positive
infrastructure,metric,3175,user3175,regular,no attack,false positive
infrastructure,log,3175,user3175,regular,no attack,false positive
infrastructure,trace,3175,user3175,regular,no attack,false positive
infrastructure,metric,4405,user4405,regular,no attack,false positive
infrastructure,log,4405,user4405,regular,no attack,false positive
infrastructure,trace,4405,user4405,regular,no attack,false positive
infrastructure,metric,4939,user4939,regular,no attack,false positive
infrastructure,log,4939,user4939,regular,no attack,false positive
infrastructure,trace,4939,user4939,regular,no attack,false positive
business,metric,8112,user8112,malicious,attack 2,false positive
business,log,8112,user8112,malicious,attack 2,false positive
business,trace,8112,user8112,malicious,attack 2,true positive
infrastructure,metric,8303,user8303,malicious,attack 2,false positive
infrastructure,log,8303,user8303,malicious,attack 2,false positive
infrastructure,trace,8303,user8303,malicious,attack 2,true positive
infrastructure,metric,3438,user3438,malicious,attack 1,false positive
infrastructure,log,3438,user3438,malicious,attack 1,true positive
infrastructure,trace,3438,user3438,malicious,attack 1,false positive
infrastructure,metric,3275,user3275,malicious,attack 1,false positive
infrastructure,log,3275,user3275,malicious,attack 1,true positive
infrastructure,trace,3275,user3275,malicious,attack 1,false positive
business,metric,10000,user10000,regular,no attack,false positive
business,log,10000,user10000,regular,no attack,false positive
business,trace,10000,user10000,regular,no attack,false positive
infrastructure,metric,6827,user6827,malicious,attack 1,false positive
infrastructure,log,6827,user6827,malicious,attack 1,true positive
infrastructure,trace,6827,user6827,malicious,attack 1,false positive
business,metric,4006,user4006,malicious,attack 2,false positive
business,log,4006,user4006,malicious,attack 2,false positive
business,trace,4006,user4006,malicious,attack 2,true positive
infrastructure,metric,8073,user8073,malicious,attack 2,false positive
infrastructure,log,8073,user8073,malicious,attack 2,false positive
infrastructure,trace,8073,user8073,malicious,attack 2,true positive
business,metric,4972,user4972,malicious,attack 1,false positive
business,log,4972,user4972,malicious,attack 1,true positive
business,trace,4972,user4972,malicious,attack 1,false positive
business,metric,3667,user3667,malicious,attack 1,false positive
business,log,3667,user3667,malicious,attack 1,true positive
business,trace,3667,user3667,malicious,attack 1,false positive
infrastructure,metric,5346,user5346,malicious,attack 2,false positive
infrastructure,log,5346,user5346,malicious,attack 2,false positive
infrastructure,trace,5346,user5346,malicious,attack 2,true positive
business,metric,5795,user5795,regular,no attack,false positive
business,log,5795,user5795,regular,no attack,false positive
business,trace,5795,user5795,regular,no attack,false positive
infrastructure,metric,5454,user5454,regular,no attack,false positive
infrastructure,log,5454,user5454,regular,no attack,false positive
infrastructure,trace,5454,user5454,regular,no attack,false positive
business,metric,5306,user5306,malicious,attack 2,false positive
business,log,5306,user5306,malicious,attack 2,false positive
business,trace,5306,user5306,malicious,attack 2,true positive
business,metric,7702,user7702,malicious,attack 1,false positive
business,log,7702,user7702,malicious,attack 1,true positive
business,trace,7702,user7702,malicious,attack 1,false positive
infrastructure,metric,1822,user1822,regular,no attack,false positive
infrastructure,log,1822,user1822,regular,no attack,false positive
infrastructure,trace,1822,user1822,regular,no attack,false positive
business,metric,3553,user3553,regular,no attack,false positive
business,log,3553,user3553,regular,no attack,false positive
business,trace,3553,user3553,regular,no attack,false positive
infrastructure,metric,1697,user1697,malicious,attack 1,false positive
infrastructure,log,1697,user1697,malicious,attack 1,true positive
infrastructure,trace,1697,user1697,malicious,attack 1,false positive
business,metric,7567,user7567,malicious,attack 1,false positive
business,log,7567,user7567,malicious,attack 1,true positive
business,trace,7567,user7567,malicious,attack 1,false positive
infrastructure,metric,4455,user4455,malicious,attack 1,false positive
infrastructure,log,4455,user4455,malicious,attack 1,true positive
infrastructure,trace,4455,user4455,malicious,attack 1,false positive
business,metric,1460,user1460,malicious,attack 1,false positive
business,log,1460,user1460,malicious,attack 1,true positive
business,trace,1460,user1460,malicious,attack 1,false positive
infrastructure,metric,3494,user3494,malicious,attack 2,false positive
infrastructure,log,3494,user3494,malicious,attack 2,false positive
infrastructure,trace,3494,user3494,malicious,attack 2,true positive
business,metric,7517,user7517,malicious,attack 2,false positive
business,log,7517,user7517,malicious,attack 2,false positive
business,trace,7517,user7517,malicious,attack 2,true positive
business,metric,5332,user5332,regular,no attack,false positive
business,log,5332,user5332,regular,no attack,false positive
business,trace,5332,user5332,regular,no attack,false positive
business,metric,2306,user2306,malicious,attack 1,false positive
business,log,2306,user2306,malicious,attack 1,true positive
business,trace,2306,user2306,malicious,attack 1,false positive
business,metric,8366,user8366,regular,no attack,false positive
business,log,8366,user8366,regular,no attack,false positive
business,trace,8366,user8366,regular,no attack,false positive
infrastructure,metric,2199,user2199,malicious,attack 2,false positive
infrastructure,log,2199,user2199,malicious,attack 2,false positive
infrastructure,trace,2199,user2199,malicious,attack 2,true positive
business,metric,1358,user1358,malicious,attack 2,false positive
business,log,1358,user1358,malicious,attack 2,false positive
business,trace,1358,user1358,malicious,attack 2,true positive
infrastructure,metric,2492,user2492,malicious,attack 1,false positive
infrastructure,log,2492,user2492,malicious,attack 1,true positive
infrastructure,trace,2492,user2492,malicious,attack 1,false positive
infrastructure,metric,7021,user7021,malicious,attack 2,false positive
infrastructure,log,7021,user7021,malicious,attack 2,false positive
infrastructure,trace,7021,user7021,malicious,attack 2,true positive
business,metric,6320,user6320,malicious,attack 1,false positive
business,log,6320,user6320,malicious,attack 1,true positive
business,trace,6320,user6320,malicious,attack 1,false positive
business,metric,7403,user7403,malicious,attack 1,false positive
business,log,7403,user7403,malicious,attack 1,true positive
business,trace,7403,user7403,malicious,attack 1,false positive
business,metric,8154,user8154,malicious,attack 1,false positive
business,log,8154,user8154,malicious,attack 1,true positive
business,trace,8154,user8154,malicious,attack 1,false positive
infrastructure,metric,4516,user4516,regular,no attack,false positive
infrastructure,log,4516,user4516,regular,no attack,false positive
infrastructure,trace,4516,user4516,regular,no attack,false positive
business,metric,1079,user1079,regular,no attack,false positive
business,log,1079,user1079,regular,no attack,false positive
business,trace,1079,user1079,regular,no attack,false positive
infrastructure,metric,7336,user7336,malicious,attack 1,false positive
infrastructure,log,7336,user7336,malicious,attack 1,true positive
infrastructure,trace,7336,user7336,malicious,attack 1,false positive
infrastructure,metric,9889,user9889,regular,no attack,false positive
infrastructure,log,9889,user9889,regular,no attack,false positive
infrastructure,trace,9889,user9889,regular,no attack,false positive
infrastructure,metric,6956,user6956,malicious,attack 1,false positive
infrastructure,log,6956,user6956,malicious,attack 1,true positive
infrastructure,trace,6956,user6956,malicious,attack 1,false positive
business,metric,8670,user8670,malicious,attack 1,false positive
business,log,8670,user8670,malicious,attack 1,true positive
business,trace,8670,user8670,malicious,attack 1,false positive
business,metric,8200,user8200,malicious,attack 1,false positive
business,log,8200,user8200,malicious,attack 1,true positive
business,trace,8200,user8200,malicious,attack 1,false positive
infrastructure,metric,5566,user5566,malicious,attack 2,false positive
infrastructure,log,5566,user5566,malicious,attack 2,false positive
infrastructure,trace,5566,user5566,malicious,attack 2,true positive
infrastructure,metric,7437,user7437,malicious,attack 1,false positive
infrastructure,log,7437,user7437,malicious,attack 1,true positive
infrastructure,trace,7437,user7437,malicious,attack 1,false positive
infrastructure,metric,4467,user4467,malicious,attack 2,false positive
infrastructure,log,4467,user4467,malicious,attack 2,false positive
infrastructure,trace,4467,user4467,malicious,attack 2,true positive
business,metric,1016,user1016,malicious,attack 1,false positive
business,log,1016,user1016,malicious,attack 1,true positive
business,trace,1016,user1016,malicious,attack 1,false positive
business,metric,1873,user1873,malicious,attack 2,false positive
business,log,1873,user1873,malicious,attack 2,false positive
business,trace,1873,user1873,malicious,attack 2,true positive
business,metric,2986,user2986,malicious,attack 1,false positive
business,log,2986,user2986,malicious,attack 1,true positive
business,trace,2986,user2986,malicious,attack 1,false positive
business,metric,3456,user3456,malicious,attack 2,false positive
business,log,3456,user3456,malicious,attack 2,false positive
business,trace,3456,user3456,malicious,attack 2,true positive
business,metric,6583,user6583,malicious,attack 2,false positive
business,log,6583,user6583,malicious,attack 2,false positive
business,trace,6583,user6583,malicious,attack 2,true positive
infrastructure,metric,5368,user5368,malicious,attack 2,false positive
infrastructure,log,5368,user5368,malicious,attack 2,false positive
infrastructure,trace,5368,user5368,malicious,attack 2,true positive
infrastructure,metric,9770,user9770,regular,no attack,false positive
infrastructure,log,9770,user9770,regular,no attack,false positive
infrastructure,trace,9770,user9770,regular,no attack,false positive
infrastructure,metric,5523,user5523,malicious,attack 2,false positive
infrastructure,log,5523,user5523,malicious,attack 2,false positive
infrastructure,trace,5523,user5523,malicious,attack 2,true positive
business,metric,1263,user1263,malicious,attack 1,false positive
business,log,1263,user1263,malicious,attack 1,true positive
business,trace,1263,user1263,malicious,attack 1,false positive
business,metric,4053,user4053,malicious,attack 1,false positive
business,log,4053,user4053,malicious,attack 1,true positive
business,trace,4053,user4053,malicious,attack 1,false positive
business,metric,3003,user3003,malicious,attack 2,false positive
business,log,3003,user3003,malicious,attack 2,false positive
business,trace,3003,user3003,malicious,attack 2,true positive
infrastructure,metric,1500,user1500,malicious,attack 2,false positive
infrastructure,log,1500,user1500,malicious,attack 2,false positive
infrastructure,trace,1500,user1500,malicious,attack 2,true positive
infrastructure,metric,7868,user7868,malicious,attack 1,false positive
infrastructure,log,7868,user7868,malicious,attack 1,true positive
infrastructure,trace,7868,user7868,malicious,attack 1,false positive
business,metric,8581,user8581,malicious,attack 1,false positive
business,log,8581,user8581,malicious,attack 1,true positive
business,trace,8581,user8581,malicious,attack 1,false positive
infrastructure,metric,932,user932,malicious,attack 2,false positive
infrastructure,log,932,user932,malicious,attack 2,false positive
infrastructure,trace,932,user932,malicious,attack 2,true positive
infrastructure,metric,4527,user4527,malicious,attack 1,false positive
infrastructure,log,4527,user4527,malicious,attack 1,true positive
infrastructure,trace,4527,user4527,malicious,attack 1,false positive
infrastructure,metric,3009,user3009,malicious,attack 1,false positive
infrastructure,log,3009,user3009,malicious,attack 1,true positive
infrastructure,trace,3009,user3009,malicious,attack 1,false positive
business,metric,3430,user3430,malicious,attack 2,false positive
business,log,3430,user3430,malicious,attack 2,false positive
business,trace,3430,user3430,malicious,attack 2,true positive
business,metric,4326,user4326,malicious,attack 1,false positive
business,log,4326,user4326,malicious,attack 1,true positive
business,trace,4326,user4326,malicious,attack 1,false positive
business,metric,4550,user4550,regular,no attack,false positive
business,log,4550,user4550,regular,no attack,false positive
business,trace,4550,user4550,regular,no attack,false positive
infrastructure,metric,6333,user6333,malicious,attack 1,false positive
infrastructure,log,6333,user6333,malicious,attack 1,true positive
infrastructure,trace,6333,user6333,malicious,attack 1,false positive
infrastructure,metric,1255,user1255,regular,no attack,false positive
infrastructure,log,1255,user1255,regular,no attack,false positive
infrastructure,trace,1255,user1255,regular,no attack,false positive
infrastructure,metric,4844,user4844,malicious,attack 2,false positive
infrastructure,log,4844,user4844,malicious,attack 2,false positive
infrastructure,trace,4844,user4844,malicious,attack 2,true positive
infrastructure,metric,7065,user7065,malicious,attack 1,false positive
infrastructure,log,7065,user7065,malicious,attack 1,true positive
infrastructure,trace,7065,user7065,malicious,attack 1,false positive
infrastructure,metric,4755,user4755,regular,no attack,false positive
infrastructure,log,4755,user4755,regular,no attack,false positive
infrastructure,trace,4755,user4755,regular,no attack,false positive
business,metric,7816,user7816,malicious,attack 2,false positive
business,log,7816,user7816,malicious,attack 2,false positive
business,trace,7816,user7816,malicious,attack 2,true positive
business,metric,8354,user8354,malicious,attack 2,false positive
business,log,8354,user8354,malicious,attack 2,false positive
business,trace,8354,user8354,malicious,attack 2,true positive
business,metric,3207,user3207,regular,no attack,false positive
business,log,3207,user3207,regular,no attack,false positive
business,trace,3207,user3207,regular,no attack,false positive
business,metric,3238,user3238,malicious,attack 2,false positive
business,log,3238,user3238,malicious,attack 2,false positive
business,trace,3238,user3238,malicious,attack 2,true positive
infrastructure,metric,4453,user4453,malicious,attack 2,false positive
infrastructure,log,4453,user4453,malicious,attack 2,false positive
infrastructure,trace,4453,user4453,malicious,attack 2,true positive
infrastructure,metric,7762,user7762,malicious,attack 1,false positive
infrastructure,log,7762,user7762,malicious,attack 1,true positive
infrastructure,trace,7762,user7762,malicious,attack 1,false positive
business,metric,173,user173,malicious,attack 1,false positive
business,log,173,user173,malicious,attack 1,true positive
business,trace,173,user173,malicious,attack 1,false positive
business,metric,5274,user5274,malicious,attack 2,false positive
business,log,5274,user5274,malicious,attack 2,false positive
business,trace,5274,user5274,malicious,attack 2,true positive
infrastructure,metric,8439,user8439,regular,no attack,false positive
infrastructure,log,8439,user8439,regular,no attack,false positive
infrastructure,trace,8439,user8439,regular,no attack,false positive
infrastructure,metric,5792,user5792,malicious,attack 2,false positive
infrastructure,log,5792,user5792,malicious,attack 2,false positive
infrastructure,trace,5792,user5792,malicious,attack 2,true positive
infrastructure,metric,6105,user6105,malicious,attack 2,false positive
infrastructure,log,6105,user6105,malicious,attack 2,false positive
infrastructure,trace,6105,user6105,malicious,attack 2,true positive
business,metric,838,user838,malicious,attack 2,false positive
business,log,838,user838,malicious,attack 2,false positive
business,trace,838,user838,malicious,attack 2,true positive
business,metric,9743,user9743,malicious,attack 2,false positive
business,log,9743,user9743,malicious,attack 2,false positive
business,trace,9743,user9743,malicious,attack 2,true positive
business,metric,7904,user7904,malicious,attack 1,false positive
business,log,7904,user7904,malicious,attack 1,true positive
business,trace,7904,user7904,malicious,attack 1,false positive
business,metric,5295,user5295,regular,no attack,false positive
business,log,5295,user5295,regular,no attack,false positive
business,trace,5295,user5295,regular,no attack,false positive
business,metric,1296,user1296,malicious,attack 1,false positive
business,log,1296,user1296,malicious,attack 1,true positive
business,trace,1296,user1296,malicious,attack 1,false positive
infrastructure,metric,2061,user2061,malicious,attack 1,false positive
infrastructure,log,2061,user2061,malicious,attack 1,true positive
infrastructure,trace,2061,user2061,malicious,attack 1,false positive
infrastructure,metric,2917,user2917,malicious,attack 1,false positive
infrastructure,log,2917,user2917,malicious,attack 1,true positive
infrastructure,trace,2917,user2917,malicious,attack 1,false positive
business,metric,7928,user7928,regular,no attack,false positive
business,log,7928,user7928,regular,no attack,false positive
business,trace,7928,user7928,regular,no attack,false positive
infrastructure,metric,769,user769,malicious,attack 2,false positive
infrastructure,log,769,user769,malicious,attack 2,false positive
infrastructure,trace,769,user769,malicious,attack 2,true positive
business,metric,2623,user2623,malicious,attack 2,false positive
business,log,2623,user2623,malicious,attack 2,false positive
business,trace,2623,user2623,malicious,attack 2,true positive
business,metric,1391,user1391,regular,no attack,false positive
business,log,1391,user1391,regular,no attack,false positive
business,trace,1391,user1391,regular,no attack,false positive
business,metric,8232,user8232,malicious,attack 2,false positive
business,log,8232,user8232,malicious,attack 2,false positive
business,trace,8232,user8232,malicious,attack 2,true positive
infrastructure,metric,3898,user3898,malicious,attack 1,false positive
infrastructure,log,3898,user3898,malicious,attack 1,true positive
infrastructure,trace,3898,user3898,malicious,attack 1,false positive
business,metric,1380,user1380,malicious,attack 2,false positive
business,log,1380,user1380,malicious,attack 2,false positive
business,trace,1380,user1380,malicious,attack 2,true positive
infrastructure,metric,8770,user8770,malicious,attack 1,false positive
infrastructure,log,8770,user8770,malicious,attack 1,true positive
infrastructure,trace,8770,user8770,malicious,attack 1,false positive
infrastructure,metric,5584,user5584,malicious,attack 1,false positive
infrastructure,log,5584,user5584,malicious,attack 1,true positive
infrastructure,trace,5584,user5584,malicious,attack 1,false positive
business,metric,6187,user6187,regular,no attack,false positive
business,log,6187,user6187,regular,no attack,false positive
business,trace,6187,user6187,regular,no attack,false positive
business,metric,3451,user3451,malicious,attack 2,false positive
business,log,3451,user3451,malicious,attack 2,false positive
business,trace,3451,user3451,malicious,attack 2,true positive
business,metric,764,user764,malicious,attack 1,false positive
business,log,764,user764,malicious,attack 1,true positive
business,trace,764,user764,malicious,attack 1,false positive
business,metric,887,user887,malicious,attack 2,false positive
business,log,887,user887,malicious,attack 2,false positive
business,trace,887,user887,malicious,attack 2,true positive
infrastructure,metric,77,user77,regular,no attack,false positive
infrastructure,log,77,user77,regular,no attack,false positive
infrastructure,trace,77,user77,regular,no attack,false positive
business,metric,2134,user2134,malicious,attack 1,false positive
business,log,2134,user2134,malicious,attack 1,true positive
business,trace,2134,user2134,malicious,attack 1,false positive
infrastructure,metric,1828,user1828,malicious,attack 1,false positive
infrastructure,log,1828,user1828,malicious,attack 1,true positive
infrastructure,trace,1828,user1828,malicious,attack 1,false positive
infrastructure,metric,9656,user9656,regular,no attack,false positive
infrastructure,log,9656,user9656,regular,no attack,false positive
infrastructure,trace,9656,user9656,regular,no attack,false positive
infrastructure,metric,4592,user4592,malicious,attack 1,false positive
infrastructure,log,4592,user4592,malicious,attack 1,true positive
infrastructure,trace,4592,user4592,malicious,attack 1,false positive
infrastructure,metric,2247,user2247,malicious,attack 1,false positive
infrastructure,log,2247,user2247,malicious,attack 1,true positive
infrastructure,trace,2247,user2247,malicious,attack 1,false positive
infrastructure,metric,5822,user5822,malicious,attack 1,false positive
infrastructure,log,5822,user5822,malicious,attack 1,true positive
infrastructure,trace,5822,user5822,malicious,attack 1,false positive
infrastructure,metric,6829,user6829,malicious,attack 1,false positive
infrastructure,log,6829,user6829,malicious,attack 1,true positive
infrastructure,trace,6829,user6829,malicious,attack 1,false positive
business,metric,3251,user3251,regular,no attack,false positive
business,log,3251,user3251,regular,no attack,false positive
business,trace,3251,user3251,regular,no attack,false positive
infrastructure,metric,4090,user4090,malicious,attack 1,false positive
infrastructure,log,4090,user4090,malicious,attack 1,true positive
infrastructure,trace,4090,user4090,malicious,attack 1,false positive
infrastructure,metric,7311,user7311,malicious,attack 1,false positive
infrastructure,log,7311,user7311,malicious,attack 1,true positive
infrastructure,trace,7311,user7311,malicious,attack 1,false positive
business,metric,246,user246,malicious,attack 2,false positive
business,log,246,user246,malicious,attack 2,false positive
business,trace,246,user246,malicious,attack 2,true positive
business,metric,2851,user2851,malicious,attack 2,false positive
business,log,2851,user2851,malicious,attack 2,false positive
business,trace,2851,user2851,malicious,attack 2,true positive
infrastructure,metric,5001,user5001,malicious,attack 1,false positive
infrastructure,log,5001,user5001,malicious,attack 1,true positive
infrastructure,trace,5001,user5001,malicious,attack 1,false positive
business,metric,6618,user6618,malicious,attack 2,false positive
business,log,6618,user6618,malicious,attack 2,false positive
business,trace,6618,user6618,malicious,attack 2,true positive
business,metric,6164,user6164,regular,no attack,false positive
business,log,6164,user6164,regular,no attack,false positive
business,trace,6164,user6164,regular,no attack,false positive
infrastructure,metric,3976,user3976,regular,no attack,false positive
infrastructure,log,3976,user3976,regular,no attack,false positive
infrastructure,trace,3976,user3976,regular,no attack,false positive
infrastructure,metric,9689,user9689,malicious,attack 1,false positive
infrastructure,log,9689,user9689,malicious,attack 1,true positive
infrastructure,trace,9689,user9689,malicious,attack 1,false positive
infrastructure,metric,3283,user3283,malicious,attack 2,false positive
infrastructure,log,3283,user3283,malicious,attack 2,false positive
infrastructure,trace,3283,user3283,malicious,attack 2,true positive
infrastructure,metric,1511,user1511,malicious,attack 1,false positive
infrastructure,log,1511,user1511,malicious,attack 1,true positive
infrastructure,trace,1511,user1511,malicious,attack 1,false positive
infrastructure,metric,2540,user2540,malicious,attack 1,false positive
infrastructure,log,2540,user2540,malicious,attack 1,true positive
infrastructure,trace,2540,user2540,malicious,attack 1,false positive
business,metric,8163,user8163,regular,no attack,false positive
business,log,8163,user8163,regular,no attack,false positive
business,trace,8163,user8163,regular,no attack,false positive
infrastructure,metric,7957,user7957,malicious,attack 1,false positive
infrastructure,log,7957,user7957,malicious,attack 1,true positive
infrastructure,trace,7957,user7957,malicious,attack 1,false positive
business,metric,129,user129,regular,no attack,false positive
business,log,129,user129,regular,no attack,false positive
business,trace,129,user129,regular,no attack,false positive
infrastructure,metric,4603,user4603,malicious,attack 2,false positive
infrastructure,log,4603,user4603,malicious,attack 2,false positive
infrastructure,trace,4603,user4603,malicious,attack 2,true positive
business,metric,2951,user2951,regular,no attack,false positive
business,log,2951,user2951,regular,no attack,false positive
business,trace,2951,user2951,regular,no attack,false positive
infrastructure,metric,9083,user9083,malicious,attack 1,false positive
infrastructure,log,9083,user9083,malicious,attack 1,true positive
infrastructure,trace,9083,user9083,malicious,attack 1,false positive
infrastructure,metric,5375,user5375,malicious,attack 2,false positive
infrastructure,log,5375,user5375,malicious,attack 2,false positive
infrastructure,trace,5375,user5375,malicious,attack 2,true positive
infrastructure,metric,2241,user2241,malicious,attack 2,false positive
infrastructure,log,2241,user2241,malicious,attack 2,false positive
infrastructure,trace,2241,user2241,malicious,attack 2,true positive
infrastructure,metric,9237,user9237,malicious,attack 1,false positive
infrastructure,log,9237,user9237,malicious,attack 1,true positive
infrastructure,trace,9237,user9237,malicious,attack 1,false positive
infrastructure,metric,8598,user8598,malicious,attack 2,false positive
infrastructure,log,8598,user8598,malicious,attack 2,false positive
infrastructure,trace,8598,user8598,malicious,attack 2,true positive
business,metric,4614,user4614,malicious,attack 2,false positive
business,log,4614,user4614,malicious,attack 2,false positive
business,trace,4614,user4614,malicious,attack 2,true positive
infrastructure,metric,5286,user5286,regular,no attack,false positive
infrastructure,log,5286,user5286,regular,no attack,false positive
infrastructure,trace,5286,user5286,regular,no attack,false positive
business,metric,8050,user8050,regular,no attack,false positive
business,log,8050,user8050,regular,no attack,false positive
business,trace,8050,user8050,regular,no attack,false positive
business,metric,3749,user3749,regular,no attack,false positive
business,log,3749,user3749,regular,no attack,false positive
business,trace,3749,user3749,regular,no attack,false positive
business,metric,7831,user7831,regular,no attack,false positive
business,log,7831,user7831,regular,no attack,false positive
business,trace,7831,user7831,regular,no attack,false positive
business,metric,9762,user9762,regular,no attack,false positive
business,log,9762,user9762,regular,no attack,false positive
business,trace,9762,user9762,regular,no attack,false positive
business,metric,9815,user9815,regular,no attack,false positive
business,log,9815,user9815,regular,no attack,false positive
business,trace,9815,user9815,regular,no attack,false positive
infrastructure,metric,9381,user9381,malicious,attack 2,false positive
infrastructure,log,9381,user9381,malicious,attack 2,false positive
infrastructure,trace,9381,user9381,malicious,attack 2,true positive
infrastructure,metric,6073,user6073,malicious,attack 2,false positive
infrastructure,log,6073,user6073,malicious,attack 2,false positive
infrastructure,trace,6073,user6073,malicious,attack 2,true positive
business,metric,4549,user4549,malicious,attack 2,false positive
business,log,4549,user4549,malicious,attack 2,false positive
business,trace,4549,user4549,malicious,attack 2,true positive
business,metric,3408,user3408,regular,no attack,false positive
business,log,3408,user3408,regular,no attack,false positive
business,trace,3408,user3408,regular,no attack,false positive
business,metric,7717,user7717,malicious,attack 1,false positive
business,log,7717,user7717,malicious,attack 1,true positive
business,trace,7717,user7717,malicious,attack 1,false positive
business,metric,2673,user2673,malicious,attack 1,false positive
business,log,2673,user2673,malicious,attack 1,true positive
business,trace,2673,user2673,malicious,attack 1,false positive
infrastructure,metric,9811,user9811,malicious,attack 2,false positive
infrastructure,log,9811,user9811,malicious,attack 2,false positive
infrastructure,trace,9811,user9811,malicious,attack 2,true positive
infrastructure,metric,5633,user5633,malicious,attack 2,false positive
infrastructure,log,5633,user5633,malicious,attack 2,false positive
infrastructure,trace,5633,user5633,malicious,attack 2,true positive
infrastructure,metric,4889,user4889,regular,no attack,false positive
infrastructure,log,4889,user4889,regular,no attack,false positive
infrastructure,trace,4889,user4889,regular,no attack,false positive
business,metric,4382,user4382,malicious,attack 2,false positive
business,log,4382,user4382,malicious,attack 2,false positive
business,trace,4382,user4382,malicious,attack 2,true positive
business,metric,4263,user4263,malicious,attack 2,false positive
business,log,4263,user4263,malicious,attack 2,false positive
business,trace,4263,user4263,malicious,attack 2,true positive
infrastructure,metric,9581,user9581,malicious,attack 2,false positive
infrastructure,log,9581,user9581,malicious,attack 2,false positive
infrastructure,trace,9581,user9581,malicious,attack 2,true positive
business,metric,2954,user2954,regular,no attack,false positive
business,log,2954,user2954,regular,no attack,false positive
business,trace,2954,user2954,regular,no attack,false positive
infrastructure,metric,6876,user6876,malicious,attack 1,false positive
infrastructure,log,6876,user6876,malicious,attack 1,true positive
infrastructure,trace,6876,user6876,malicious,attack 1,false positive
infrastructure,metric,803,user803,malicious,attack 1,false positive
infrastructure,log,803,user803,malicious,attack 1,true positive
infrastructure,trace,803,user803,malicious,attack 1,false positive
business,metric,8104,user8104,malicious,attack 2,false positive
business,log,8104,user8104,malicious,attack 2,false positive
business,trace,8104,user8104,malicious,attack 2,true positive
infrastructure,metric,7696,user7696,regular,no attack,false positive
infrastructure,log,7696,user7696,regular,no attack,false positive
infrastructure,trace,7696,user7696,regular,no attack,false positive
infrastructure,metric,6042,user6042,regular,no attack,false positive
infrastructure,log,6042,user6042,regular,no attack,false positive
infrastructure,trace,6042,user6042,regular,no attack,false positive
infrastructure,metric,3291,user3291,malicious,attack 2,false positive
infrastructure,log,3291,user3291,malicious,attack 2,false positive
infrastructure,trace,3291,user3291,malicious,attack 2,true positive
business,metric,9880,user9880,regular,no attack,false positive
business,log,9880,user9880,regular,no attack,false positive
business,trace,9880,user9880,regular,no attack,false positive
infrastructure,metric,3566,user3566,malicious,attack 1,false positive
infrastructure,log,3566,user3566,malicious,attack 1,true positive
infrastructure,trace,3566,user3566,malicious,attack 1,false positive
infrastructure,metric,2248,user2248,regular,no attack,false positive
infrastructure,log,2248,user2248,regular,no attack,false positive
infrastructure,trace,2248,user2248,regular,no attack,false positive
infrastructure,metric,1141,user1141,regular,no attack,false positive
infrastructure,log,1141,user1141,regular,no attack,false positive
infrastructure,trace,1141,user1141,regular,no attack,false positive
infrastructure,metric,6185,user6185,malicious,attack 2,false positive
infrastructure,log,6185,user6185,malicious,attack 2,false positive
infrastructure,trace,6185,user6185,malicious,attack 2,true positive
infrastructure,metric,7905,user7905,malicious,attack 2,false positive
infrastructure,log,7905,user7905,malicious,attack 2,false positive
infrastructure,trace,7905,user7905,malicious,attack 2,true positive
infrastructure,metric,6477,user6477,regular,no attack,false positive
infrastructure,log,6477,user6477,regular,no attack,false positive
infrastructure,trace,6477,user6477,regular,no attack,false positive
infrastructure,metric,8813,user8813,malicious,attack 1,false positive
infrastructure,log,8813,user8813,malicious,attack 1,true positive
infrastructure,trace,8813,user8813,malicious,attack 1,false positive
infrastructure,metric,241,user241,malicious,attack 2,false positive
infrastructure,log,241,user241,malicious,attack 2,false positive
infrastructure,trace,241,user241,malicious,attack 2,true positive
business,metric,2736,user2736,regular,no attack,false positive
business,log,2736,user2736,regular,no attack,false positive
business,trace,2736,user2736,regular,no attack,false positive
infrastructure,metric,6364,user6364,malicious,attack 2,false positive
infrastructure,log,6364,user6364,malicious,attack 2,false positive
infrastructure,trace,6364,user6364,malicious,attack 2,true positive
business,metric,7410,user7410,malicious,attack 2,false positive
business,log,7410,user7410,malicious,attack 2,false positive
business,trace,7410,user7410,malicious,attack 2,true positive
business,metric,5565,user5565,malicious,attack 2,false positive
business,log,5565,user5565,malicious,attack 2,false positive
business,trace,5565,user5565,malicious,attack 2,true positive
business,metric,4123,user4123,malicious,attack 2,false positive
business,log,4123,user4123,malicious,attack 2,false positive
business,trace,4123,user4123,malicious,attack 2,true positive
infrastructure,metric,9057,user9057,regular,no attack,false positive
infrastructure,log,9057,user9057,regular,no attack,false positive
infrastructure,trace,9057,user9057,regular,no attack,false positive
business,metric,4444,user4444,malicious,attack 1,false positive
business,log,4444,user4444,malicious,attack 1,true positive
business,trace,4444,user4444,malicious,attack 1,false positive
business,metric,604,user604,malicious,attack 2,false positive
business,log,604,user604,malicious,attack 2,false positive
business,trace,604,user604,malicious,attack 2,true positive
infrastructure,metric,1614,user1614,malicious,attack 2,false positive
infrastructure,log,1614,user1614,malicious,attack 2,false positive
infrastructure,trace,1614,user1614,malicious,attack 2,true positive
business,metric,7949,user7949,malicious,attack 1,false positive
business,log,7949,user7949,malicious,attack 1,true positive
business,trace,7949,user7949,malicious,attack 1,false positive
infrastructure,metric,8476,user8476,malicious,attack 2,false positive
infrastructure,log,8476,user8476,malicious,attack 2,false positive
infrastructure,trace,8476,user8476,malicious,attack 2,true positive
infrastructure,metric,7801,user7801,malicious,attack 1,false positive
infrastructure,log,7801,user7801,malicious,attack 1,true positive
infrastructure,trace,7801,user7801,malicious,attack 1,false positive
business,metric,2557,user2557,malicious,attack 2,false positive
business,log,2557,user2557,malicious,attack 2,false positive
business,trace,2557,user2557,malicious,attack 2,true positive
business,metric,8952,user8952,regular,no attack,false positive
business,log,8952,user8952,regular,no attack,false positive
business,trace,8952,user8952,regular,no attack,false positive
business,metric,1715,user1715,malicious,attack 1,false positive
business,log,1715,user1715,malicious,attack 1,true positive
business,trace,1715,user1715,malicious,attack 1,false positive
infrastructure,metric,2197,user2197,regular,no attack,false positive
infrastructure,log,2197,user2197,regular,no attack,false positive
infrastructure,trace,2197,user2197,regular,no attack,false positive
business,metric,662,user662,malicious,attack 1,false positive
business,log,662,user662,malicious,attack 1,true positive
business,trace,662,user662,malicious,attack 1,false positive
business,metric,2344,user2344,malicious,attack 1,false positive
business,log,2344,user2344,malicious,attack 1,true positive
business,trace,2344,user2344,malicious,attack 1,false positive
infrastructure,metric,3023,user3023,regular,no attack,false positive
infrastructure,log,3023,user3023,regular,no attack,false positive
infrastructure,trace,3023,user3023,regular,no attack,false positive
infrastructure,metric,6344,user6344,regular,no attack,false positive
infrastructure,log,6344,user6344,regular,no attack,false positive
infrastructure,trace,6344,user6344,regular,no attack,false positive
business,metric,7073,user7073,malicious,attack 1,false positive
business,log,7073,user7073,malicious,attack 1,true positive
business,trace,7073,user7073,malicious,attack 1,false positive
business,metric,3796,user3796,regular,no attack,false positive
business,log,3796,user3796,regular,no attack,false positive
business,trace,3796,user3796,regular,no attack,false positive
infrastructure,metric,7545,user7545,malicious,attack 2,false positive
infrastructure,log,7545,user7545,malicious,attack 2,false positive
infrastructure,trace,7545,user7545,malicious,attack 2,true positive
business,metric,1532,user1532,malicious,attack 2,false positive
business,log,1532,user1532,malicious,attack 2,false positive
business,trace,1532,user1532,malicious,attack 2,true positive
infrastructure,metric,3978,user3978,malicious,attack 1,false positive
infrastructure,log,3978,user3978,malicious,attack 1,true positive
infrastructure,trace,3978,user3978,malicious,attack 1,false positive
infrastructure,metric,7218,user7218,malicious,attack 2,false positive
infrastructure,log,7218,user7218,malicious,attack 2,false positive
infrastructure,trace,7218,user7218,malicious,attack 2,true positive
infrastructure,metric,5074,user5074,malicious,attack 2,false positive
infrastructure,log,5074,user5074,malicious,attack 2,false positive
infrastructure,trace,5074,user5074,malicious,attack 2,true positive
business,metric,1355,user1355,malicious,attack 1,false positive
business,log,1355,user1355,malicious,attack 1,true positive
business,trace,1355,user1355,malicious,attack 1,false positive
infrastructure,metric,1589,user1589,regular,no attack,false positive
infrastructure,log,1589,user1589,regular,no attack,false positive
infrastructure,trace,1589,user1589,regular,no attack,false positive
business,metric,2813,user2813,regular,no attack,false positive
business,log,2813,user2813,regular,no attack,false positive
business,trace,2813,user2813,regular,no attack,false positive
business,metric,4872,user4872,malicious,attack 1,false positive
business,log,4872,user4872,malicious,attack 1,true positive
business,trace,4872,user4872,malicious,attack 1,false positive
infrastructure,metric,9966,user9966,malicious,attack 2,false positive
infrastructure,log,9966,user9966,malicious,attack 2,false positive
infrastructure,trace,9966,user9966,malicious,attack 2,true positive
business,metric,1516,user1516,regular,no attack,false positive
business,log,1516,user1516,regular,no attack,false positive
business,trace,1516,user1516,regular,no attack,false positive
business,metric,5965,user5965,regular,no attack,false positive
business,log,5965,user5965,regular,no attack,false positive
business,trace,5965,user5965,regular,no attack,false positive
business,metric,6899,user6899,malicious,attack 1,false positive
business,log,6899,user6899,malicious,attack 1,true positive
business,trace,6899,user6899,malicious,attack 1,false positive
infrastructure,metric,7781,user7781,malicious,attack 1,false positive
infrastructure,log,7781,user7781,malicious,attack 1,true positive
infrastructure,trace,7781,user7781,malicious,attack 1,false positive
infrastructure,metric,2464,user2464,malicious,attack 2,false positive
infrastructure,log,2464,user2464,malicious,attack 2,false positive
infrastructure,trace,2464,user2464,malicious,attack 2,true positive
infrastructure,metric,8920,user8920,regular,no attack,false positive
infrastructure,log,8920,user8920,regular,no attack,false positive
infrastructure,trace,8920,user8920,regular,no attack,false positive
infrastructure,metric,3475,user3475,malicious,attack 1,false positive
infrastructure,log,3475,user3475,malicious,attack 1,true positive
infrastructure,trace,3475,user3475,malicious,attack 1,false positive
infrastructure,metric,2514,user2514,regular,no attack,false positive
infrastructure,log,2514,user2514,regular,no attack,false positive
infrastructure,trace,2514,user2514,regular,no attack,false positive
business,metric,1446,user1446,regular,no attack,false positive
business,log,1446,user1446,regular,no attack,false positive
business,trace,1446,user1446,regular,no attack,false positive
business,metric,6069,user6069,malicious,attack 1,false positive
business,log,6069,user6069,malicious,attack 1,true positive
business,trace,6069,user6069,malicious,attack 1,false positive
infrastructure,metric,4128,user4128,regular,no attack,false positive
infrastructure,log,4128,user4128,regular,no attack,false positive
infrastructure,trace,4128,user4128,regular,no attack,false positive
business,metric,5345,user5345,malicious,attack 1,false positive
business,log,5345,user5345,malicious,attack 1,true positive
business,trace,5345,user5345,malicious,attack 1,false positive
business,metric,3736,user3736,malicious,attack 1,false positive
business,log,3736,user3736,malicious,attack 1,true positive
business,trace,3736,user3736,malicious,attack 1,false positive
infrastructure,metric,1451,user1451,malicious,attack 2,false positive
infrastructure,log,1451,user1451,malicious,attack 2,false positive
infrastructure,trace,1451,user1451,malicious,attack 2,true positive
business,metric,4530,user4530,regular,no attack,false positive
business,log,4530,user4530,regular,no attack,false positive
business,trace,4530,user4530,regular,no attack,false positive
business,metric,1382,user1382,regular,no attack,false positive
business,log,1382,user1382,regular,no attack,false positive
business,trace,1382,user1382,regular,no attack,false positive
business,metric,5016,user5016,malicious,attack 2,false positive
business,log,5016,user5016,malicious,attack 2,false positive
business,trace,5016,user5016,malicious,attack 2,true positive
infrastructure,metric,7507,user7507,malicious,attack 1,false positive
infrastructure,log,7507,user7507,malicious,attack 1,true positive
infrastructure,trace,7507,user7507,malicious,attack 1,false positive
business,metric,5918,user5918,malicious,attack 2,false positive
business,log,5918,user5918,malicious,attack 2,false positive
business,trace,5918,user5918,malicious,attack 2,true positive
infrastructure,metric,5174,user5174,malicious,attack 2,false positive
infrastructure,log,5174,user5174,malicious,attack 2,false positive
infrastructure,trace,5174,user5174,malicious,attack 2,true positive
business,metric,4654,user4654,malicious,attack 1,false positive
business,log,4654,user4654,malicious,attack 1,true positive
business,trace,4654,user4654,malicious,attack 1,false positive
infrastructure,metric,6893,user6893,malicious,attack 2,false positive
infrastructure,log,6893,user6893,malicious,attack 2,false positive
infrastructure,trace,6893,user6893,malicious,attack 2,true positive
business,metric,2835,user2835,malicious,attack 2,false positive
business,log,2835,user2835,malicious,attack 2,false positive
business,trace,2835,user2835,malicious,attack 2,true positive
infrastructure,metric,1131,user1131,malicious,attack 2,false positive
infrastructure,log,1131,user1131,malicious,attack 2,false positive
infrastructure,trace,1131,user1131,malicious,attack 2,true positive
business,metric,3097,user3097,malicious,attack 1,false positive
business,log,3097,user3097,malicious,attack 1,true positive
business,trace,3097,user3097,malicious,attack 1,false positive
business,metric,2045,user2045,regular,no attack,false positive
business,log,2045,user2045,regular,no attack,false positive
business,trace,2045,user2045,regular,no attack,false positive
infrastructure,metric,6617,user6617,malicious,attack 2,false positive
infrastructure,log,6617,user6617,malicious,attack 2,false positive
infrastructure,trace,6617,user6617,malicious,attack 2,true positive
business,metric,6445,user6445,malicious,attack 1,false positive
business,log,6445,user6445,malicious,attack 1,true positive
business,trace,6445,user6445,malicious,attack 1,false positive
infrastructure,metric,1158,user1158,malicious,attack 1,false positive
infrastructure,log,1158,user1158,malicious,attack 1,true positive
infrastructure,trace,1158,user1158,malicious,attack 1,false positive
business,metric,2010,user2010,malicious,attack 1,false positive
business,log,2010,user2010,malicious,attack 1,true positive
business,trace,2010,user2010,malicious,attack 1,false positive
business,metric,1617,user1617,regular,no attack,false positive
business,log,1617,user1617,regular,no attack,false positive
business,trace,1617,user1617,regular,no attack,false positive
business,metric,7622,user7622,malicious,attack 2,false positive
business,log,7622,user7622,malicious,attack 2,false positive
business,trace,7622,user7622,malicious,attack 2,true positive
infrastructure,metric,6826,user6826,regular,no attack,false positive
infrastructure,log,6826,user6826,regular,no attack,false positive
infrastructure,trace,6826,user6826,regular,no attack,false positive
business,metric,6794,user6794,malicious,attack 2,false positive
business,log,6794,user6794,malicious,attack 2,false positive
business,trace,6794,user6794,malicious,attack 2,true positive
business,metric,4029,user4029,malicious,attack 1,false positive
business,log,4029,user4029,malicious,attack 1,true positive
business,trace,4029,user4029,malicious,attack 1,false positive
business,metric,4120,user4120,regular,no attack,false positive
business,log,4120,user4120,regular,no attack,false positive
business,trace,4120,user4120,regular,no attack,false positive
business,metric,2879,user2879,malicious,attack 2,false positive
business,log,2879,user2879,malicious,attack 2,false positive
business,trace,2879,user2879,malicious,attack 2,true positive
infrastructure,metric,3594,user3594,malicious,attack 2,false positive
infrastructure,log,3594,user3594,malicious,attack 2,false positive
infrastructure,trace,3594,user3594,malicious,attack 2,true positive
business,metric,3001,user3001,regular,no attack,false positive
business,log,3001,user3001,regular,no attack,false positive
business,trace,3001,user3001,regular,no attack,false positive
business,metric,4022,user4022,malicious,attack 2,false positive
business,log,4022,user4022,malicious,attack 2,false positive
business,trace,4022,user4022,malicious,attack 2,true positive
business,metric,9071,user9071,malicious,attack 1,false positive
business,log,9071,user9071,malicious,attack 1,true positive
business,trace,9071,user9071,malicious,attack 1,false positive
business,metric,9556,user9556,malicious,attack 2,false positive
business,log,9556,user9556,malicious,attack 2,false positive
business,trace,9556,user9556,malicious,attack 2,true positive
infrastructure,metric,6578,user6578,malicious,attack 1,false positive
infrastructure,log,6578,user6578,malicious,attack 1,true positive
infrastructure,trace,6578,user6578,malicious,attack 1,false positive
business,metric,3339,user3339,malicious,attack 2,false positive
business,log,3339,user3339,malicious,attack 2,false positive
business,trace,3339,user3339,malicious,attack 2,true positive
infrastructure,metric,60,user60,malicious,attack 2,false positive
infrastructure,log,60,user60,malicious,attack 2,false positive
infrastructure,trace,60,user60,malicious,attack 2,true positive
infrastructure,metric,6390,user6390,regular,no attack,false positive
infrastructure,log,6390,user6390,regular,no attack,false positive
infrastructure,trace,6390,user6390,regular,no attack,false positive
business,metric,5001,user5001,malicious,attack 2,false positive
business,log,5001,user5001,malicious,attack 2,false positive
business,trace,5001,user5001,malicious,attack 2,true positive
business,metric,4718,user4718,malicious,attack 1,false positive
business,log,4718,user4718,malicious,attack 1,true positive
business,trace,4718,user4718,malicious,attack 1,false positive
business,metric,2192,user2192,malicious,attack 1,false positive
business,log,2192,user2192,malicious,attack 1,true positive
business,trace,2192,user2192,malicious,attack 1,false positive
infrastructure,metric,5676,user5676,regular,no attack,false positive
infrastructure,log,5676,user5676,regular,no attack,false positive
infrastructure,trace,5676,user5676,regular,no attack,false positive
business,metric,6886,user6886,malicious,attack 1,false positive
business,log,6886,user6886,malicious,attack 1,true positive
business,trace,6886,user6886,malicious,attack 1,false positive
business,metric,3289,user3289,malicious,attack 2,false positive
business,log,3289,user3289,malicious,attack 2,false positive
business,trace,3289,user3289,malicious,attack 2,true positive
infrastructure,metric,730,user730,malicious,attack 2,false positive
infrastructure,log,730,user730,malicious,attack 2,false positive
infrastructure,trace,730,user730,malicious,attack 2,true positive
business,metric,81,user81,malicious,attack 1,false positive
business,log,81,user81,malicious,attack 1,true positive
business,trace,81,user81,malicious,attack 1,false positive
infrastructure,metric,1209,user1209,malicious,attack 1,false positive
infrastructure,log,1209,user1209,malicious,attack 1,true positive
infrastructure,trace,1209,user1209,malicious,attack 1,false positive
infrastructure,metric,2395,user2395,malicious,attack 1,false positive
infrastructure,log,2395,user2395,malicious,attack 1,true positive
infrastructure,trace,2395,user2395,malicious,attack 1,false positive
business,metric,3657,user3657,malicious,attack 2,false positive
business,log,3657,user3657,malicious,attack 2,false positive
business,trace,3657,user3657,malicious,attack 2,true positive
infrastructure,metric,3402,user3402,regular,no attack,false positive
infrastructure,log,3402,user3402,regular,no attack,false positive
infrastructure,trace,3402,user3402,regular,no attack,false positive
infrastructure,metric,1900,user1900,regular,no attack,false positive
infrastructure,log,1900,user1900,regular,no attack,false positive
infrastructure,trace,1900,user1900,regular,no attack,false positive
business,metric,7554,user7554,malicious,attack 1,false positive
business,log,7554,user7554,malicious,attack 1,true positive
business,trace,7554,user7554,malicious,attack 1,false positive
infrastructure,metric,7895,user7895,malicious,attack 2,false positive
infrastructure,log,7895,user7895,malicious,attack 2,false positive
infrastructure,trace,7895,user7895,malicious,attack 2,true positive
business,metric,7646,user7646,regular,no attack,false positive
business,log,7646,user7646,regular,no attack,false positive
business,trace,7646,user7646,regular,no attack,false positive
business,metric,1794,user1794,malicious,attack 1,false positive
business,log,1794,user1794,malicious,attack 1,true positive
business,trace,1794,user1794,malicious,attack 1,false positive
business,metric,8915,user8915,malicious,attack 2,false positive
business,log,8915,user8915,malicious,attack 2,false positive
business,trace,8915,user8915,malicious,attack 2,true positive
business,metric,1591,user1591,regular,no attack,false positive
business,log,1591,user1591,regular,no attack,false positive
business,trace,1591,user1591,regular,no attack,false positive
infrastructure,metric,529,user529,malicious,attack 1,false positive
infrastructure,log,529,user529,malicious,attack 1,true positive
infrastructure,trace,529,user529,malicious,attack 1,false positive
infrastructure,metric,7642,user7642,malicious,attack 1,false positive
infrastructure,log,7642,user7642,malicious,attack 1,true positive
infrastructure,trace,7642,user7642,malicious,attack 1,false positive
business,metric,6989,user6989,malicious,attack 2,false positive
business,log,6989,user6989,malicious,attack 2,false positive
business,trace,6989,user6989,malicious,attack 2,true positive
business,metric,5256,user5256,regular,no attack,false positive
business,log,5256,user5256,regular,no attack,false positive
business,trace,5256,user5256,regular,no attack,false positive
infrastructure,metric,983,user983,malicious,attack 1,false positive
infrastructure,log,983,user983,malicious,attack 1,true positive
infrastructure,trace,983,user983,malicious,attack 1,false positive
business,metric,870,user870,malicious,attack 1,false positive
business,log,870,user870,malicious,attack 1,true positive
business,trace,870,user870,malicious,attack 1,false positive
business,metric,8422,user8422,malicious,attack 2,false positive
business,log,8422,user8422,malicious,attack 2,false positive
business,trace,8422,user8422,malicious,attack 2,true positive
business,metric,3659,user3659,malicious,attack 1,false positive
business,log,3659,user3659,malicious,attack 1,true positive
business,trace,3659,user3659,malicious,attack 1,false positive
business,metric,9177,user9177,regular,no attack,false positive
business,log,9177,user9177,regular,no attack,false positive
business,trace,9177,user9177,regular,no attack,false positive
infrastructure,metric,4037,user4037,malicious,attack 2,false positive
infrastructure,log,4037,user4037,malicious,attack 2,false positive
infrastructure,trace,4037,user4037,malicious,attack 2,true positive
business,metric,3951,user3951,malicious,attack 1,false positive
business,log,3951,user3951,malicious,attack 1,true positive
business,trace,3951,user3951,malicious,attack 1,false positive
infrastructure,metric,5237,user5237,malicious,attack 1,false positive
infrastructure,log,5237,user5237,malicious,attack 1,true positive
infrastructure,trace,5237,user5237,malicious,attack 1,false positive
business,metric,1175,user1175,malicious,attack 2,false positive
business,log,1175,user1175,malicious,attack 2,false positive
business,trace,1175,user1175,malicious,attack 2,true positive
infrastructure,metric,1821,user1821,malicious,attack 2,false positive
infrastructure,log,1821,user1821,malicious,attack 2,false positive
infrastructure,trace,1821,user1821,malicious,attack 2,true positive
infrastructure,metric,2972,user2972,malicious,attack 2,false positive
infrastructure,log,2972,user2972,malicious,attack 2,false positive
infrastructure,trace,2972,user2972,malicious,attack 2,true positive
business,metric,2258,user2258,malicious,attack 2,false positive
business,log,2258,user2258,malicious,attack 2,false positive
business,trace,2258,user2258,malicious,attack 2,true positive
infrastructure,metric,7821,user7821,malicious,attack 1,false positive
infrastructure,log,7821,user7821,malicious,attack 1,true positive
infrastructure,trace,7821,user7821,malicious,attack 1,false positive
business,metric,1480,user1480,malicious,attack 1,false positive
business,log,1480,user1480,malicious,attack 1,true positive
business,trace,1480,user1480,malicious,attack 1,false positive
infrastructure,metric,787,user787,malicious,attack 1,false positive
infrastructure,log,787,user787,malicious,attack 1,true positive
infrastructure,trace,787,user787,malicious,attack 1,false positive
infrastructure,metric,5614,user5614,malicious,attack 1,false positive
infrastructure,log,5614,user5614,malicious,attack 1,true positive
infrastructure,trace,5614,user5614,malicious,attack 1,false positive
infrastructure,metric,2745,user2745,regular,no attack,false positive
infrastructure,log,2745,user2745,regular,no attack,false positive
infrastructure,trace,2745,user2745,regular,no attack,false positive
infrastructure,metric,205,user205,malicious,attack 2,false positive
infrastructure,log,205,user205,malicious,attack 2,false positive
infrastructure,trace,205,user205,malicious,attack 2,true positive
business,metric,9810,user9810,malicious,attack 1,false positive
business,log,9810,user9810,malicious,attack 1,true positive
business,trace,9810,user9810,malicious,attack 1,false positive
infrastructure,metric,2854,user2854,malicious,attack 2,false positive
infrastructure,log,2854,user2854,malicious,attack 2,false positive
infrastructure,trace,2854,user2854,malicious,attack 2,true positive
business,metric,5694,user5694,malicious,attack 2,false positive
business,log,5694,user5694,malicious,attack 2,false positive
business,trace,5694,user5694,malicious,attack 2,true positive
infrastructure,metric,3335,user3335,malicious,attack 1,false positive
infrastructure,log,3335,user3335,malicious,attack 1,true positive
infrastructure,trace,3335,user3335,malicious,attack 1,false positive
business,metric,8328,user8328,regular,no attack,false positive
business,log,8328,user8328,regular,no attack,false positive
business,trace,8328,user8328,regular,no attack,false positive
infrastructure,metric,7739,user7739,malicious,attack 2,false positive
infrastructure,log,7739,user7739,malicious,attack 2,false positive
infrastructure,trace,7739,user7739,malicious,attack 2,true positive
infrastructure,metric,2462,user2462,malicious,attack 1,false positive
infrastructure,log,2462,user2462,malicious,attack 1,true positive
infrastructure,trace,2462,user2462,malicious,attack 1,false positive
business,metric,6277,user6277,regular,no attack,false positive
business,log,6277,user6277,regular,no attack,false positive
business,trace,6277,user6277,regular,no attack,false positive
infrastructure,metric,9492,user9492,regular,no attack,false positive
infrastructure,log,9492,user9492,regular,no attack,false positive
infrastructure,trace,9492,user9492,regular,no attack,false positive
business,metric,8536,user8536,malicious,attack 1,false positive
business,log,8536,user8536,malicious,attack 1,true positive
business,trace,8536,user8536,malicious,attack 1,false positive
business,metric,9414,user9414,malicious,attack 1,false positive
business,log,9414,user9414,malicious,attack 1,true positive
business,trace,9414,user9414,malicious,attack 1,false positive
infrastructure,metric,9772,user9772,malicious,attack 1,false positive
infrastructure,log,9772,user9772,malicious,attack 1,true positive
infrastructure,trace,9772,user9772,malicious,attack 1,false positive
infrastructure,metric,8415,user8415,regular,no attack,false positive
infrastructure,log,8415,user8415,regular,no attack,false positive
infrastructure,trace,8415,user8415,regular,no attack,false positive
infrastructure,metric,9120,user9120,regular,no attack,false positive
infrastructure,log,9120,user9120,regular,no attack,false positive
infrastructure,trace,9120,user9120,regular,no attack,false positive
business,metric,3256,user3256,malicious,attack 1,false positive
business,log,3256,user3256,malicious,attack 1,true positive
business,trace,3256,user3256,malicious,attack 1,false positive
infrastructure,metric,6457,user6457,malicious,attack 2,false positive
infrastructure,log,6457,user6457,malicious,attack 2,false positive
infrastructure,trace,6457,user6457,malicious,attack 2,true positive
infrastructure,metric,3132,user3132,malicious,attack 2,false positive
infrastructure,log,3132,user3132,malicious,attack 2,false positive
infrastructure,trace,3132,user3132,malicious,attack 2,true positive
business,metric,8686,user8686,regular,no attack,false positive
business,log,8686,user8686,regular,no attack,false positive
business,trace,8686,user8686,regular,no attack,false positive
business,metric,7647,user7647,malicious,attack 2,false positive
business,log,7647,user7647,malicious,attack 2,false positive
business,trace,7647,user7647,malicious,attack 2,true positive
business,metric,9985,user9985,malicious,attack 1,false positive
business,log,9985,user9985,malicious,attack 1,true positive
business,trace,9985,user9985,malicious,attack 1,false positive
business,metric,6834,user6834,regular,no attack,false positive
business,log,6834,user6834,regular,no attack,false positive
business,trace,6834,user6834,regular,no attack,false positive
infrastructure,metric,2829,user2829,malicious,attack 2,false positive
infrastructure,log,2829,user2829,malicious,attack 2,false positive
infrastructure,trace,2829,user2829,malicious,attack 2,true positive
infrastructure,metric,3916,user3916,malicious,attack 2,false positive
infrastructure,log,3916,user3916,malicious,attack 2,false positive
infrastructure,trace,3916,user3916,malicious,attack 2,true positive
business,metric,902,user902,malicious,attack 2,false positive
business,log,902,user902,malicious,attack 2,false positive
business,trace,902,user902,malicious,attack 2,true positive
business,metric,8016,user8016,malicious,attack 1,false positive
business,log,8016,user8016,malicious,attack 1,true positive
business,trace,8016,user8016,malicious,attack 1,false positive
infrastructure,metric,2690,user2690,regular,no attack,false positive
infrastructure,log,2690,user2690,regular,no attack,false positive
infrastructure,trace,2690,user2690,regular,no attack,false positive
infrastructure,metric,7951,user7951,malicious,attack 2,false positive
infrastructure,log,7951,user7951,malicious,attack 2,false positive
infrastructure,trace,7951,user7951,malicious,attack 2,true positive
business,metric,7034,user7034,malicious,attack 2,false positive
business,log,7034,user7034,malicious,attack 2,false positive
business,trace,7034,user7034,malicious,attack 2,true positive
business,metric,8427,user8427,regular,no attack,false positive
business,log,8427,user8427,regular,no attack,false positive
business,trace,8427,user8427,regular,no attack,false positive
business,metric,2767,user2767,malicious,attack 1,false positive
business,log,2767,user2767,malicious,attack 1,true positive
business,trace,2767,user2767,malicious,attack 1,false positive
business,metric,2827,user2827,malicious,attack 1,false positive
business,log,2827,user2827,malicious,attack 1,true positive
business,trace,2827,user2827,malicious,attack 1,false positive
infrastructure,metric,3617,user3617,regular,no attack,false positive
infrastructure,log,3617,user3617,regular,no attack,false positive
infrastructure,trace,3617,user3617,regular,no attack,false positive
business,metric,5089,user5089,regular,no attack,false positive
business,log,5089,user5089,regular,no attack,false positive
business,trace,5089,user5089,regular,no attack,false positive
business,metric,7186,user7186,malicious,attack 2,false positive
business,log,7186,user7186,malicious,attack 2,false positive
business,trace,7186,user7186,malicious,attack 2,true positive
infrastructure,metric,7370,user7370,regular,no attack,false positive
infrastructure,log,7370,user7370,regular,no attack,false positive
infrastructure,trace,7370,user7370,regular,no attack,false positive
business,metric,3392,user3392,regular,no attack,false positive
business,log,3392,user3392,regular,no attack,false positive
business,trace,3392,user3392,regular,no attack,false positive
business,metric,7098,user7098,malicious,attack 2,false positive
business,log,7098,user7098,malicious,attack 2,false positive
business,trace,7098,user7098,malicious,attack 2,true positive
infrastructure,metric,4563,user4563,malicious,attack 1,false positive
infrastructure,log,4563,user4563,malicious,attack 1,true positive
infrastructure,trace,4563,user4563,malicious,attack 1,false positive
business,metric,1150,user1150,malicious,attack 2,false positive
business,log,1150,user1150,malicious,attack 2,false positive
business,trace,1150,user1150,malicious,attack 2,true positive
business,metric,7940,user7940,malicious,attack 1,false positive
business,log,7940,user7940,malicious,attack 1,true positive
business,trace,7940,user7940,malicious,attack 1,false positive
business,metric,3601,user3601,malicious,attack 1,false positive
business,log,3601,user3601,malicious,attack 1,true positive
business,trace,3601,user3601,malicious,attack 1,false positive
business,metric,8794,user8794,malicious,attack 1,false positive
business,log,8794,user8794,malicious,attack 1,true positive
business,trace,8794,user8794,malicious,attack 1,false positive
infrastructure,metric,2891,user2891,regular,no attack,false positive
infrastructure,log,2891,user2891,regular,no attack,false positive
infrastructure,trace,2891,user2891,regular,no attack,false positive
business,metric,8910,user8910,malicious,attack 2,false positive
business,log,8910,user8910,malicious,attack 2,false positive
business,trace,8910,user8910,malicious,attack 2,true positive
infrastructure,metric,6432,user6432,malicious,attack 1,false positive
infrastructure,log,6432,user6432,malicious,attack 1,true positive
infrastructure,trace,6432,user6432,malicious,attack 1,false positive
infrastructure,metric,9083,user9083,malicious,attack 1,false positive
infrastructure,log,9083,user9083,malicious,attack 1,true positive
infrastructure,trace,9083,user9083,malicious,attack 1,false positive
infrastructure,metric,8297,user8297,malicious,attack 1,false positive
infrastructure,log,8297,user8297,malicious,attack 1,true positive
infrastructure,trace,8297,user8297,malicious,attack 1,false positive
business,metric,2262,user2262,malicious,attack 1,false positive
business,log,2262,user2262,malicious,attack 1,true positive
business,trace,2262,user2262,malicious,attack 1,false positive
business,metric,3965,user3965,regular,no attack,false positive
business,log,3965,user3965,regular,no attack,false positive
business,trace,3965,user3965,regular,no attack,false positive
infrastructure,metric,8232,user8232,malicious,attack 2,false positive
infrastructure,log,8232,user8232,malicious,attack 2,false positive
infrastructure,trace,8232,user8232,malicious,attack 2,true positive
business,metric,1591,user1591,regular,no attack,false positive
business,log,1591,user1591,regular,no attack,false positive
business,trace,1591,user1591,regular,no attack,false positive
infrastructure,metric,870,user870,malicious,attack 2,false positive
infrastructure,log,870,user870,malicious,attack 2,false positive
infrastructure,trace,870,user870,malicious,attack 2,true positive
business,metric,1523,user1523,malicious,attack 1,false positive
business,log,1523,user1523,malicious,attack 1,true positive
business,trace,1523,user1523,malicious,attack 1,false positive
infrastructure,metric,2888,user2888,malicious,attack 1,false positive
infrastructure,log,2888,user2888,malicious,attack 1,true positive
infrastructure,trace,2888,user2888,malicious,attack 1,false positive
infrastructure,metric,1247,user1247,malicious,attack 2,false positive
infrastructure,log,1247,user1247,malicious,attack 2,false positive
infrastructure,trace,1247,user1247,malicious,attack 2,true positive
infrastructure,metric,4815,user4815,malicious,attack 2,false positive
infrastructure,log,4815,user4815,malicious,attack 2,false positive
infrastructure,trace,4815,user4815,malicious,attack 2,true positive
business,metric,486,user486,regular,no attack,false positive
business,log,486,user486,regular,no attack,false positive
business,trace,486,user486,regular,no attack,false positive
infrastructure,metric,6588,user6588,malicious,attack 1,false positive
infrastructure,log,6588,user6588,malicious,attack 1,true positive
infrastructure,trace,6588,user6588,malicious,attack 1,false positive
infrastructure,metric,5378,user5378,malicious,attack 1,false positive
infrastructure,log,5378,user5378,malicious,attack 1,true positive
infrastructure,trace,5378,user5378,malicious,attack 1,false positive
infrastructure,metric,4475,user4475,malicious,attack 2,false positive
infrastructure,log,4475,user4475,malicious,attack 2,false positive
infrastructure,trace,4475,user4475,malicious,attack 2,true positive
business,metric,5486,user5486,malicious,attack 2,false positive
business,log,5486,user5486,malicious,attack 2,false positive
business,trace,5486,user5486,malicious,attack 2,true positive
infrastructure,metric,6168,user6168,regular,no attack,false positive
infrastructure,log,6168,user6168,regular,no attack,false positive
infrastructure,trace,6168,user6168,regular,no attack,false positive
business,metric,9166,user9166,malicious,attack 2,false positive
business,log,9166,user9166,malicious,attack 2,false positive
business,trace,9166,user9166,malicious,attack 2,true positive
business,metric,9886,user9886,malicious,attack 1,false positive
business,log,9886,user9886,malicious,attack 1,true positive
business,trace,9886,user9886,malicious,attack 1,false positive
infrastructure,metric,7923,user7923,malicious,attack 1,false positive
infrastructure,log,7923,user7923,malicious,attack 1,true positive
infrastructure,trace,7923,user7923,malicious,attack 1,false positive
infrastructure,metric,3473,user3473,regular,no attack,false positive
infrastructure,log,3473,user3473,regular,no attack,false positive
infrastructure,trace,3473,user3473,regular,no attack,false positive
business,metric,9466,user9466,regular,no attack,false positive
business,log,9466,user9466,regular,no attack,false positive
business,trace,9466,user9466,regular,no attack,false positive
infrastructure,metric,7605,user7605,malicious,attack 2,false positive
infrastructure,log,7605,user7605,malicious,attack 2,false positive
infrastructure,trace,7605,user7605,malicious,attack 2,true positive
business,metric,6708,user6708,malicious,attack 2,false positive
business,log,6708,user6708,malicious,attack 2,false positive
business,trace,6708,user6708,malicious,attack 2,true positive
business,metric,1330,user1330,regular,no attack,false positive
business,log,1330,user1330,regular,no attack,false positive
business,trace,1330,user1330,regular,no attack,false positive
infrastructure,metric,3286,user3286,malicious,attack 1,false positive
infrastructure,log,3286,user3286,malicious,attack 1,true positive
infrastructure,trace,3286,user3286,malicious,attack 1,false positive
infrastructure,metric,4196,user4196,malicious,attack 1,false positive
infrastructure,log,4196,user4196,malicious,attack 1,true positive
infrastructure,trace,4196,user4196,malicious,attack 1,false positive
infrastructure,metric,4934,user4934,regular,no attack,false positive
infrastructure,log,4934,user4934,regular,no attack,false positive
infrastructure,trace,4934,user4934,regular,no attack,false positive
infrastructure,metric,930,user930,regular,no attack,false positive
infrastructure,log,930,user930,regular,no attack,false positive
infrastructure,trace,930,user930,regular,no attack,false positive
infrastructure,metric,5408,user5408,malicious,attack 2,false positive
infrastructure,log,5408,user5408,malicious,attack 2,false positive
infrastructure,trace,5408,user5408,malicious,attack 2,true positive
business,metric,8981,user8981,regular,no attack,false positive
business,log,8981,user8981,regular,no attack,false positive
business,trace,8981,user8981,regular,no attack,false positive
business,metric,2896,user2896,malicious,attack 1,false positive
business,log,2896,user2896,malicious,attack 1,true positive
business,trace,2896,user2896,malicious,attack 1,false positive
infrastructure,metric,6773,user6773,malicious,attack 2,false positive
infrastructure,log,6773,user6773,malicious,attack 2,false positive
infrastructure,trace,6773,user6773,malicious,attack 2,true positive
business,metric,4119,user4119,malicious,attack 1,false positive
business,log,4119,user4119,malicious,attack 1,true positive
business,trace,4119,user4119,malicious,attack 1,false positive
business,metric,4830,user4830,malicious,attack 1,false positive
business,log,4830,user4830,malicious,attack 1,true positive
business,trace,4830,user4830,malicious,attack 1,false positive
business,metric,3477,user3477,malicious,attack 2,false positive
business,log,3477,user3477,malicious,attack 2,false positive
business,trace,3477,user3477,malicious,attack 2,true positive
infrastructure,metric,1861,user1861,malicious,attack 2,false positive
infrastructure,log,1861,user1861,malicious,attack 2,false positive
infrastructure,trace,1861,user1861,malicious,attack 2,true positive
business,metric,3375,user3375,malicious,attack 2,false positive
business,log,3375,user3375,malicious,attack 2,false positive
business,trace,3375,user3375,malicious,attack 2,true positive
business,metric,6410,user6410,malicious,attack 1,false positive
business,log,6410,user6410,malicious,attack 1,true positive
business,trace,6410,user6410,malicious,attack 1,false positive
business,metric,7510,user7510,malicious,attack 2,false positive
business,log,7510,user7510,malicious,attack 2,false positive
business,trace,7510,user7510,malicious,attack 2,true positive
infrastructure,metric,6215,user6215,regular,no attack,false positive
infrastructure,log,6215,user6215,regular,no attack,false positive
infrastructure,trace,6215,user6215,regular,no attack,false positive
infrastructure,metric,6774,user6774,malicious,attack 1,false positive
infrastructure,log,6774,user6774,malicious,attack 1,true positive
infrastructure,trace,6774,user6774,malicious,attack 1,false positive
business,metric,5576,user5576,malicious,attack 2,false positive
business,log,5576,user5576,malicious,attack 2,false positive
business,trace,5576,user5576,malicious,attack 2,true positive
infrastructure,metric,9153,user9153,malicious,attack 2,false positive
infrastructure,log,9153,user9153,malicious,attack 2,false positive
infrastructure,trace,9153,user9153,malicious,attack 2,true positive
infrastructure,metric,4247,user4247,regular,no attack,false positive
infrastructure,log,4247,user4247,regular,no attack,false positive
infrastructure,trace,4247,user4247,regular,no attack,false positive
business,metric,4256,user4256,malicious,attack 2,false positive
business,log,4256,user4256,malicious,attack 2,false positive
business,trace,4256,user4256,malicious,attack 2,true positive
business,metric,9761,user9761,malicious,attack 2,false positive
business,log,9761,user9761,malicious,attack 2,false positive
business,trace,9761,user9761,malicious,attack 2,true positive
business,metric,4108,user4108,malicious,attack 2,false positive
business,log,4108,user4108,malicious,attack 2,false positive
business,trace,4108,user4108,malicious,attack 2,true positive
infrastructure,metric,5255,user5255,regular,no attack,false positive
infrastructure,log,5255,user5255,regular,no attack,false positive
infrastructure,trace,5255,user5255,regular,no attack,false positive
infrastructure,metric,1212,user1212,malicious,attack 2,false positive
infrastructure,log,1212,user1212,malicious,attack 2,false positive
infrastructure,trace,1212,user1212,malicious,attack 2,true positive
business,metric,3800,user3800,malicious,attack 1,false positive
business,log,3800,user3800,malicious,attack 1,true positive
business,trace,3800,user3800,malicious,attack 1,false positive
business,metric,7997,user7997,malicious,attack 1,false positive
business,log,7997,user7997,malicious,attack 1,true positive
business,trace,7997,user7997,malicious,attack 1,false positive
business,metric,366,user366,malicious,attack 2,false positive
business,log,366,user366,malicious,attack 2,false positive
business,trace,366,user366,malicious,attack 2,true positive
infrastructure,metric,3598,user3598,malicious,attack 2,false positive
infrastructure,log,3598,user3598,malicious,attack 2,false positive
infrastructure,trace,3598,user3598,malicious,attack 2,true positive
infrastructure,metric,1560,user1560,malicious,attack 1,false positive
infrastructure,log,1560,user1560,malicious,attack 1,true positive
infrastructure,trace,1560,user1560,malicious,attack 1,false positive
infrastructure,metric,9481,user9481,malicious,attack 1,false positive
infrastructure,log,9481,user9481,malicious,attack 1,true positive
infrastructure,trace,9481,user9481,malicious,attack 1,false positive
infrastructure,metric,1365,user1365,regular,no attack,false positive
infrastructure,log,1365,user1365,regular,no attack,false positive
infrastructure,trace,1365,user1365,regular,no attack,false positive
infrastructure,metric,6476,user6476,malicious,attack 1,false positive
infrastructure,log,6476,user6476,malicious,attack 1,true positive
infrastructure,trace,6476,user6476,malicious,attack 1,false positive
business,metric,857,user857,malicious,attack 2,false positive
business,log,857,user857,malicious,attack 2,false positive
business,trace,857,user857,malicious,attack 2,true positive
infrastructure,metric,1867,user1867,malicious,attack 2,false positive
infrastructure,log,1867,user1867,malicious,attack 2,false positive
infrastructure,trace,1867,user1867,malicious,attack 2,true positive
business,metric,8040,user8040,malicious,attack 2,false positive
business,log,8040,user8040,malicious,attack 2,false positive
business,trace,8040,user8040,malicious,attack 2,true positive
business,metric,1209,user1209,malicious,attack 2,false positive
business,log,1209,user1209,malicious,attack 2,false positive
business,trace,1209,user1209,malicious,attack 2,true positive
business,metric,8553,user8553,malicious,attack 2,false positive
business,log,8553,user8553,malicious,attack 2,false positive
business,trace,8553,user8553,malicious,attack 2,true positive
business,metric,2598,user2598,malicious,attack 1,false positive
business,log,2598,user2598,malicious,attack 1,true positive
business,trace,2598,user2598,malicious,attack 1,false positive
business,metric,2607,user2607,malicious,attack 2,false positive
business,log,2607,user2607,malicious,attack 2,false positive
business,trace,2607,user2607,malicious,attack 2,true positive
infrastructure,metric,6163,user6163,malicious,attack 2,false positive
infrastructure,log,6163,user6163,malicious,attack 2,false positive
infrastructure,trace,6163,user6163,malicious,attack 2,true positive
business,metric,457,user457,malicious,attack 1,false positive
business,log,457,user457,malicious,attack 1,true positive
business,trace,457,user457,malicious,attack 1,false positive
infrastructure,metric,5757,user5757,regular,no attack,false positive
infrastructure,log,5757,user5757,regular,no attack,false positive
infrastructure,trace,5757,user5757,regular,no attack,false positive
business,metric,3237,user3237,malicious,attack 1,false positive
business,log,3237,user3237,malicious,attack 1,true positive
business,trace,3237,user3237,malicious,attack 1,false positive
infrastructure,metric,6997,user6997,malicious,attack 2,false positive
infrastructure,log,6997,user6997,malicious,attack 2,false positive
infrastructure,trace,6997,user6997,malicious,attack 2,true positive
infrastructure,metric,531,user531,malicious,attack 2,false positive
infrastructure,log,531,user531,malicious,attack 2,false positive
infrastructure,trace,531,user531,malicious,attack 2,true positive
business,metric,4391,user4391,malicious,attack 2,false positive
business,log,4391,user4391,malicious,attack 2,false positive
business,trace,4391,user4391,malicious,attack 2,true positive
business,metric,6582,user6582,regular,no attack,false positive
business,log,6582,user6582,regular,no attack,false positive
business,trace,6582,user6582,regular,no attack,false positive
infrastructure,metric,739,user739,malicious,attack 2,false positive
infrastructure,log,739,user739,malicious,attack 2,false positive
infrastructure,trace,739,user739,malicious,attack 2,true positive
infrastructure,metric,8457,user8457,malicious,attack 2,false positive
infrastructure,log,8457,user8457,malicious,attack 2,false positive
infrastructure,trace,8457,user8457,malicious,attack 2,true positive
business,metric,7887,user7887,malicious,attack 2,false positive
business,log,7887,user7887,malicious,attack 2,false positive
business,trace,7887,user7887,malicious,attack 2,true positive
infrastructure,metric,6588,user6588,malicious,attack 2,false positive
infrastructure,log,6588,user6588,malicious,attack 2,false positive
infrastructure,trace,6588,user6588,malicious,attack 2,true positive
business,metric,2588,user2588,regular,no attack,false positive
business,log,2588,user2588,regular,no attack,false positive
business,trace,2588,user2588,regular,no attack,false positive
business,metric,5817,user5817,malicious,attack 1,false positive
business,log,5817,user5817,malicious,attack 1,true positive
business,trace,5817,user5817,malicious,attack 1,false positive
business,metric,2758,user2758,malicious,attack 2,false positive
business,log,2758,user2758,malicious,attack 2,false positive
business,trace,2758,user2758,malicious,attack 2,true positive
business,metric,7212,user7212,malicious,attack 2,false positive
business,log,7212,user7212,malicious,attack 2,false positive
business,trace,7212,user7212,malicious,attack 2,true positive
infrastructure,metric,6421,user6421,malicious,attack 1,false positive
infrastructure,log,6421,user6421,malicious,attack 1,true positive
infrastructure,trace,6421,user6421,malicious,attack 1,false positive
business,metric,5353,user5353,malicious,attack 1,false positive
business,log,5353,user5353,malicious,attack 1,true positive
business,trace,5353,user5353,malicious,attack 1,false positive
business,metric,1044,user1044,malicious,attack 2,false positive
business,log,1044,user1044,malicious,attack 2,false positive
business,trace,1044,user1044,malicious,attack 2,true positive
infrastructure,metric,5471,user5471,regular,no attack,false positive
infrastructure,log,5471,user5471,regular,no attack,false positive
infrastructure,trace,5471,user5471,regular,no attack,false positive
business,metric,1719,user1719,malicious,attack 2,false positive
business,log,1719,user1719,malicious,attack 2,false positive
business,trace,1719,user1719,malicious,attack 2,true positive
business,metric,7264,user7264,malicious,attack 1,false positive
business,log,7264,user7264,malicious,attack 1,true positive
business,trace,7264,user7264,malicious,attack 1,false positive
business,metric,5545,user5545,malicious,attack 1,false positive
business,log,5545,user5545,malicious,attack 1,true positive
business,trace,5545,user5545,malicious,attack 1,false positive
infrastructure,metric,3876,user3876,malicious,attack 2,false positive
infrastructure,log,3876,user3876,malicious,attack 2,false positive
infrastructure,trace,3876,user3876,malicious,attack 2,true positive
business,metric,364,user364,regular,no attack,false positive
business,log,364,user364,regular,no attack,false positive
business,trace,364,user364,regular,no attack,false positive
business,metric,665,user665,malicious,attack 1,false positive
business,log,665,user665,malicious,attack 1,true positive
business,trace,665,user665,malicious,attack 1,false positive
infrastructure,metric,4522,user4522,regular,no attack,false positive
infrastructure,log,4522,user4522,regular,no attack,false positive
infrastructure,trace,4522,user4522,regular,no attack,false positive
business,metric,5280,user5280,malicious,attack 2,false positive
business,log,5280,user5280,malicious,attack 2,false positive
business,trace,5280,user5280,malicious,attack 2,true positive
business,metric,3179,user3179,malicious,attack 1,false positive
business,log,3179,user3179,malicious,attack 1,true positive
business,trace,3179,user3179,malicious,attack 1,false positive
business,metric,538,user538,malicious,attack 1,false positive
business,log,538,user538,malicious,attack 1,true positive
business,trace,538,user538,malicious,attack 1,false positive
business,metric,4116,user4116,regular,no attack,false positive
business,log,4116,user4116,regular,no attack,false positive
business,trace,4116,user4116,regular,no attack,false positive
infrastructure,metric,5280,user5280,malicious,attack 1,false positive
infrastructure,log,5280,user5280,malicious,attack 1,true positive
infrastructure,trace,5280,user5280,malicious,attack 1,false positive
business,metric,679,user679,malicious,attack 2,false positive
business,log,679,user679,malicious,attack 2,false positive
business,trace,679,user679,malicious,attack 2,true positive
infrastructure,metric,4955,user4955,malicious,attack 1,false positive
infrastructure,log,4955,user4955,malicious,attack 1,true positive
infrastructure,trace,4955,user4955,malicious,attack 1,false positive
infrastructure,metric,6879,user6879,regular,no attack,false positive
infrastructure,log,6879,user6879,regular,no attack,false positive
infrastructure,trace,6879,user6879,regular,no attack,false positive
infrastructure,metric,6522,user6522,malicious,attack 2,false positive
infrastructure,log,6522,user6522,malicious,attack 2,false positive
infrastructure,trace,6522,user6522,malicious,attack 2,true positive
infrastructure,metric,3939,user3939,malicious,attack 2,false positive
infrastructure,log,3939,user3939,malicious,attack 2,false positive
infrastructure,trace,3939,user3939,malicious,attack 2,true positive
business,metric,810,user810,malicious,attack 2,false positive
business,log,810,user810,malicious,attack 2,false positive
business,trace,810,user810,malicious,attack 2,true positive
business,metric,6923,user6923,malicious,attack 1,false positive
business,log,6923,user6923,malicious,attack 1,true positive
business,trace,6923,user6923,malicious,attack 1,false positive
infrastructure,metric,455,user455,malicious,attack 1,false positive
infrastructure,log,455,user455,malicious,attack 1,true positive
infrastructure,trace,455,user455,malicious,attack 1,false positive
business,metric,6277,user6277,regular,no attack,false positive
business,log,6277,user6277,regular,no attack,false positive
business,trace,6277,user6277,regular,no attack,false positive
business,metric,5246,user5246,malicious,attack 2,false positive
business,log,5246,user5246,malicious,attack 2,false positive
business,trace,5246,user5246,malicious,attack 2,true positive
infrastructure,metric,4425,user4425,malicious,attack 1,false positive
infrastructure,log,4425,user4425,malicious,attack 1,true positive
infrastructure,trace,4425,user4425,malicious,attack 1,false positive
infrastructure,metric,5812,user5812,malicious,attack 2,false positive
infrastructure,log,5812,user5812,malicious,attack 2,false positive
infrastructure,trace,5812,user5812,malicious,attack 2,true positive
infrastructure,metric,7010,user7010,malicious,attack 2,false positive
infrastructure,log,7010,user7010,malicious,attack 2,false positive
infrastructure,trace,7010,user7010,malicious,attack 2,true positive
infrastructure,metric,7393,user7393,malicious,attack 1,false positive
infrastructure,log,7393,user7393,malicious,attack 1,true positive
infrastructure,trace,7393,user7393,malicious,attack 1,false positive
infrastructure,metric,2565,user2565,regular,no attack,false positive
infrastructure,log,2565,user2565,regular,no attack,false positive
infrastructure,trace,2565,user2565,regular,no attack,false positive
business,metric,9523,user9523,malicious,attack 1,false positive
business,log,9523,user9523,malicious,attack 1,true positive
business,trace,9523,user9523,malicious,attack 1,false positive
infrastructure,metric,1438,user1438,malicious,attack 2,false positive
infrastructure,log,1438,user1438,malicious,attack 2,false positive
infrastructure,trace,1438,user1438,malicious,attack 2,true positive
infrastructure,metric,3994,user3994,regular,no attack,false positive
infrastructure,log,3994,user3994,regular,no attack,false positive
infrastructure,trace,3994,user3994,regular,no attack,false positive
infrastructure,metric,9346,user9346,regular,no attack,false positive
infrastructure,log,9346,user9346,regular,no attack,false positive
infrastructure,trace,9346,user9346,regular,no attack,false positive
business,metric,5152,user5152,malicious,attack 1,false positive
business,log,5152,user5152,malicious,attack 1,true positive
business,trace,5152,user5152,malicious,attack 1,false positive
infrastructure,metric,1021,user1021,regular,no attack,false positive
infrastructure,log,1021,user1021,regular,no attack,false positive
infrastructure,trace,1021,user1021,regular,no attack,false positive
business,metric,5802,user5802,malicious,attack 2,false positive
business,log,5802,user5802,malicious,attack 2,false positive
business,trace,5802,user5802,malicious,attack 2,true positive
infrastructure,metric,2340,user2340,malicious,attack 2,false positive
infrastructure,log,2340,user2340,malicious,attack 2,false positive
infrastructure,trace,2340,user2340,malicious,attack 2,true positive
business,metric,949,user949,malicious,attack 1,false positive
business,log,949,user949,malicious,attack 1,true positive
business,trace,949,user949,malicious,attack 1,false positive
business,metric,9210,user9210,malicious,attack 1,false positive
business,log,9210,user9210,malicious,attack 1,true positive
business,trace,9210,user9210,malicious,attack 1,false positive
infrastructure,metric,4292,user4292,regular,no attack,false positive
infrastructure,log,4292,user4292,regular,no attack,false positive
infrastructure,trace,4292,user4292,regular,no attack,false positive
business,metric,9146,user9146,regular,no attack,false positive
business,log,9146,user9146,regular,no attack,false positive
business,trace,9146,user9146,regular,no attack,false positive
infrastructure,metric,4934,user4934,regular,no attack,false positive
infrastructure,log,4934,user4934,regular,no attack,false positive
infrastructure,trace,4934,user4934,regular,no attack,false positive
infrastructure,metric,7826,user7826,malicious,attack 2,false positive
infrastructure,log,7826,user7826,malicious,attack 2,false positive
infrastructure,trace,7826,user7826,malicious,attack 2,true positive
infrastructure,metric,4448,user4448,malicious,attack 1,false positive
infrastructure,log,4448,user4448,malicious,attack 1,true positive
infrastructure,trace,4448,user4448,malicious,attack 1,false positive
business,metric,8539,user8539,malicious,attack 2,false positive
business,log,8539,user8539,malicious,attack 2,false positive
business,trace,8539,user8539,malicious,attack 2,true positive
infrastructure,metric,7612,user7612,malicious,attack 1,false positive
infrastructure,log,7612,user7612,malicious,attack 1,true positive
infrastructure,trace,7612,user7612,malicious,attack 1,false positive
business,metric,8845,user8845,malicious,attack 1,false positive
business,log,8845,user8845,malicious,attack 1,true positive
business,trace,8845,user8845,malicious,attack 1,false positive
business,metric,1429,user1429,malicious,attack 1,false positive
business,log,1429,user1429,malicious,attack 1,true positive
business,trace,1429,user1429,malicious,attack 1,false positive
infrastructure,metric,7394,user7394,regular,no attack,false positive
infrastructure,log,7394,user7394,regular,no attack,false positive
infrastructure,trace,7394,user7394,regular,no attack,false positive
business,metric,9229,user9229,malicious,attack 1,false positive
business,log,9229,user9229,malicious,attack 1,true positive
business,trace,9229,user9229,malicious,attack 1,false positive
infrastructure,metric,5095,user5095,regular,no attack,false positive
infrastructure,log,5095,user5095,regular,no attack,false positive
infrastructure,trace,5095,user5095,regular,no attack,false positive
business,metric,1775,user1775,malicious,attack 1,false positive
business,log,1775,user1775,malicious,attack 1,true positive
business,trace,1775,user1775,malicious,attack 1,false positive
business,metric,2943,user2943,malicious,attack 1,false positive
business,log,2943,user2943,malicious,attack 1,true positive
business,trace,2943,user2943,malicious,attack 1,false positive
business,metric,6685,user6685,malicious,attack 2,false positive
business,log,6685,user6685,malicious,attack 2,false positive
business,trace,6685,user6685,malicious,attack 2,true positive
infrastructure,metric,2038,user2038,regular,no attack,false positive
infrastructure,log,2038,user2038,regular,no attack,false positive
infrastructure,trace,2038,user2038,regular,no attack,false positive
infrastructure,metric,8445,user8445,malicious,attack 1,false positive
infrastructure,log,8445,user8445,malicious,attack 1,true positive
infrastructure,trace,8445,user8445,malicious,attack 1,false positive
business,metric,4149,user4149,regular,no attack,false positive
business,log,4149,user4149,regular,no attack,false positive
business,trace,4149,user4149,regular,no attack,false positive
infrastructure,metric,1935,user1935,malicious,attack 2,false positive
infrastructure,log,1935,user1935,malicious,attack 2,false positive
infrastructure,trace,1935,user1935,malicious,attack 2,true positive
infrastructure,metric,7851,user7851,malicious,attack 2,false positive
infrastructure,log,7851,user7851,malicious,attack 2,false positive
infrastructure,trace,7851,user7851,malicious,attack 2,true positive
business,metric,3125,user3125,regular,no attack,false positive
business,log,3125,user3125,regular,no attack,false positive
business,trace,3125,user3125,regular,no attack,false positive
business,metric,4782,user4782,malicious,attack 2,false positive
business,log,4782,user4782,malicious,attack 2,false positive
business,trace,4782,user4782,malicious,attack 2,true positive
business,metric,8628,user8628,regular,no attack,false positive
business,log,8628,user8628,regular,no attack,false positive
business,trace,8628,user8628,regular,no attack,false positive
infrastructure,metric,2153,user2153,regular,no attack,false positive
infrastructure,log,2153,user2153,regular,no attack,false positive
infrastructure,trace,2153,user2153,regular,no attack,false positive
infrastructure,metric,9045,user9045,malicious,attack 1,false positive
infrastructure,log,9045,user9045,malicious,attack 1,true positive
infrastructure,trace,9045,user9045,malicious,attack 1,false positive
infrastructure,metric,5457,user5457,malicious,attack 2,false positive
infrastructure,log,5457,user5457,malicious,attack 2,false positive
infrastructure,trace,5457,user5457,malicious,attack 2,true positive
infrastructure,metric,1217,user1217,malicious,attack 2,false positive
infrastructure,log,1217,user1217,malicious,attack 2,false positive
infrastructure,trace,1217,user1217,malicious,attack 2,true positive
infrastructure,metric,8836,user8836,malicious,attack 1,false positive
infrastructure,log,8836,user8836,malicious,attack 1,true positive
infrastructure,trace,8836,user8836,malicious,attack 1,false positive
infrastructure,metric,9492,user9492,regular,no attack,false positive
infrastructure,log,9492,user9492,regular,no attack,false positive
infrastructure,trace,9492,user9492,regular,no attack,false positive
infrastructure,metric,2673,user2673,malicious,attack 1,false positive
infrastructure,log,2673,user2673,malicious,attack 1,true positive
infrastructure,trace,2673,user2673,malicious,attack 1,false positive
business,metric,4341,user4341,malicious,attack 1,false positive
business,log,4341,user4341,malicious,attack 1,true positive
business,trace,4341,user4341,malicious,attack 1,false positive
infrastructure,metric,2152,user2152,malicious,attack 1,false positive
infrastructure,log,2152,user2152,malicious,attack 1,true positive
infrastructure,trace,2152,user2152,malicious,attack 1,false positive
infrastructure,metric,2308,user2308,regular,no attack,false positive
infrastructure,log,2308,user2308,regular,no attack,false positive
infrastructure,trace,2308,user2308,regular,no attack,false positive
business,metric,3966,user3966,malicious,attack 2,false positive
business,log,3966,user3966,malicious,attack 2,false positive
business,trace,3966,user3966,malicious,attack 2,true positive
infrastructure,metric,8173,user8173,malicious,attack 1,false positive
infrastructure,log,8173,user8173,malicious,attack 1,true positive
infrastructure,trace,8173,user8173,malicious,attack 1,false positive
infrastructure,metric,509,user509,malicious,attack 2,false positive
infrastructure,log,509,user509,malicious,attack 2,false positive
infrastructure,trace,509,user509,malicious,attack 2,true positive
business,metric,7902,user7902,regular,no attack,false positive
business,log,7902,user7902,regular,no attack,false positive
business,trace,7902,user7902,regular,no attack,false positive
business,metric,4622,user4622,malicious,attack 2,false positive
business,log,4622,user4622,malicious,attack 2,false positive
business,trace,4622,user4622,malicious,attack 2,true positive
business,metric,7746,user7746,regular,no attack,false positive
business,log,7746,user7746,regular,no attack,false positive
business,trace,7746,user7746,regular,no attack,false positive
business,metric,4001,user4001,malicious,attack 2,false positive
business,log,4001,user4001,malicious,attack 2,false positive
business,trace,4001,user4001,malicious,attack 2,true positive
business,metric,5800,user5800,malicious,attack 2,false positive
business,log,5800,user5800,malicious,attack 2,false positive
business,trace,5800,user5800,malicious,attack 2,true positive
infrastructure,metric,2691,user2691,regular,no attack,false positive
infrastructure,log,2691,user2691,regular,no attack,false positive
infrastructure,trace,2691,user2691,regular,no attack,false positive
infrastructure,metric,1748,user1748,malicious,attack 2,false positive
infrastructure,log,1748,user1748,malicious,attack 2,false positive
infrastructure,trace,1748,user1748,malicious,attack 2,true positive
infrastructure,metric,2679,user2679,malicious,attack 1,false positive
infrastructure,log,2679,user2679,malicious,attack 1,true positive
infrastructure,trace,2679,user2679,malicious,attack 1,false positive
business,metric,8600,user8600,malicious,attack 2,false positive
business,log,8600,user8600,malicious,attack 2,false positive
business,trace,8600,user8600,malicious,attack 2,true positive
infrastructure,metric,4489,user4489,malicious,attack 1,false positive
infrastructure,log,4489,user4489,malicious,attack 1,true positive
infrastructure,trace,4489,user4489,malicious,attack 1,false positive
infrastructure,metric,7074,user7074,malicious,attack 2,false positive
infrastructure,log,7074,user7074,malicious,attack 2,false positive
infrastructure,trace,7074,user7074,malicious,attack 2,true positive
business,metric,8474,user8474,regular,no attack,false positive
business,log,8474,user8474,regular,no attack,false positive
business,trace,8474,user8474,regular,no attack,false positive
infrastructure,metric,3300,user3300,malicious,attack 2,false positive
infrastructure,log,3300,user3300,malicious,attack 2,false positive
infrastructure,trace,3300,user3300,malicious,attack 2,true positive
infrastructure,metric,8367,user8367,malicious,attack 2,false positive
infrastructure,log,8367,user8367,malicious,attack 2,false positive
infrastructure,trace,8367,user8367,malicious,attack 2,true positive
business,metric,3009,user3009,malicious,attack 1,false positive
business,log,3009,user3009,malicious,attack 1,true positive
business,trace,3009,user3009,malicious,attack 1,false positive
infrastructure,metric,8141,user8141,malicious,attack 2,false positive
infrastructure,log,8141,user8141,malicious,attack 2,false positive
infrastructure,trace,8141,user8141,malicious,attack 2,true positive
infrastructure,metric,4014,user4014,malicious,attack 1,false positive
infrastructure,log,4014,user4014,malicious,attack 1,true positive
infrastructure,trace,4014,user4014,malicious,attack 1,false positive
business,metric,9899,user9899,malicious,attack 2,false positive
business,log,9899,user9899,malicious,attack 2,false positive
business,trace,9899,user9899,malicious,attack 2,true positive
infrastructure,metric,3823,user3823,malicious,attack 1,false positive
infrastructure,log,3823,user3823,malicious,attack 1,true positive
infrastructure,trace,3823,user3823,malicious,attack 1,false positive
business,metric,4854,user4854,regular,no attack,false positive
business,log,4854,user4854,regular,no attack,false positive
business,trace,4854,user4854,regular,no attack,false positive
business,metric,6877,user6877,malicious,attack 2,false positive
business,log,6877,user6877,malicious,attack 2,false positive
business,trace,6877,user6877,malicious,attack 2,true positive
infrastructure,metric,3479,user3479,regular,no attack,false positive
infrastructure,log,3479,user3479,regular,no attack,false positive
infrastructure,trace,3479,user3479,regular,no attack,false positive
infrastructure,metric,4649,user4649,malicious,attack 2,false positive
infrastructure,log,4649,user4649,malicious,attack 2,false positive
infrastructure,trace,4649,user4649,malicious,attack 2,true positive
infrastructure,metric,5916,user5916,regular,no attack,false positive
infrastructure,log,5916,user5916,regular,no attack,false positive
infrastructure,trace,5916,user5916,regular,no attack,false positive
infrastructure,metric,8846,user8846,regular,no attack,false positive
infrastructure,log,8846,user8846,regular,no attack,false positive
infrastructure,trace,8846,user8846,regular,no attack,false positive
business,metric,3066,user3066,malicious,attack 2,false positive
business,log,3066,user3066,malicious,attack 2,false positive
business,trace,3066,user3066,malicious,attack 2,true positive
infrastructure,metric,6142,user6142,malicious,attack 2,false positive
infrastructure,log,6142,user6142,malicious,attack 2,false positive
infrastructure,trace,6142,user6142,malicious,attack 2,true positive
business,metric,272,user272,malicious,attack 2,false positive
business,log,272,user272,malicious,attack 2,false positive
business,trace,272,user272,malicious,attack 2,true positive
infrastructure,metric,1552,user1552,malicious,attack 1,false positive
infrastructure,log,1552,user1552,malicious,attack 1,true positive
infrastructure,trace,1552,user1552,malicious,attack 1,false positive
infrastructure,metric,9656,user9656,regular,no attack,false positive
infrastructure,log,9656,user9656,regular,no attack,false positive
infrastructure,trace,9656,user9656,regular,no attack,false positive
business,metric,275,user275,malicious,attack 2,false positive
business,log,275,user275,malicious,attack 2,false positive
business,trace,275,user275,malicious,attack 2,true positive
infrastructure,metric,253,user253,regular,no attack,false positive
infrastructure,log,253,user253,regular,no attack,false positive
infrastructure,trace,253,user253,regular,no attack,false positive
business,metric,2568,user2568,malicious,attack 1,false positive
business,log,2568,user2568,malicious,attack 1,true positive
business,trace,2568,user2568,malicious,attack 1,false positive
infrastructure,metric,3594,user3594,malicious,attack 1,false positive
infrastructure,log,3594,user3594,malicious,attack 1,true positive
infrastructure,trace,3594,user3594,malicious,attack 1,false positive
infrastructure,metric,3965,user3965,regular,no attack,false positive
infrastructure,log,3965,user3965,regular,no attack,false positive
infrastructure,trace,3965,user3965,regular,no attack,false positive
business,metric,3843,user3843,malicious,attack 1,false positive
business,log,3843,user3843,malicious,attack 1,true positive
business,trace,3843,user3843,malicious,attack 1,false positive
infrastructure,metric,4179,user4179,malicious,attack 2,false positive
infrastructure,log,4179,user4179,malicious,attack 2,false positive
infrastructure,trace,4179,user4179,malicious,attack 2,true positive
infrastructure,metric,530,user530,malicious,attack 1,false positive
infrastructure,log,530,user530,malicious,attack 1,true positive
infrastructure,trace,530,user530,malicious,attack 1,false positive
infrastructure,metric,8688,user8688,regular,no attack,false positive
infrastructure,log,8688,user8688,regular,no attack,false positive
infrastructure,trace,8688,user8688,regular,no attack,false positive
business,metric,637,user637,malicious,attack 2,false positive
business,log,637,user637,malicious,attack 2,false positive
business,trace,637,user637,malicious,attack 2,true positive
infrastructure,metric,5733,user5733,malicious,attack 2,false positive
infrastructure,log,5733,user5733,malicious,attack 2,false positive
infrastructure,trace,5733,user5733,malicious,attack 2,true positive
infrastructure,metric,4905,user4905,malicious,attack 1,false positive
infrastructure,log,4905,user4905,malicious,attack 1,true positive
infrastructure,trace,4905,user4905,malicious,attack 1,false positive
business,metric,9577,user9577,regular,no attack,false positive
business,log,9577,user9577,regular,no attack,false positive
business,trace,9577,user9577,regular,no attack,false positive
infrastructure,metric,8438,user8438,malicious,attack 2,false positive
infrastructure,log,8438,user8438,malicious,attack 2,false positive
infrastructure,trace,8438,user8438,malicious,attack 2,true positive
infrastructure,metric,3926,user3926,regular,no attack,false positive
infrastructure,log,3926,user3926,regular,no attack,false positive
infrastructure,trace,3926,user3926,regular,no attack,false positive
infrastructure,metric,7008,user7008,malicious,attack 2,false positive
infrastructure,log,7008,user7008,malicious,attack 2,false positive
infrastructure,trace,7008,user7008,malicious,attack 2,true positive
business,metric,1010,user1010,malicious,attack 1,false positive
business,log,1010,user1010,malicious,attack 1,true positive
business,trace,1010,user1010,malicious,attack 1,false positive
infrastructure,metric,2246,user2246,malicious,attack 1,false positive
infrastructure,log,2246,user2246,malicious,attack 1,true positive
infrastructure,trace,2246,user2246,malicious,attack 1,false positive
infrastructure,metric,7763,user7763,regular,no attack,false positive
infrastructure,log,7763,user7763,regular,no attack,false positive
infrastructure,trace,7763,user7763,regular,no attack,false positive
business,metric,7650,user7650,malicious,attack 2,false positive
business,log,7650,user7650,malicious,attack 2,false positive
business,trace,7650,user7650,malicious,attack 2,true positive
infrastructure,metric,7952,user7952,malicious,attack 2,false positive
infrastructure,log,7952,user7952,malicious,attack 2,false positive
infrastructure,trace,7952,user7952,malicious,attack 2,true positive
infrastructure,metric,868,user868,malicious,attack 2,false positive
infrastructure,log,868,user868,malicious,attack 2,false positive
infrastructure,trace,868,user868,malicious,attack 2,true positive
infrastructure,metric,1052,user1052,regular,no attack,false positive
infrastructure,log,1052,user1052,regular,no attack,false positive
infrastructure,trace,1052,user1052,regular,no attack,false positive
business,metric,3633,user3633,malicious,attack 1,false positive
business,log,3633,user3633,malicious,attack 1,true positive
business,trace,3633,user3633,malicious,attack 1,false positive
infrastructure,metric,805,user805,malicious,attack 2,false positive
infrastructure,log,805,user805,malicious,attack 2,false positive
infrastructure,trace,805,user805,malicious,attack 2,true positive
business,metric,5986,user5986,malicious,attack 2,false positive
business,log,5986,user5986,malicious,attack 2,false positive
business,trace,5986,user5986,malicious,attack 2,true positive
infrastructure,metric,5047,user5047,malicious,attack 2,false positive
infrastructure,log,5047,user5047,malicious,attack 2,false positive
infrastructure,trace,5047,user5047,malicious,attack 2,true positive
business,metric,2238,user2238,regular,no attack,false positive
business,log,2238,user2238,regular,no attack,false positive
business,trace,2238,user2238,regular,no attack,false positive
infrastructure,metric,6890,user6890,malicious,attack 1,false positive
infrastructure,log,6890,user6890,malicious,attack 1,true positive
infrastructure,trace,6890,user6890,malicious,attack 1,false positive
business,metric,1910,user1910,malicious,attack 2,false positive
business,log,1910,user1910,malicious,attack 2,false positive
business,trace,1910,user1910,malicious,attack 2,true positive
infrastructure,metric,5593,user5593,regular,no attack,false positive
infrastructure,log,5593,user5593,regular,no attack,false positive
infrastructure,trace,5593,user5593,regular,no attack,false positive
business,metric,3852,user3852,malicious,attack 1,false positive
business,log,3852,user3852,malicious,attack 1,true positive
business,trace,3852,user3852,malicious,attack 1,false positive
infrastructure,metric,3338,user3338,regular,no attack,false positive
infrastructure,log,3338,user3338,regular,no attack,false positive
infrastructure,trace,3338,user3338,regular,no attack,false positive
business,metric,3873,user3873,malicious,attack 1,false positive
business,log,3873,user3873,malicious,attack 1,true positive
business,trace,3873,user3873,malicious,attack 1,false positive
infrastructure,metric,567,user567,regular,no attack,false positive
infrastructure,log,567,user567,regular,no attack,false positive
infrastructure,trace,567,user567,regular,no attack,false positive
business,metric,3713,user3713,malicious,attack 1,false positive
business,log,3713,user3713,malicious,attack 1,true positive
business,trace,3713,user3713,malicious,attack 1,false positive
business,metric,6935,user6935,regular,no attack,false positive
business,log,6935,user6935,regular,no attack,false positive
business,trace,6935,user6935,regular,no attack,false positive
infrastructure,metric,9710,user9710,malicious,attack 2,false positive
infrastructure,log,9710,user9710,malicious,attack 2,false positive
infrastructure,trace,9710,user9710,malicious,attack 2,true positive
infrastructure,metric,8329,user8329,malicious,attack 1,false positive
infrastructure,log,8329,user8329,malicious,attack 1,true positive
infrastructure,trace,8329,user8329,malicious,attack 1,false positive
business,metric,7587,user7587,malicious,attack 1,false positive
business,log,7587,user7587,malicious,attack 1,true positive
business,trace,7587,user7587,malicious,attack 1,false positive
business,metric,5679,user5679,malicious,attack 2,false positive
business,log,5679,user5679,malicious,attack 2,false positive
business,trace,5679,user5679,malicious,attack 2,true positive
business,metric,6631,user6631,malicious,attack 2,false positive
business,log,6631,user6631,malicious,attack 2,false positive
business,trace,6631,user6631,malicious,attack 2,true positive
infrastructure,metric,5967,user5967,malicious,attack 1,false positive
infrastructure,log,5967,user5967,malicious,attack 1,true positive
infrastructure,trace,5967,user5967,malicious,attack 1,false positive
infrastructure,metric,9211,user9211,malicious,attack 2,false positive
infrastructure,log,9211,user9211,malicious,attack 2,false positive
infrastructure,trace,9211,user9211,malicious,attack 2,true positive
business,metric,1136,user1136,malicious,attack 1,false positive
business,log,1136,user1136,malicious,attack 1,true positive
business,trace,1136,user1136,malicious,attack 1,false positive
business,metric,7922,user7922,malicious,attack 1,false positive
business,log,7922,user7922,malicious,attack 1,true positive
business,trace,7922,user7922,malicious,attack 1,false positive
business,metric,9293,user9293,malicious,attack 1,false positive
business,log,9293,user9293,malicious,attack 1,true positive
business,trace,9293,user9293,malicious,attack 1,false positive
business,metric,9868,user9868,regular,no attack,false positive
business,log,9868,user9868,regular,no attack,false positive
business,trace,9868,user9868,regular,no attack,false positive
infrastructure,metric,2166,user2166,regular,no attack,false positive
infrastructure,log,2166,user2166,regular,no attack,false positive
infrastructure,trace,2166,user2166,regular,no attack,false positive
business,metric,2981,user2981,malicious,attack 2,false positive
business,log,2981,user2981,malicious,attack 2,false positive
business,trace,2981,user2981,malicious,attack 2,true positive
business,metric,4362,user4362,malicious,attack 1,false positive
business,log,4362,user4362,malicious,attack 1,true positive
business,trace,4362,user4362,malicious,attack 1,false positive
business,metric,4402,user4402,regular,no attack,false positive
business,log,4402,user4402,regular,no attack,false positive
business,trace,4402,user4402,regular,no attack,false positive
business,metric,6455,user6455,malicious,attack 2,false positive
business,log,6455,user6455,malicious,attack 2,false positive
business,trace,6455,user6455,malicious,attack 2,true positive
infrastructure,metric,2738,user2738,regular,no attack,false positive
infrastructure,log,2738,user2738,regular,no attack,false positive
infrastructure,trace,2738,user2738,regular,no attack,false positive
infrastructure,metric,9725,user9725,malicious,attack 2,false positive
infrastructure,log,9725,user9725,malicious,attack 2,false positive
infrastructure,trace,9725,user9725,malicious,attack 2,true positive
infrastructure,metric,4748,user4748,malicious,attack 1,false positive
infrastructure,log,4748,user4748,malicious,attack 1,true positive
infrastructure,trace,4748,user4748,malicious,attack 1,false positive
business,metric,3652,user3652,malicious,attack 2,false positive
business,log,3652,user3652,malicious,attack 2,false positive
business,trace,3652,user3652,malicious,attack 2,true positive
infrastructure,metric,6338,user6338,malicious,attack 2,false positive
infrastructure,log,6338,user6338,malicious,attack 2,false positive
infrastructure,trace,6338,user6338,malicious,attack 2,true positive
infrastructure,metric,1329,user1329,malicious,attack 2,false positive
infrastructure,log,1329,user1329,malicious,attack 2,false positive
infrastructure,trace,1329,user1329,malicious,attack 2,true positive
infrastructure,metric,7035,user7035,malicious,attack 1,false positive
infrastructure,log,7035,user7035,malicious,attack 1,true positive
infrastructure,trace,7035,user7035,malicious,attack 1,false positive
infrastructure,metric,7003,user7003,malicious,attack 1,false positive
infrastructure,log,7003,user7003,malicious,attack 1,true positive
infrastructure,trace,7003,user7003,malicious,attack 1,false positive
infrastructure,metric,6762,user6762,malicious,attack 1,false positive
infrastructure,log,6762,user6762,malicious,attack 1,true positive
infrastructure,trace,6762,user6762,malicious,attack 1,false positive
infrastructure,metric,4041,user4041,regular,no attack,false positive
infrastructure,log,4041,user4041,regular,no attack,false positive
infrastructure,trace,4041,user4041,regular,no attack,false positive
infrastructure,metric,6170,user6170,malicious,attack 2,false positive
infrastructure,log,6170,user6170,malicious,attack 2,false positive
infrastructure,trace,6170,user6170,malicious,attack 2,true positive
infrastructure,metric,8384,user8384,regular,no attack,false positive
infrastructure,log,8384,user8384,regular,no attack,false positive
infrastructure,trace,8384,user8384,regular,no attack,false positive
business,metric,6939,user6939,malicious,attack 2,false positive
business,log,6939,user6939,malicious,attack 2,false positive
business,trace,6939,user6939,malicious,attack 2,true positive
infrastructure,metric,967,user967,malicious,attack 2,false positive
infrastructure,log,967,user967,malicious,attack 2,false positive
infrastructure,trace,967,user967,malicious,attack 2,true positive
business,metric,9883,user9883,malicious,attack 2,false positive
business,log,9883,user9883,malicious,attack 2,false positive
business,trace,9883,user9883,malicious,attack 2,true positive
infrastructure,metric,5390,user5390,regular,no attack,false positive
infrastructure,log,5390,user5390,regular,no attack,false positive
infrastructure,trace,5390,user5390,regular,no attack,false positive
business,metric,3590,user3590,malicious,attack 1,false positive
business,log,3590,user3590,malicious,attack 1,true positive
business,trace,3590,user3590,malicious,attack 1,false positive
business,metric,3308,user3308,regular,no attack,false positive
business,log,3308,user3308,regular,no attack,false positive
business,trace,3308,user3308,regular,no attack,false positive
infrastructure,metric,6981,user6981,malicious,attack 1,false positive
infrastructure,log,6981,user6981,malicious,attack 1,true positive
infrastructure,trace,6981,user6981,malicious,attack 1,false positive
business,metric,5583,user5583,regular,no attack,false positive
business,log,5583,user5583,regular,no attack,false positive
business,trace,5583,user5583,regular,no attack,false positive
business,metric,2219,user2219,malicious,attack 2,false positive
business,log,2219,user2219,malicious,attack 2,false positive
business,trace,2219,user2219,malicious,attack 2,true positive
business,metric,6490,user6490,malicious,attack 1,false positive
business,log,6490,user6490,malicious,attack 1,true positive
business,trace,6490,user6490,malicious,attack 1,false positive
business,metric,7243,user7243,regular,no attack,false positive
business,log,7243,user7243,regular,no attack,false positive
business,trace,7243,user7243,regular,no attack,false positive
business,metric,8927,user8927,malicious,attack 1,false positive
business,log,8927,user8927,malicious,attack 1,true positive
business,trace,8927,user8927,malicious,attack 1,false positive
infrastructure,metric,2912,user2912,malicious,attack 2,false positive
infrastructure,log,2912,user2912,malicious,attack 2,false positive
infrastructure,trace,2912,user2912,malicious,attack 2,true positive
infrastructure,metric,8976,user8976,malicious,attack 1,false positive
infrastructure,log,8976,user8976,malicious,attack 1,true positive
infrastructure,trace,8976,user8976,malicious,attack 1,false positive
business,metric,4317,user4317,malicious,attack 1,false positive
business,log,4317,user4317,malicious,attack 1,true positive
business,trace,4317,user4317,malicious,attack 1,false positive
business,metric,684,user684,regular,no attack,false positive
business,log,684,user684,regular,no attack,false positive
business,trace,684,user684,regular,no attack,false positive
infrastructure,metric,1822,user1822,regular,no attack,false positive
infrastructure,log,1822,user1822,regular,no attack,false positive
infrastructure,trace,1822,user1822,regular,no attack,false positive
infrastructure,metric,5656,user5656,malicious,attack 1,false positive
infrastructure,log,5656,user5656,malicious,attack 1,true positive
infrastructure,trace,5656,user5656,malicious,attack 1,false positive
infrastructure,metric,341,user341,malicious,attack 1,false positive
infrastructure,log,341,user341,malicious,attack 1,true positive
infrastructure,trace,341,user341,malicious,attack 1,false positive
business,metric,5849,user5849,regular,no attack,false positive
business,log,5849,user5849,regular,no attack,false positive
business,trace,5849,user5849,regular,no attack,false positive
infrastructure,metric,200,user200,malicious,attack 1,false positive
infrastructure,log,200,user200,malicious,attack 1,true positive
infrastructure,trace,200,user200,malicious,attack 1,false positive
infrastructure,metric,6596,user6596,malicious,attack 2,false positive
infrastructure,log,6596,user6596,malicious,attack 2,false positive
infrastructure,trace,6596,user6596,malicious,attack 2,true positive
business,metric,9076,user9076,malicious,attack 1,false positive
business,log,9076,user9076,malicious,attack 1,true positive
business,trace,9076,user9076,malicious,attack 1,false positive
business,metric,9090,user9090,malicious,attack 1,false positive
business,log,9090,user9090,malicious,attack 1,true positive
business,trace,9090,user9090,malicious,attack 1,false positive
business,metric,3394,user3394,malicious,attack 1,false positive
business,log,3394,user3394,malicious,attack 1,true positive
business,trace,3394,user3394,malicious,attack 1,false positive
business,metric,6883,user6883,malicious,attack 1,false positive
business,log,6883,user6883,malicious,attack 1,true positive
business,trace,6883,user6883,malicious,attack 1,false positive
business,metric,2554,user2554,malicious,attack 2,false positive
business,log,2554,user2554,malicious,attack 2,false positive
business,trace,2554,user2554,malicious,attack 2,true positive
infrastructure,metric,6898,user6898,malicious,attack 1,false positive
infrastructure,log,6898,user6898,malicious,attack 1,true positive
infrastructure,trace,6898,user6898,malicious,attack 1,false positive
business,metric,5963,user5963,malicious,attack 2,false positive
business,log,5963,user5963,malicious,attack 2,false positive
business,trace,5963,user5963,malicious,attack 2,true positive
business,metric,8240,user8240,malicious,attack 2,false positive
business,log,8240,user8240,malicious,attack 2,false positive
business,trace,8240,user8240,malicious,attack 2,true positive
business,metric,8794,user8794,malicious,attack 2,false positive
business,log,8794,user8794,malicious,attack 2,false positive
business,trace,8794,user8794,malicious,attack 2,true positive
infrastructure,metric,6804,user6804,malicious,attack 1,false positive
infrastructure,log,6804,user6804,malicious,attack 1,true positive
infrastructure,trace,6804,user6804,malicious,attack 1,false positive
infrastructure,metric,5235,user5235,malicious,attack 1,false positive
infrastructure,log,5235,user5235,malicious,attack 1,true positive
infrastructure,trace,5235,user5235,malicious,attack 1,false positive
business,metric,7919,user7919,malicious,attack 2,false positive
business,log,7919,user7919,malicious,attack 2,false positive
business,trace,7919,user7919,malicious,attack 2,true positive
infrastructure,metric,5477,user5477,malicious,attack 2,false positive
infrastructure,log,5477,user5477,malicious,attack 2,false positive
infrastructure,trace,5477,user5477,malicious,attack 2,true positive
business,metric,7307,user7307,malicious,attack 2,false positive
business,log,7307,user7307,malicious,attack 2,false positive
business,trace,7307,user7307,malicious,attack 2,true positive
business,metric,6416,user6416,malicious,attack 1,false positive
business,log,6416,user6416,malicious,attack 1,true positive
business,trace,6416,user6416,malicious,attack 1,false positive
business,metric,4427,user4427,malicious,attack 2,false positive
business,log,4427,user4427,malicious,attack 2,false positive
business,trace,4427,user4427,malicious,attack 2,true positive
infrastructure,metric,4687,user4687,malicious,attack 2,false positive
infrastructure,log,4687,user4687,malicious,attack 2,false positive
infrastructure,trace,4687,user4687,malicious,attack 2,true positive
business,metric,7926,user7926,regular,no attack,false positive
business,log,7926,user7926,regular,no attack,false positive
business,trace,7926,user7926,regular,no attack,false positive
business,metric,2191,user2191,malicious,attack 2,false positive
business,log,2191,user2191,malicious,attack 2,false positive
business,trace,2191,user2191,malicious,attack 2,true positive
infrastructure,metric,6130,user6130,malicious,attack 2,false positive
infrastructure,log,6130,user6130,malicious,attack 2,false positive
infrastructure,trace,6130,user6130,malicious,attack 2,true positive
business,metric,7539,user7539,malicious,attack 2,false positive
business,log,7539,user7539,malicious,attack 2,false positive
business,trace,7539,user7539,malicious,attack 2,true positive
infrastructure,metric,1808,user1808,regular,no attack,false positive
infrastructure,log,1808,user1808,regular,no attack,false positive
infrastructure,trace,1808,user1808,regular,no attack,false positive
infrastructure,metric,9007,user9007,malicious,attack 2,false positive
infrastructure,log,9007,user9007,malicious,attack 2,false positive
infrastructure,trace,9007,user9007,malicious,attack 2,true positive
business,metric,1449,user1449,malicious,attack 1,false positive
business,log,1449,user1449,malicious,attack 1,true positive
business,trace,1449,user1449,malicious,attack 1,false positive
business,metric,233,user233,malicious,attack 2,false positive
business,log,233,user233,malicious,attack 2,false positive
business,trace,233,user233,malicious,attack 2,true positive
infrastructure,metric,1395,user1395,malicious,attack 1,false positive
infrastructure,log,1395,user1395,malicious,attack 1,true positive
infrastructure,trace,1395,user1395,malicious,attack 1,false positive
infrastructure,metric,3686,user3686,malicious,attack 1,false positive
infrastructure,log,3686,user3686,malicious,attack 1,true positive
infrastructure,trace,3686,user3686,malicious,attack 1,false positive
business,metric,9704,user9704,malicious,attack 1,false positive
business,log,9704,user9704,malicious,attack 1,true positive
business,trace,9704,user9704,malicious,attack 1,false positive
infrastructure,metric,3588,user3588,malicious,attack 1,false positive
infrastructure,log,3588,user3588,malicious,attack 1,true positive
infrastructure,trace,3588,user3588,malicious,attack 1,false positive
business,metric,1991,user1991,regular,no attack,false positive
business,log,1991,user1991,regular,no attack,false positive
business,trace,1991,user1991,regular,no attack,false positive
infrastructure,metric,4717,user4717,regular,no attack,false positive
infrastructure,log,4717,user4717,regular,no attack,false positive
infrastructure,trace,4717,user4717,regular,no attack,false positive
infrastructure,metric,427,user427,malicious,attack 1,false positive
infrastructure,log,427,user427,malicious,attack 1,true positive
infrastructure,trace,427,user427,malicious,attack 1,false positive
infrastructure,metric,4413,user4413,malicious,attack 2,false positive
infrastructure,log,4413,user4413,malicious,attack 2,false positive
infrastructure,trace,4413,user4413,malicious,attack 2,true positive
infrastructure,metric,6276,user6276,malicious,attack 2,false positive
infrastructure,log,6276,user6276,malicious,attack 2,false positive
infrastructure,trace,6276,user6276,malicious,attack 2,true positive
business,metric,5052,user5052,regular,no attack,false positive
business,log,5052,user5052,regular,no attack,false positive
business,trace,5052,user5052,regular,no attack,false positive
business,metric,3335,user3335,malicious,attack 1,false positive
business,log,3335,user3335,malicious,attack 1,true positive
business,trace,3335,user3335,malicious,attack 1,false positive
business,metric,3502,user3502,malicious,attack 1,false positive
business,log,3502,user3502,malicious,attack 1,true positive
business,trace,3502,user3502,malicious,attack 1,false positive
infrastructure,metric,5395,user5395,malicious,attack 1,false positive
infrastructure,log,5395,user5395,malicious,attack 1,true positive
infrastructure,trace,5395,user5395,malicious,attack 1,false positive
business,metric,5624,user5624,malicious,attack 1,false positive
business,log,5624,user5624,malicious,attack 1,true positive
business,trace,5624,user5624,malicious,attack 1,false positive
business,metric,8575,user8575,regular,no attack,false positive
business,log,8575,user8575,regular,no attack,false positive
business,trace,8575,user8575,regular,no attack,false positive
business,metric,2032,user2032,malicious,attack 1,false positive
business,log,2032,user2032,malicious,attack 1,true positive
business,trace,2032,user2032,malicious,attack 1,false positive
business,metric,8452,user8452,malicious,attack 2,false positive
business,log,8452,user8452,malicious,attack 2,false positive
business,trace,8452,user8452,malicious,attack 2,true positive
infrastructure,metric,3453,user3453,malicious,attack 2,false positive
infrastructure,log,3453,user3453,malicious,attack 2,false positive
infrastructure,trace,3453,user3453,malicious,attack 2,true positive
business,metric,667,user667,malicious,attack 1,false positive
business,log,667,user667,malicious,attack 1,true positive
business,trace,667,user667,malicious,attack 1,false positive
infrastructure,metric,1372,user1372,regular,no attack,false positive
infrastructure,log,1372,user1372,regular,no attack,false positive
infrastructure,trace,1372,user1372,regular,no attack,false positive
business,metric,2894,user2894,malicious,attack 1,false positive
business,log,2894,user2894,malicious,attack 1,true positive
business,trace,2894,user2894,malicious,attack 1,false positive
business,metric,3817,user3817,malicious,attack 2,false positive
business,log,3817,user3817,malicious,attack 2,false positive
business,trace,3817,user3817,malicious,attack 2,true positive
infrastructure,metric,7656,user7656,regular,no attack,false positive
infrastructure,log,7656,user7656,regular,no attack,false positive
infrastructure,trace,7656,user7656,regular,no attack,false positive
business,metric,86,user86,malicious,attack 2,false positive
business,log,86,user86,malicious,attack 2,false positive
business,trace,86,user86,malicious,attack 2,true positive
infrastructure,metric,5517,user5517,regular,no attack,false positive
infrastructure,log,5517,user5517,regular,no attack,false positive
infrastructure,trace,5517,user5517,regular,no attack,false positive
infrastructure,metric,8039,user8039,malicious,attack 2,false positive
infrastructure,log,8039,user8039,malicious,attack 2,false positive
infrastructure,trace,8039,user8039,malicious,attack 2,true positive
business,metric,781,user781,malicious,attack 1,false positive
business,log,781,user781,malicious,attack 1,true positive
business,trace,781,user781,malicious,attack 1,false positive
business,metric,3356,user3356,malicious,attack 1,false positive
business,log,3356,user3356,malicious,attack 1,true positive
business,trace,3356,user3356,malicious,attack 1,false positive
business,metric,4187,user4187,malicious,attack 2,false positive
business,log,4187,user4187,malicious,attack 2,false positive
business,trace,4187,user4187,malicious,attack 2,true positive
business,metric,9447,user9447,malicious,attack 1,false positive
business,log,9447,user9447,malicious,attack 1,true positive
business,trace,9447,user9447,malicious,attack 1,false positive
infrastructure,metric,9338,user9338,malicious,attack 1,false positive
infrastructure,log,9338,user9338,malicious,attack 1,true positive
infrastructure,trace,9338,user9338,malicious,attack 1,false positive
business,metric,190,user190,malicious,attack 1,false positive
business,log,190,user190,malicious,attack 1,true positive
business,trace,190,user190,malicious,attack 1,false positive
infrastructure,metric,3785,user3785,regular,no attack,false positive
infrastructure,log,3785,user3785,regular,no attack,false positive
infrastructure,trace,3785,user3785,regular,no attack,false positive
infrastructure,metric,9567,user9567,malicious,attack 1,false positive
infrastructure,log,9567,user9567,malicious,attack 1,true positive
infrastructure,trace,9567,user9567,malicious,attack 1,false positive
business,metric,6438,user6438,malicious,attack 1,false positive
business,log,6438,user6438,malicious,attack 1,true positive
business,trace,6438,user6438,malicious,attack 1,false positive
infrastructure,metric,512,user512,regular,no attack,false positive
infrastructure,log,512,user512,regular,no attack,false positive
infrastructure,trace,512,user512,regular,no attack,false positive
infrastructure,metric,5738,user5738,malicious,attack 2,false positive
infrastructure,log,5738,user5738,malicious,attack 2,false positive
infrastructure,trace,5738,user5738,malicious,attack 2,true positive
infrastructure,metric,8268,user8268,regular,no attack,false positive
infrastructure,log,8268,user8268,regular,no attack,false positive
infrastructure,trace,8268,user8268,regular,no attack,false positive
business,metric,4695,user4695,malicious,attack 1,false positive
business,log,4695,user4695,malicious,attack 1,true positive
business,trace,4695,user4695,malicious,attack 1,false positive
infrastructure,metric,3480,user3480,malicious,attack 1,false positive
infrastructure,log,3480,user3480,malicious,attack 1,true positive
infrastructure,trace,3480,user3480,malicious,attack 1,false positive
business,metric,9501,user9501,regular,no attack,false positive
business,log,9501,user9501,regular,no attack,false positive
business,trace,9501,user9501,regular,no attack,false positive
business,metric,7870,user7870,regular,no attack,false positive
business,log,7870,user7870,regular,no attack,false positive
business,trace,7870,user7870,regular,no attack,false positive
infrastructure,metric,3655,user3655,malicious,attack 1,false positive
infrastructure,log,3655,user3655,malicious,attack 1,true positive
infrastructure,trace,3655,user3655,malicious,attack 1,false positive
business,metric,5676,user5676,regular,no attack,false positive
business,log,5676,user5676,regular,no attack,false positive
business,trace,5676,user5676,regular,no attack,false positive
infrastructure,metric,8918,user8918,regular,no attack,false positive
infrastructure,log,8918,user8918,regular,no attack,false positive
infrastructure,trace,8918,user8918,regular,no attack,false positive
business,metric,2322,user2322,malicious,attack 1,false positive
business,log,2322,user2322,malicious,attack 1,true positive
business,trace,2322,user2322,malicious,attack 1,false positive
infrastructure,metric,17,user17,regular,no attack,false positive
infrastructure,log,17,user17,regular,no attack,false positive
infrastructure,trace,17,user17,regular,no attack,false positive
infrastructure,metric,8062,user8062,malicious,attack 1,false positive
infrastructure,log,8062,user8062,malicious,attack 1,true positive
infrastructure,trace,8062,user8062,malicious,attack 1,false positive
business,metric,5190,user5190,regular,no attack,false positive
business,log,5190,user5190,regular,no attack,false positive
business,trace,5190,user5190,regular,no attack,false positive
infrastructure,metric,5064,user5064,malicious,attack 2,false positive
infrastructure,log,5064,user5064,malicious,attack 2,false positive
infrastructure,trace,5064,user5064,malicious,attack 2,true positive
infrastructure,metric,6470,user6470,malicious,attack 1,false positive
infrastructure,log,6470,user6470,malicious,attack 1,true positive
infrastructure,trace,6470,user6470,malicious,attack 1,false positive
business,metric,728,user728,malicious,attack 1,false positive
business,log,728,user728,malicious,attack 1,true positive
business,trace,728,user728,malicious,attack 1,false positive
infrastructure,metric,9553,user9553,malicious,attack 2,false positive
infrastructure,log,9553,user9553,malicious,attack 2,false positive
infrastructure,trace,9553,user9553,malicious,attack 2,true positive
infrastructure,metric,3762,user3762,malicious,attack 2,false positive
infrastructure,log,3762,user3762,malicious,attack 2,false positive
infrastructure,trace,3762,user3762,malicious,attack 2,true positive
business,metric,6149,user6149,regular,no attack,false positive
business,log,6149,user6149,regular,no attack,false positive
business,trace,6149,user6149,regular,no attack,false positive
business,metric,9938,user9938,malicious,attack 2,false positive
business,log,9938,user9938,malicious,attack 2,false positive
business,trace,9938,user9938,malicious,attack 2,true positive
business,metric,8021,user8021,malicious,attack 1,false positive
business,log,8021,user8021,malicious,attack 1,true positive
business,trace,8021,user8021,malicious,attack 1,false positive
business,metric,5024,user5024,regular,no attack,false positive
business,log,5024,user5024,regular,no attack,false positive
business,trace,5024,user5024,regular,no attack,false positive
business,metric,3340,user3340,malicious,attack 2,false positive
business,log,3340,user3340,malicious,attack 2,false positive
business,trace,3340,user3340,malicious,attack 2,true positive
business,metric,4749,user4749,malicious,attack 1,false positive
business,log,4749,user4749,malicious,attack 1,true positive
business,trace,4749,user4749,malicious,attack 1,false positive
infrastructure,metric,200,user200,malicious,attack 1,false positive
infrastructure,log,200,user200,malicious,attack 1,true positive
infrastructure,trace,200,user200,malicious,attack 1,false positive
infrastructure,metric,306,user306,malicious,attack 1,false positive
infrastructure,log,306,user306,malicious,attack 1,true positive
infrastructure,trace,306,user306,malicious,attack 1,false positive
business,metric,2766,user2766,malicious,attack 2,false positive
business,log,2766,user2766,malicious,attack 2,false positive
business,trace,2766,user2766,malicious,attack 2,true positive
business,metric,2447,user2447,malicious,attack 1,false positive
business,log,2447,user2447,malicious,attack 1,true positive
business,trace,2447,user2447,malicious,attack 1,false positive
business,metric,7990,user7990,malicious,attack 1,false positive
business,log,7990,user7990,malicious,attack 1,true positive
business,trace,7990,user7990,malicious,attack 1,false positive
business,metric,6482,user6482,malicious,attack 1,false positive
business,log,6482,user6482,malicious,attack 1,true positive
business,trace,6482,user6482,malicious,attack 1,false positive
business,metric,4561,user4561,malicious,attack 1,false positive
business,log,4561,user4561,malicious,attack 1,true positive
business,trace,4561,user4561,malicious,attack 1,false positive
business,metric,9350,user9350,malicious,attack 1,false positive
business,log,9350,user9350,malicious,attack 1,true positive
business,trace,9350,user9350,malicious,attack 1,false positive
infrastructure,metric,1307,user1307,malicious,attack 2,false positive
infrastructure,log,1307,user1307,malicious,attack 2,false positive
infrastructure,trace,1307,user1307,malicious,attack 2,true positive
business,metric,2680,user2680,regular,no attack,false positive
business,log,2680,user2680,regular,no attack,false positive
business,trace,2680,user2680,regular,no attack,false positive
infrastructure,metric,7702,user7702,malicious,attack 1,false positive
infrastructure,log,7702,user7702,malicious,attack 1,true positive
infrastructure,trace,7702,user7702,malicious,attack 1,false positive
infrastructure,metric,4030,user4030,malicious,attack 1,false positive
infrastructure,log,4030,user4030,malicious,attack 1,true positive
infrastructure,trace,4030,user4030,malicious,attack 1,false positive
infrastructure,metric,4891,user4891,malicious,attack 1,false positive
infrastructure,log,4891,user4891,malicious,attack 1,true positive
infrastructure,trace,4891,user4891,malicious,attack 1,false positive
business,metric,3330,user3330,regular,no attack,false positive
business,log,3330,user3330,regular,no attack,false positive
business,trace,3330,user3330,regular,no attack,false positive
infrastructure,metric,1345,user1345,malicious,attack 2,false positive
infrastructure,log,1345,user1345,malicious,attack 2,false positive
infrastructure,trace,1345,user1345,malicious,attack 2,true positive
infrastructure,metric,8044,user8044,malicious,attack 2,false positive
infrastructure,log,8044,user8044,malicious,attack 2,false positive
infrastructure,trace,8044,user8044,malicious,attack 2,true positive
business,metric,3446,user3446,malicious,attack 1,false positive
business,log,3446,user3446,malicious,attack 1,true positive
business,trace,3446,user3446,malicious,attack 1,false positive
infrastructure,metric,6701,user6701,malicious,attack 2,false positive
infrastructure,log,6701,user6701,malicious,attack 2,false positive
infrastructure,trace,6701,user6701,malicious,attack 2,true positive
infrastructure,metric,5865,user5865,malicious,attack 2,false positive
infrastructure,log,5865,user5865,malicious,attack 2,false positive
infrastructure,trace,5865,user5865,malicious,attack 2,true positive
infrastructure,metric,1256,user1256,malicious,attack 2,false positive
infrastructure,log,1256,user1256,malicious,attack 2,false positive
infrastructure,trace,1256,user1256,malicious,attack 2,true positive
business,metric,2040,user2040,regular,no attack,false positive
business,log,2040,user2040,regular,no attack,false positive
business,trace,2040,user2040,regular,no attack,false positive
infrastructure,metric,9166,user9166,malicious,attack 2,false positive
infrastructure,log,9166,user9166,malicious,attack 2,false positive
infrastructure,trace,9166,user9166,malicious,attack 2,true positive
infrastructure,metric,8703,user8703,regular,no attack,false positive
infrastructure,log,8703,user8703,regular,no attack,false positive
infrastructure,trace,8703,user8703,regular,no attack,false positive
infrastructure,metric,6811,user6811,regular,no attack,false positive
infrastructure,log,6811,user6811,regular,no attack,false positive
infrastructure,trace,6811,user6811,regular,no attack,false positive
business,metric,631,user631,regular,no attack,false positive
business,log,631,user631,regular,no attack,false positive
business,trace,631,user631,regular,no attack,false positive
infrastructure,metric,5984,user5984,malicious,attack 1,false positive
infrastructure,log,5984,user5984,malicious,attack 1,true positive
infrastructure,trace,5984,user5984,malicious,attack 1,false positive
infrastructure,metric,1673,user1673,malicious,attack 1,false positive
infrastructure,log,1673,user1673,malicious,attack 1,true positive
infrastructure,trace,1673,user1673,malicious,attack 1,false positive
business,metric,3932,user3932,regular,no attack,false positive
business,log,3932,user3932,regular,no attack,false positive
business,trace,3932,user3932,regular,no attack,false positive
infrastructure,metric,7872,user7872,malicious,attack 2,false positive
infrastructure,log,7872,user7872,malicious,attack 2,false positive
infrastructure,trace,7872,user7872,malicious,attack 2,true positive
infrastructure,metric,2156,user2156,malicious,attack 1,false positive
infrastructure,log,2156,user2156,malicious,attack 1,true positive
infrastructure,trace,2156,user2156,malicious,attack 1,false positive
business,metric,585,user585,malicious,attack 1,false positive
business,log,585,user585,malicious,attack 1,true positive
business,trace,585,user585,malicious,attack 1,false positive
infrastructure,metric,6903,user6903,malicious,attack 2,false positive
infrastructure,log,6903,user6903,malicious,attack 2,false positive
infrastructure,trace,6903,user6903,malicious,attack 2,true positive
infrastructure,metric,5229,user5229,malicious,attack 1,false positive
infrastructure,log,5229,user5229,malicious,attack 1,true positive
infrastructure,trace,5229,user5229,malicious,attack 1,false positive
infrastructure,metric,9267,user9267,malicious,attack 2,false positive
infrastructure,log,9267,user9267,malicious,attack 2,false positive
infrastructure,trace,9267,user9267,malicious,attack 2,true positive
business,metric,7435,user7435,malicious,attack 2,false positive
business,log,7435,user7435,malicious,attack 2,false positive
business,trace,7435,user7435,malicious,attack 2,true positive
business,metric,3320,user3320,regular,no attack,false positive
business,log,3320,user3320,regular,no attack,false positive
business,trace,3320,user3320,regular,no attack,false positive
infrastructure,metric,3052,user3052,regular,no attack,false positive
infrastructure,log,3052,user3052,regular,no attack,false positive
infrastructure,trace,3052,user3052,regular,no attack,false positive
business,metric,8235,user8235,malicious,attack 2,false positive
business,log,8235,user8235,malicious,attack 2,false positive
business,trace,8235,user8235,malicious,attack 2,true positive
infrastructure,metric,7484,user7484,malicious,attack 2,false positive
infrastructure,log,7484,user7484,malicious,attack 2,false positive
infrastructure,trace,7484,user7484,malicious,attack 2,true positive
infrastructure,metric,3520,user3520,malicious,attack 1,false positive
infrastructure,log,3520,user3520,malicious,attack 1,true positive
infrastructure,trace,3520,user3520,malicious,attack 1,false positive
business,metric,4211,user4211,malicious,attack 1,false positive
business,log,4211,user4211,malicious,attack 1,true positive
business,trace,4211,user4211,malicious,attack 1,false positive
business,metric,2851,user2851,malicious,attack 1,false positive
business,log,2851,user2851,malicious,attack 1,true positive
business,trace,2851,user2851,malicious,attack 1,false positive
infrastructure,metric,864,user864,malicious,attack 1,false positive
infrastructure,log,864,user864,malicious,attack 1,true positive
infrastructure,trace,864,user864,malicious,attack 1,false positive
infrastructure,metric,3152,user3152,malicious,attack 2,false positive
infrastructure,log,3152,user3152,malicious,attack 2,false positive
infrastructure,trace,3152,user3152,malicious,attack 2,true positive
business,metric,780,user780,malicious,attack 1,false positive
business,log,780,user780,malicious,attack 1,true positive
business,trace,780,user780,malicious,attack 1,false positive
infrastructure,metric,173,user173,malicious,attack 2,false positive
infrastructure,log,173,user173,malicious,attack 2,false positive
infrastructure,trace,173,user173,malicious,attack 2,true positive
business,metric,1753,user1753,regular,no attack,false positive
business,log,1753,user1753,regular,no attack,false positive
business,trace,1753,user1753,regular,no attack,false positive
infrastructure,metric,1441,user1441,malicious,attack 2,false positive
infrastructure,log,1441,user1441,malicious,attack 2,false positive
infrastructure,trace,1441,user1441,malicious,attack 2,true positive
infrastructure,metric,7967,user7967,regular,no attack,false positive
infrastructure,log,7967,user7967,regular,no attack,false positive
infrastructure,trace,7967,user7967,regular,no attack,false positive
infrastructure,metric,886,user886,malicious,attack 2,false positive
infrastructure,log,886,user886,malicious,attack 2,false positive
infrastructure,trace,886,user886,malicious,attack 2,true positive
business,metric,5751,user5751,malicious,attack 1,false positive
business,log,5751,user5751,malicious,attack 1,true positive
business,trace,5751,user5751,malicious,attack 1,false positive
infrastructure,metric,4112,user4112,regular,no attack,false positive
infrastructure,log,4112,user4112,regular,no attack,false positive
infrastructure,trace,4112,user4112,regular,no attack,false positive
business,metric,414,user414,regular,no attack,false positive
business,log,414,user414,regular,no attack,false positive
business,trace,414,user414,regular,no attack,false positive
business,metric,2180,user2180,malicious,attack 2,false positive
business,log,2180,user2180,malicious,attack 2,false positive
business,trace,2180,user2180,malicious,attack 2,true positive
business,metric,2031,user2031,malicious,attack 1,false positive
business,log,2031,user2031,malicious,attack 1,true positive
business,trace,2031,user2031,malicious,attack 1,false positive
infrastructure,metric,2979,user2979,regular,no attack,false positive
infrastructure,log,2979,user2979,regular,no attack,false positive
infrastructure,trace,2979,user2979,regular,no attack,false positive
business,metric,4354,user4354,malicious,attack 2,false positive
business,log,4354,user4354,malicious,attack 2,false positive
business,trace,4354,user4354,malicious,attack 2,true positive
infrastructure,metric,4357,user4357,malicious,attack 2,false positive
infrastructure,log,4357,user4357,malicious,attack 2,false positive
infrastructure,trace,4357,user4357,malicious,attack 2,true positive
infrastructure,metric,9120,user9120,regular,no attack,false positive
infrastructure,log,9120,user9120,regular,no attack,false positive
infrastructure,trace,9120,user9120,regular,no attack,false positive
business,metric,7301,user7301,malicious,attack 2,false positive
business,log,7301,user7301,malicious,attack 2,false positive
business,trace,7301,user7301,malicious,attack 2,true positive
business,metric,7367,user7367,regular,no attack,false positive
business,log,7367,user7367,regular,no attack,false positive
business,trace,7367,user7367,regular,no attack,false positive
infrastructure,metric,1568,user1568,malicious,attack 2,false positive
infrastructure,log,1568,user1568,malicious,attack 2,false positive
infrastructure,trace,1568,user1568,malicious,attack 2,true positive
infrastructure,metric,4424,user4424,malicious,attack 1,false positive
infrastructure,log,4424,user4424,malicious,attack 1,true positive
infrastructure,trace,4424,user4424,malicious,attack 1,false positive
business,metric,244,user244,malicious,attack 1,false positive
business,log,244,user244,malicious,attack 1,true positive
business,trace,244,user244,malicious,attack 1,false positive
infrastructure,metric,3275,user3275,malicious,attack 2,false positive
infrastructure,log,3275,user3275,malicious,attack 2,false positive
infrastructure,trace,3275,user3275,malicious,attack 2,true positive
infrastructure,metric,5708,user5708,malicious,attack 2,false positive
infrastructure,log,5708,user5708,malicious,attack 2,false positive
infrastructure,trace,5708,user5708,malicious,attack 2,true positive
infrastructure,metric,320,user320,malicious,attack 2,false positive
infrastructure,log,320,user320,malicious,attack 2,false positive
infrastructure,trace,320,user320,malicious,attack 2,true positive
business,metric,2791,user2791,malicious,attack 1,false positive
business,log,2791,user2791,malicious,attack 1,true positive
business,trace,2791,user2791,malicious,attack 1,false positive
infrastructure,metric,6720,user6720,regular,no attack,false positive
infrastructure,log,6720,user6720,regular,no attack,false positive
infrastructure,trace,6720,user6720,regular,no attack,false positive
infrastructure,metric,5171,user5171,malicious,attack 1,false positive
infrastructure,log,5171,user5171,malicious,attack 1,true positive
infrastructure,trace,5171,user5171,malicious,attack 1,false positive
infrastructure,metric,794,user794,regular,no attack,false positive
infrastructure,log,794,user794,regular,no attack,false positive
infrastructure,trace,794,user794,regular,no attack,false positive
business,metric,8503,user8503,regular,no attack,false positive
business,log,8503,user8503,regular,no attack,false positive
business,trace,8503,user8503,regular,no attack,false positive
business,metric,1352,user1352,regular,no attack,false positive
business,log,1352,user1352,regular,no attack,false positive
business,trace,1352,user1352,regular,no attack,false positive
infrastructure,metric,2288,user2288,malicious,attack 1,false positive
infrastructure,log,2288,user2288,malicious,attack 1,true positive
infrastructure,trace,2288,user2288,malicious,attack 1,false positive
infrastructure,metric,6245,user6245,regular,no attack,false positive
infrastructure,log,6245,user6245,regular,no attack,false positive
infrastructure,trace,6245,user6245,regular,no attack,false positive
infrastructure,metric,2381,user2381,malicious,attack 2,false positive
infrastructure,log,2381,user2381,malicious,attack 2,false positive
infrastructure,trace,2381,user2381,malicious,attack 2,true positive
infrastructure,metric,9037,user9037,malicious,attack 1,false positive
infrastructure,log,9037,user9037,malicious,attack 1,true positive
infrastructure,trace,9037,user9037,malicious,attack 1,false positive
business,metric,3449,user3449,regular,no attack,false positive
business,log,3449,user3449,regular,no attack,false positive
business,trace,3449,user3449,regular,no attack,false positive
infrastructure,metric,5144,user5144,malicious,attack 1,false positive
infrastructure,log,5144,user5144,malicious,attack 1,true positive
infrastructure,trace,5144,user5144,malicious,attack 1,false positive
business,metric,5294,user5294,regular,no attack,false positive
business,log,5294,user5294,regular,no attack,false positive
business,trace,5294,user5294,regular,no attack,false positive
business,metric,8929,user8929,malicious,attack 1,false positive
business,log,8929,user8929,malicious,attack 1,true positive
business,trace,8929,user8929,malicious,attack 1,false positive
business,metric,8646,user8646,regular,no attack,false positive
business,log,8646,user8646,regular,no attack,false positive
business,trace,8646,user8646,regular,no attack,false positive
business,metric,6579,user6579,malicious,attack 2,false positive
business,log,6579,user6579,malicious,attack 2,false positive
business,trace,6579,user6579,malicious,attack 2,true positive
infrastructure,metric,7631,user7631,malicious,attack 2,false positive
infrastructure,log,7631,user7631,malicious,attack 2,false positive
infrastructure,trace,7631,user7631,malicious,attack 2,true positive
business,metric,2334,user2334,malicious,attack 1,false positive
business,log,2334,user2334,malicious,attack 1,true positive
business,trace,2334,user2334,malicious,attack 1,false positive
business,metric,8218,user8218,regular,no attack,false positive
business,log,8218,user8218,regular,no attack,false positive
business,trace,8218,user8218,regular,no attack,false positive
infrastructure,metric,6087,user6087,malicious,attack 1,false positive
infrastructure,log,6087,user6087,malicious,attack 1,true positive
infrastructure,trace,6087,user6087,malicious,attack 1,false positive
business,metric,8351,user8351,malicious,attack 2,false positive
business,log,8351,user8351,malicious,attack 2,false positive
business,trace,8351,user8351,malicious,attack 2,true positive
business,metric,6266,user6266,malicious,attack 1,false positive
business,log,6266,user6266,malicious,attack 1,true positive
business,trace,6266,user6266,malicious,attack 1,false positive
infrastructure,metric,958,user958,malicious,attack 2,false positive
infrastructure,log,958,user958,malicious,attack 2,false positive
infrastructure,trace,958,user958,malicious,attack 2,true positive
infrastructure,metric,7200,user7200,malicious,attack 1,false positive
infrastructure,log,7200,user7200,malicious,attack 1,true positive
infrastructure,trace,7200,user7200,malicious,attack 1,false positive
infrastructure,metric,4355,user4355,malicious,attack 1,false positive
infrastructure,log,4355,user4355,malicious,attack 1,true positive
infrastructure,trace,4355,user4355,malicious,attack 1,false positive
infrastructure,metric,9290,user9290,malicious,attack 2,false positive
infrastructure,log,9290,user9290,malicious,attack 2,false positive
infrastructure,trace,9290,user9290,malicious,attack 2,true positive
business,metric,2744,user2744,malicious,attack 1,false positive
business,log,2744,user2744,malicious,attack 1,true positive
business,trace,2744,user2744,malicious,attack 1,false positive
infrastructure,metric,7586,user7586,malicious,attack 1,false positive
infrastructure,log,7586,user7586,malicious,attack 1,true positive
infrastructure,trace,7586,user7586,malicious,attack 1,false positive
infrastructure,metric,9276,user9276,regular,no attack,false positive
infrastructure,log,9276,user9276,regular,no attack,false positive
infrastructure,trace,9276,user9276,regular,no attack,false positive
infrastructure,metric,5343,user5343,malicious,attack 1,false positive
infrastructure,log,5343,user5343,malicious,attack 1,true positive
infrastructure,trace,5343,user5343,malicious,attack 1,false positive
infrastructure,metric,5189,user5189,malicious,attack 1,false positive
infrastructure,log,5189,user5189,malicious,attack 1,true positive
infrastructure,trace,5189,user5189,malicious,attack 1,false positive
business,metric,5878,user5878,malicious,attack 2,false positive
business,log,5878,user5878,malicious,attack 2,false positive
business,trace,5878,user5878,malicious,attack 2,true positive
business,metric,6083,user6083,malicious,attack 2,false positive
business,log,6083,user6083,malicious,attack 2,false positive
business,trace,6083,user6083,malicious,attack 2,true positive
business,metric,4058,user4058,regular,no attack,false positive
business,log,4058,user4058,regular,no attack,false positive
business,trace,4058,user4058,regular,no attack,false positive
infrastructure,metric,281,user281,regular,no attack,false positive
infrastructure,log,281,user281,regular,no attack,false positive
infrastructure,trace,281,user281,regular,no attack,false positive
business,metric,4964,user4964,malicious,attack 2,false positive
business,log,4964,user4964,malicious,attack 2,false positive
business,trace,4964,user4964,malicious,attack 2,true positive
infrastructure,metric,7827,user7827,regular,no attack,false positive
infrastructure,log,7827,user7827,regular,no attack,false positive
infrastructure,trace,7827,user7827,regular,no attack,false positive
business,metric,8228,user8228,malicious,attack 1,false positive
business,log,8228,user8228,malicious,attack 1,true positive
business,trace,8228,user8228,malicious,attack 1,false positive
infrastructure,metric,6624,user6624,regular,no attack,false positive
infrastructure,log,6624,user6624,regular,no attack,false positive
infrastructure,trace,6624,user6624,regular,no attack,false positive
infrastructure,metric,7498,user7498,malicious,attack 2,false positive
infrastructure,log,7498,user7498,malicious,attack 2,false positive
infrastructure,trace,7498,user7498,malicious,attack 2,true positive
infrastructure,metric,9987,user9987,malicious,attack 1,false positive
infrastructure,log,9987,user9987,malicious,attack 1,true positive
infrastructure,trace,9987,user9987,malicious,attack 1,false positive
business,metric,7076,user7076,regular,no attack,false positive
business,log,7076,user7076,regular,no attack,false positive
business,trace,7076,user7076,regular,no attack,false positive
business,metric,5042,user5042,malicious,attack 1,false positive
business,log,5042,user5042,malicious,attack 1,true positive
business,trace,5042,user5042,malicious,attack 1,false positive
infrastructure,metric,1574,user1574,regular,no attack,false positive
infrastructure,log,1574,user1574,regular,no attack,false positive
infrastructure,trace,1574,user1574,regular,no attack,false positive
business,metric,2751,user2751,regular,no attack,false positive
business,log,2751,user2751,regular,no attack,false positive
business,trace,2751,user2751,regular,no attack,false positive
infrastructure,metric,9641,user9641,malicious,attack 2,false positive
infrastructure,log,9641,user9641,malicious,attack 2,false positive
infrastructure,trace,9641,user9641,malicious,attack 2,true positive
infrastructure,metric,6215,user6215,regular,no attack,false positive
infrastructure,log,6215,user6215,regular,no attack,false positive
infrastructure,trace,6215,user6215,regular,no attack,false positive
business,metric,4138,user4138,regular,no attack,false positive
business,log,4138,user4138,regular,no attack,false positive
business,trace,4138,user4138,regular,no attack,false positive
infrastructure,metric,8399,user8399,regular,no attack,false positive
infrastructure,log,8399,user8399,regular,no attack,false positive
infrastructure,trace,8399,user8399,regular,no attack,false positive
infrastructure,metric,9307,user9307,malicious,attack 1,false positive
infrastructure,log,9307,user9307,malicious,attack 1,true positive
infrastructure,trace,9307,user9307,malicious,attack 1,false positive
infrastructure,metric,4410,user4410,malicious,attack 1,false positive
infrastructure,log,4410,user4410,malicious,attack 1,true positive
infrastructure,trace,4410,user4410,malicious,attack 1,false positive
business,metric,2921,user2921,malicious,attack 1,false positive
business,log,2921,user2921,malicious,attack 1,true positive
business,trace,2921,user2921,malicious,attack 1,false positive
infrastructure,metric,9141,user9141,malicious,attack 1,false positive
infrastructure,log,9141,user9141,malicious,attack 1,true positive
infrastructure,trace,9141,user9141,malicious,attack 1,false positive
business,metric,3454,user3454,regular,no attack,false positive
business,log,3454,user3454,regular,no attack,false positive
business,trace,3454,user3454,regular,no attack,false positive
infrastructure,metric,1799,user1799,malicious,attack 1,false positive
infrastructure,log,1799,user1799,malicious,attack 1,true positive
infrastructure,trace,1799,user1799,malicious,attack 1,false positive
infrastructure,metric,5682,user5682,malicious,attack 2,false positive
infrastructure,log,5682,user5682,malicious,attack 2,false positive
infrastructure,trace,5682,user5682,malicious,attack 2,true positive
business,metric,3473,user3473,regular,no attack,false positive
business,log,3473,user3473,regular,no attack,false positive
business,trace,3473,user3473,regular,no attack,false positive
infrastructure,metric,4307,user4307,regular,no attack,false positive
infrastructure,log,4307,user4307,regular,no attack,false positive
infrastructure,trace,4307,user4307,regular,no attack,false positive
infrastructure,metric,2193,user2193,regular,no attack,false positive
infrastructure,log,2193,user2193,regular,no attack,false positive
infrastructure,trace,2193,user2193,regular,no attack,false positive
infrastructure,metric,1275,user1275,regular,no attack,false positive
infrastructure,log,1275,user1275,regular,no attack,false positive
infrastructure,trace,1275,user1275,regular,no attack,false positive
business,metric,7780,user7780,malicious,attack 1,false positive
business,log,7780,user7780,malicious,attack 1,true positive
business,trace,7780,user7780,malicious,attack 1,false positive
infrastructure,metric,1025,user1025,malicious,attack 2,false positive
infrastructure,log,1025,user1025,malicious,attack 2,false positive
infrastructure,trace,1025,user1025,malicious,attack 2,true positive
business,metric,4928,user4928,malicious,attack 2,false positive
business,log,4928,user4928,malicious,attack 2,false positive
business,trace,4928,user4928,malicious,attack 2,true positive
business,metric,9299,user9299,regular,no attack,false positive
business,log,9299,user9299,regular,no attack,false positive
business,trace,9299,user9299,regular,no attack,false positive
infrastructure,metric,9585,user9585,malicious,attack 1,false positive
infrastructure,log,9585,user9585,malicious,attack 1,true positive
infrastructure,trace,9585,user9585,malicious,attack 1,false positive
business,metric,6887,user6887,regular,no attack,false positive
business,log,6887,user6887,regular,no attack,false positive
business,trace,6887,user6887,regular,no attack,false positive
business,metric,485,user485,malicious,attack 1,false positive
business,log,485,user485,malicious,attack 1,true positive
business,trace,485,user485,malicious,attack 1,false positive
business,metric,4168,user4168,regular,no attack,false positive
business,log,4168,user4168,regular,no attack,false positive
business,trace,4168,user4168,regular,no attack,false positive
infrastructure,metric,5284,user5284,malicious,attack 2,false positive
infrastructure,log,5284,user5284,malicious,attack 2,false positive
infrastructure,trace,5284,user5284,malicious,attack 2,true positive
infrastructure,metric,1114,user1114,malicious,attack 1,false positive
infrastructure,log,1114,user1114,malicious,attack 1,true positive
infrastructure,trace,1114,user1114,malicious,attack 1,false positive
business,metric,9126,user9126,malicious,attack 1,false positive
business,log,9126,user9126,malicious,attack 1,true positive
business,trace,9126,user9126,malicious,attack 1,false positive
infrastructure,metric,8979,user8979,malicious,attack 2,false positive
infrastructure,log,8979,user8979,malicious,attack 2,false positive
infrastructure,trace,8979,user8979,malicious,attack 2,true positive
business,metric,1873,user1873,malicious,attack 2,false positive
business,log,1873,user1873,malicious,attack 2,false positive
business,trace,1873,user1873,malicious,attack 2,true positive
infrastructure,metric,7758,user7758,malicious,attack 2,false positive
infrastructure,log,7758,user7758,malicious,attack 2,false positive
infrastructure,trace,7758,user7758,malicious,attack 2,true positive
business,metric,6488,user6488,regular,no attack,false positive
business,log,6488,user6488,regular,no attack,false positive
business,trace,6488,user6488,regular,no attack,false positive
business,metric,3939,user3939,malicious,attack 1,false positive
business,log,3939,user3939,malicious,attack 1,true positive
business,trace,3939,user3939,malicious,attack 1,false positive
infrastructure,metric,1871,user1871,regular,no attack,false positive
infrastructure,log,1871,user1871,regular,no attack,false positive
infrastructure,trace,1871,user1871,regular,no attack,false positive
infrastructure,metric,6556,user6556,regular,no attack,false positive
infrastructure,log,6556,user6556,regular,no attack,false positive
infrastructure,trace,6556,user6556,regular,no attack,false positive
business,metric,9992,user9992,regular,no attack,false positive
business,log,9992,user9992,regular,no attack,false positive
business,trace,9992,user9992,regular,no attack,false positive
infrastructure,metric,5167,user5167,regular,no attack,false positive
infrastructure,log,5167,user5167,regular,no attack,false positive
infrastructure,trace,5167,user5167,regular,no attack,false positive
infrastructure,metric,2864,user2864,malicious,attack 1,false positive
infrastructure,log,2864,user2864,malicious,attack 1,true positive
infrastructure,trace,2864,user2864,malicious,attack 1,false positive
business,metric,2772,user2772,regular,no attack,false positive
business,log,2772,user2772,regular,no attack,false positive
business,trace,2772,user2772,regular,no attack,false positive
infrastructure,metric,2880,user2880,malicious,attack 1,false positive
infrastructure,log,2880,user2880,malicious,attack 1,true positive
infrastructure,trace,2880,user2880,malicious,attack 1,false positive
business,metric,7919,user7919,malicious,attack 1,false positive
business,log,7919,user7919,malicious,attack 1,true positive
business,trace,7919,user7919,malicious,attack 1,false positive
infrastructure,metric,8006,user8006,malicious,attack 1,false positive
infrastructure,log,8006,user8006,malicious,attack 1,true positive
infrastructure,trace,8006,user8006,malicious,attack 1,false positive
business,metric,1467,user1467,malicious,attack 1,false positive
business,log,1467,user1467,malicious,attack 1,true positive
business,trace,1467,user1467,malicious,attack 1,false positive
business,metric,1598,user1598,malicious,attack 1,false positive
business,log,1598,user1598,malicious,attack 1,true positive
business,trace,1598,user1598,malicious,attack 1,false positive
business,metric,5212,user5212,malicious,attack 2,false positive
business,log,5212,user5212,malicious,attack 2,false positive
business,trace,5212,user5212,malicious,attack 2,true positive
business,metric,7433,user7433,regular,no attack,false positive
business,log,7433,user7433,regular,no attack,false positive
business,trace,7433,user7433,regular,no attack,false positive
infrastructure,metric,6779,user6779,malicious,attack 1,false positive
infrastructure,log,6779,user6779,malicious,attack 1,true positive
infrastructure,trace,6779,user6779,malicious,attack 1,false positive
business,metric,1386,user1386,malicious,attack 1,false positive
business,log,1386,user1386,malicious,attack 1,true positive
business,trace,1386,user1386,malicious,attack 1,false positive
business,metric,7897,user7897,regular,no attack,false positive
business,log,7897,user7897,regular,no attack,false positive
business,trace,7897,user7897,regular,no attack,false positive
infrastructure,metric,6721,user6721,malicious,attack 1,false positive
infrastructure,log,6721,user6721,malicious,attack 1,true positive
infrastructure,trace,6721,user6721,malicious,attack 1,false positive
infrastructure,metric,5118,user5118,regular,no attack,false positive
infrastructure,log,5118,user5118,regular,no attack,false positive
infrastructure,trace,5118,user5118,regular,no attack,false positive
business,metric,9600,user9600,malicious,attack 2,false positive
business,log,9600,user9600,malicious,attack 2,false positive
business,trace,9600,user9600,malicious,attack 2,true positive
infrastructure,metric,1856,user1856,malicious,attack 2,false positive
infrastructure,log,1856,user1856,malicious,attack 2,false positive
infrastructure,trace,1856,user1856,malicious,attack 2,true positive
infrastructure,metric,8991,user8991,malicious,attack 1,false positive
infrastructure,log,8991,user8991,malicious,attack 1,true positive
infrastructure,trace,8991,user8991,malicious,attack 1,false positive
business,metric,9474,user9474,regular,no attack,false positive
business,log,9474,user9474,regular,no attack,false positive
business,trace,9474,user9474,regular,no attack,false positive
business,metric,9810,user9810,malicious,attack 1,false positive
business,log,9810,user9810,malicious,attack 1,true positive
business,trace,9810,user9810,malicious,attack 1,false positive
business,metric,6311,user6311,regular,no attack,false positive
business,log,6311,user6311,regular,no attack,false positive
business,trace,6311,user6311,regular,no attack,false positive
business,metric,6524,user6524,regular,no attack,false positive
business,log,6524,user6524,regular,no attack,false positive
business,trace,6524,user6524,regular,no attack,false positive
business,metric,1108,user1108,malicious,attack 2,false positive
business,log,1108,user1108,malicious,attack 2,false positive
business,trace,1108,user1108,malicious,attack 2,true positive
infrastructure,metric,4657,user4657,malicious,attack 1,false positive
infrastructure,log,4657,user4657,malicious,attack 1,true positive
infrastructure,trace,4657,user4657,malicious,attack 1,false positive
business,metric,432,user432,malicious,attack 2,false positive
business,log,432,user432,malicious,attack 2,false positive
business,trace,432,user432,malicious,attack 2,true positive
infrastructure,metric,4518,user4518,regular,no attack,false positive
infrastructure,log,4518,user4518,regular,no attack,false positive
infrastructure,trace,4518,user4518,regular,no attack,false positive
infrastructure,metric,2865,user2865,regular,no attack,false positive
infrastructure,log,2865,user2865,regular,no attack,false positive
infrastructure,trace,2865,user2865,regular,no attack,false positive
business,metric,5220,user5220,malicious,attack 2,false positive
business,log,5220,user5220,malicious,attack 2,false positive
business,trace,5220,user5220,malicious,attack 2,true positive
infrastructure,metric,7947,user7947,malicious,attack 1,false positive
infrastructure,log,7947,user7947,malicious,attack 1,true positive
infrastructure,trace,7947,user7947,malicious,attack 1,false positive
business,metric,964,user964,regular,no attack,false positive
business,log,964,user964,regular,no attack,false positive
business,trace,964,user964,regular,no attack,false positive
business,metric,2089,user2089,regular,no attack,false positive
business,log,2089,user2089,regular,no attack,false positive
business,trace,2089,user2089,regular,no attack,false positive
infrastructure,metric,3639,user3639,malicious,attack 1,false positive
infrastructure,log,3639,user3639,malicious,attack 1,true positive
infrastructure,trace,3639,user3639,malicious,attack 1,false positive
business,metric,856,user856,malicious,attack 1,false positive
business,log,856,user856,malicious,attack 1,true positive
business,trace,856,user856,malicious,attack 1,false positive
business,metric,1010,user1010,malicious,attack 2,false positive
business,log,1010,user1010,malicious,attack 2,false positive
business,trace,1010,user1010,malicious,attack 2,true positive
business,metric,469,user469,malicious,attack 1,false positive
business,log,469,user469,malicious,attack 1,true positive
business,trace,469,user469,malicious,attack 1,false positive
business,metric,5296,user5296,malicious,attack 2,false positive
business,log,5296,user5296,malicious,attack 2,false positive
business,trace,5296,user5296,malicious,attack 2,true positive
business,metric,1574,user1574,regular,no attack,false positive
business,log,1574,user1574,regular,no attack,false positive
business,trace,1574,user1574,regular,no attack,false positive
business,metric,9928,user9928,malicious,attack 2,false positive
business,log,9928,user9928,malicious,attack 2,false positive
business,trace,9928,user9928,malicious,attack 2,true positive
infrastructure,metric,4185,user4185,regular,no attack,false positive
infrastructure,log,4185,user4185,regular,no attack,false positive
infrastructure,trace,4185,user4185,regular,no attack,false positive
infrastructure,metric,7358,user7358,regular,no attack,false positive
infrastructure,log,7358,user7358,regular,no attack,false positive
infrastructure,trace,7358,user7358,regular,no attack,false positive
infrastructure,metric,5743,user5743,malicious,attack 2,false positive
infrastructure,log,5743,user5743,malicious,attack 2,false positive
infrastructure,trace,5743,user5743,malicious,attack 2,true positive
infrastructure,metric,9347,user9347,malicious,attack 1,false positive
infrastructure,log,9347,user9347,malicious,attack 1,true positive
infrastructure,trace,9347,user9347,malicious,attack 1,false positive
infrastructure,metric,5659,user5659,malicious,attack 1,false positive
infrastructure,log,5659,user5659,malicious,attack 1,true positive
infrastructure,trace,5659,user5659,malicious,attack 1,false positive
infrastructure,metric,7232,user7232,malicious,attack 1,false positive
infrastructure,log,7232,user7232,malicious,attack 1,true positive
infrastructure,trace,7232,user7232,malicious,attack 1,false positive
infrastructure,metric,4675,user4675,malicious,attack 1,false positive
infrastructure,log,4675,user4675,malicious,attack 1,true positive
infrastructure,trace,4675,user4675,malicious,attack 1,false positive
infrastructure,metric,2172,user2172,malicious,attack 1,false positive
infrastructure,log,2172,user2172,malicious,attack 1,true positive
infrastructure,trace,2172,user2172,malicious,attack 1,false positive
business,metric,8751,user8751,regular,no attack,false positive
business,log,8751,user8751,regular,no attack,false positive
business,trace,8751,user8751,regular,no attack,false positive
business,metric,3287,user3287,malicious,attack 1,false positive
business,log,3287,user3287,malicious,attack 1,true positive
business,trace,3287,user3287,malicious,attack 1,false positive
business,metric,5518,user5518,regular,no attack,false positive
business,log,5518,user5518,regular,no attack,false positive
business,trace,5518,user5518,regular,no attack,false positive
infrastructure,metric,2590,user2590,regular,no attack,false positive
infrastructure,log,2590,user2590,regular,no attack,false positive
infrastructure,trace,2590,user2590,regular,no attack,false positive
infrastructure,metric,500,user500,malicious,attack 1,false positive
infrastructure,log,500,user500,malicious,attack 1,true positive
infrastructure,trace,500,user500,malicious,attack 1,false positive
infrastructure,metric,6652,user6652,malicious,attack 2,false positive
infrastructure,log,6652,user6652,malicious,attack 2,false positive
infrastructure,trace,6652,user6652,malicious,attack 2,true positive
business,metric,346,user346,malicious,attack 2,false positive
business,log,346,user346,malicious,attack 2,false positive
business,trace,346,user346,malicious,attack 2,true positive
business,metric,8801,user8801,regular,no attack,false positive
business,log,8801,user8801,regular,no attack,false positive
business,trace,8801,user8801,regular,no attack,false positive
business,metric,2169,user2169,malicious,attack 2,false positive
business,log,2169,user2169,malicious,attack 2,false positive
business,trace,2169,user2169,malicious,attack 2,true positive
business,metric,1377,user1377,regular,no attack,false positive
business,log,1377,user1377,regular,no attack,false positive
business,trace,1377,user1377,regular,no attack,false positive
business,metric,4182,user4182,malicious,attack 2,false positive
business,log,4182,user4182,malicious,attack 2,false positive
business,trace,4182,user4182,malicious,attack 2,true positive
infrastructure,metric,4627,user4627,regular,no attack,false positive
infrastructure,log,4627,user4627,regular,no attack,false positive
infrastructure,trace,4627,user4627,regular,no attack,false positive
business,metric,2479,user2479,regular,no attack,false positive
business,log,2479,user2479,regular,no attack,false positive
business,trace,2479,user2479,regular,no attack,false positive
business,metric,1011,user1011,malicious,attack 2,false positive
business,log,1011,user1011,malicious,attack 2,false positive
business,trace,1011,user1011,malicious,attack 2,true positive
infrastructure,metric,1571,user1571,malicious,attack 2,false positive
infrastructure,log,1571,user1571,malicious,attack 2,false positive
infrastructure,trace,1571,user1571,malicious,attack 2,true positive
business,metric,4872,user4872,malicious,attack 2,false positive
business,log,4872,user4872,malicious,attack 2,false positive
business,trace,4872,user4872,malicious,attack 2,true positive
business,metric,4932,user4932,malicious,attack 2,false positive
business,log,4932,user4932,malicious,attack 2,false positive
business,trace,4932,user4932,malicious,attack 2,true positive
infrastructure,metric,1412,user1412,regular,no attack,false positive
infrastructure,log,1412,user1412,regular,no attack,false positive
infrastructure,trace,1412,user1412,regular,no attack,false positive
business,metric,8930,user8930,malicious,attack 2,false positive
business,log,8930,user8930,malicious,attack 2,false positive
business,trace,8930,user8930,malicious,attack 2,true positive
business,metric,444,user444,regular,no attack,false positive
business,log,444,user444,regular,no attack,false positive
business,trace,444,user444,regular,no attack,false positive
business,metric,167,user167,malicious,attack 2,false positive
business,log,167,user167,malicious,attack 2,false positive
business,trace,167,user167,malicious,attack 2,true positive
business,metric,4608,user4608,malicious,attack 2,false positive
business,log,4608,user4608,malicious,attack 2,false positive
business,trace,4608,user4608,malicious,attack 2,true positive
infrastructure,metric,6104,user6104,regular,no attack,false positive
infrastructure,log,6104,user6104,regular,no attack,false positive
infrastructure,trace,6104,user6104,regular,no attack,false positive
infrastructure,metric,913,user913,malicious,attack 2,false positive
infrastructure,log,913,user913,malicious,attack 2,false positive
infrastructure,trace,913,user913,malicious,attack 2,true positive
business,metric,8080,user8080,malicious,attack 1,false positive
business,log,8080,user8080,malicious,attack 1,true positive
business,trace,8080,user8080,malicious,attack 1,false positive
infrastructure,metric,6158,user6158,malicious,attack 2,false positive
infrastructure,log,6158,user6158,malicious,attack 2,false positive
infrastructure,trace,6158,user6158,malicious,attack 2,true positive
business,metric,1071,user1071,malicious,attack 1,false positive
business,log,1071,user1071,malicious,attack 1,true positive
business,trace,1071,user1071,malicious,attack 1,false positive
infrastructure,metric,6241,user6241,malicious,attack 1,false positive
infrastructure,log,6241,user6241,malicious,attack 1,true positive
infrastructure,trace,6241,user6241,malicious,attack 1,false positive
infrastructure,metric,2937,user2937,malicious,attack 1,false positive
infrastructure,log,2937,user2937,malicious,attack 1,true positive
infrastructure,trace,2937,user2937,malicious,attack 1,false positive
infrastructure,metric,4693,user4693,malicious,attack 2,false positive
infrastructure,log,4693,user4693,malicious,attack 2,false positive
infrastructure,trace,4693,user4693,malicious,attack 2,true positive
infrastructure,metric,4912,user4912,regular,no attack,false positive
infrastructure,log,4912,user4912,regular,no attack,false positive
infrastructure,trace,4912,user4912,regular,no attack,false positive
infrastructure,metric,7091,user7091,malicious,attack 1,false positive
infrastructure,log,7091,user7091,malicious,attack 1,true positive
infrastructure,trace,7091,user7091,malicious,attack 1,false positive
infrastructure,metric,6016,user6016,malicious,attack 1,false positive
infrastructure,log,6016,user6016,malicious,attack 1,true positive
infrastructure,trace,6016,user6016,malicious,attack 1,false positive
infrastructure,metric,7061,user7061,malicious,attack 2,false positive
infrastructure,log,7061,user7061,malicious,attack 2,false positive
infrastructure,trace,7061,user7061,malicious,attack 2,true positive
business,metric,3156,user3156,malicious,attack 1,false positive
business,log,3156,user3156,malicious,attack 1,true positive
business,trace,3156,user3156,malicious,attack 1,false positive
business,metric,4633,user4633,malicious,attack 1,false positive
business,log,4633,user4633,malicious,attack 1,true positive
business,trace,4633,user4633,malicious,attack 1,false positive
infrastructure,metric,539,user539,malicious,attack 1,false positive
infrastructure,log,539,user539,malicious,attack 1,true positive
infrastructure,trace,539,user539,malicious,attack 1,false positive
business,metric,7058,user7058,malicious,attack 1,false positive
business,log,7058,user7058,malicious,attack 1,true positive
business,trace,7058,user7058,malicious,attack 1,false positive
infrastructure,metric,5594,user5594,malicious,attack 1,false positive
infrastructure,log,5594,user5594,malicious,attack 1,true positive
infrastructure,trace,5594,user5594,malicious,attack 1,false positive
business,metric,5204,user5204,malicious,attack 1,false positive
business,log,5204,user5204,malicious,attack 1,true positive
business,trace,5204,user5204,malicious,attack 1,false positive
business,metric,8532,user8532,malicious,attack 2,false positive
business,log,8532,user8532,malicious,attack 2,false positive
business,trace,8532,user8532,malicious,attack 2,true positive
infrastructure,metric,6818,user6818,regular,no attack,false positive
infrastructure,log,6818,user6818,regular,no attack,false positive
infrastructure,trace,6818,user6818,regular,no attack,false positive
business,metric,5261,user5261,malicious,attack 1,false positive
business,log,5261,user5261,malicious,attack 1,true positive
business,trace,5261,user5261,malicious,attack 1,false positive
infrastructure,metric,4683,user4683,malicious,attack 1,false positive
infrastructure,log,4683,user4683,malicious,attack 1,true positive
infrastructure,trace,4683,user4683,malicious,attack 1,false positive
business,metric,2585,user2585,malicious,attack 2,false positive
business,log,2585,user2585,malicious,attack 2,false positive
business,trace,2585,user2585,malicious,attack 2,true positive
business,metric,363,user363,regular,no attack,false positive
business,log,363,user363,regular,no attack,false positive
business,trace,363,user363,regular,no attack,false positive
infrastructure,metric,1214,user1214,regular,no attack,false positive
infrastructure,log,1214,user1214,regular,no attack,false positive
infrastructure,trace,1214,user1214,regular,no attack,false positive
infrastructure,metric,2370,user2370,malicious,attack 1,false positive
infrastructure,log,2370,user2370,malicious,attack 1,true positive
infrastructure,trace,2370,user2370,malicious,attack 1,false positive
infrastructure,metric,535,user535,malicious,attack 1,false positive
infrastructure,log,535,user535,malicious,attack 1,true positive
infrastructure,trace,535,user535,malicious,attack 1,false positive
infrastructure,metric,5599,user5599,regular,no attack,false positive
infrastructure,log,5599,user5599,regular,no attack,false positive
infrastructure,trace,5599,user5599,regular,no attack,false positive
infrastructure,metric,6698,user6698,regular,no attack,false positive
infrastructure,log,6698,user6698,regular,no attack,false positive
infrastructure,trace,6698,user6698,regular,no attack,false positive
infrastructure,metric,234,user234,malicious,attack 2,false positive
infrastructure,log,234,user234,malicious,attack 2,false positive
infrastructure,trace,234,user234,malicious,attack 2,true positive
business,metric,3444,user3444,regular,no attack,false positive
business,log,3444,user3444,regular,no attack,false positive
business,trace,3444,user3444,regular,no attack,false positive
business,metric,4457,user4457,malicious,attack 1,false positive
business,log,4457,user4457,malicious,attack 1,true positive
business,trace,4457,user4457,malicious,attack 1,false positive
infrastructure,metric,1437,user1437,malicious,attack 1,false positive
infrastructure,log,1437,user1437,malicious,attack 1,true positive
infrastructure,trace,1437,user1437,malicious,attack 1,false positive
infrastructure,metric,3340,user3340,malicious,attack 1,false positive
infrastructure,log,3340,user3340,malicious,attack 1,true positive
infrastructure,trace,3340,user3340,malicious,attack 1,false positive
infrastructure,metric,9535,user9535,regular,no attack,false positive
infrastructure,log,9535,user9535,regular,no attack,false positive
infrastructure,trace,9535,user9535,regular,no attack,false positive
infrastructure,metric,7972,user7972,regular,no attack,false positive
infrastructure,log,7972,user7972,regular,no attack,false positive
infrastructure,trace,7972,user7972,regular,no attack,false positive
infrastructure,metric,5875,user5875,malicious,attack 1,false positive
infrastructure,log,5875,user5875,malicious,attack 1,true positive
infrastructure,trace,5875,user5875,malicious,attack 1,false positive
infrastructure,metric,940,user940,malicious,attack 1,false positive
infrastructure,log,940,user940,malicious,attack 1,true positive
infrastructure,trace,940,user940,malicious,attack 1,false positive
business,metric,8941,user8941,malicious,attack 1,false positive
business,log,8941,user8941,malicious,attack 1,true positive
business,trace,8941,user8941,malicious,attack 1,false positive
infrastructure,metric,6325,user6325,regular,no attack,false positive
infrastructure,log,6325,user6325,regular,no attack,false positive
infrastructure,trace,6325,user6325,regular,no attack,false positive
infrastructure,metric,8454,user8454,malicious,attack 1,false positive
infrastructure,log,8454,user8454,malicious,attack 1,true positive
infrastructure,trace,8454,user8454,malicious,attack 1,false positive
infrastructure,metric,6757,user6757,malicious,attack 2,false positive
infrastructure,log,6757,user6757,malicious,attack 2,false positive
infrastructure,trace,6757,user6757,malicious,attack 2,true positive
business,metric,324,user324,malicious,attack 1,false positive
business,log,324,user324,malicious,attack 1,true positive
business,trace,324,user324,malicious,attack 1,false positive
business,metric,427,user427,malicious,attack 2,false positive
business,log,427,user427,malicious,attack 2,false positive
business,trace,427,user427,malicious,attack 2,true positive
infrastructure,metric,5318,user5318,malicious,attack 2,false positive
infrastructure,log,5318,user5318,malicious,attack 2,false positive
infrastructure,trace,5318,user5318,malicious,attack 2,true positive
business,metric,9403,user9403,malicious,attack 1,false positive
business,log,9403,user9403,malicious,attack 1,true positive
business,trace,9403,user9403,malicious,attack 1,false positive
infrastructure,metric,9670,user9670,malicious,attack 1,false positive
infrastructure,log,9670,user9670,malicious,attack 1,true positive
infrastructure,trace,9670,user9670,malicious,attack 1,false positive
business,metric,5698,user5698,malicious,attack 2,false positive
business,log,5698,user5698,malicious,attack 2,false positive
business,trace,5698,user5698,malicious,attack 2,true positive
infrastructure,metric,8859,user8859,malicious,attack 1,false positive
infrastructure,log,8859,user8859,malicious,attack 1,true positive
infrastructure,trace,8859,user8859,malicious,attack 1,false positive
infrastructure,metric,5521,user5521,regular,no attack,false positive
infrastructure,log,5521,user5521,regular,no attack,false positive
infrastructure,trace,5521,user5521,regular,no attack,false positive
infrastructure,metric,4933,user4933,malicious,attack 2,false positive
infrastructure,log,4933,user4933,malicious,attack 2,false positive
infrastructure,trace,4933,user4933,malicious,attack 2,true positive
infrastructure,metric,8728,user8728,malicious,attack 2,false positive
infrastructure,log,8728,user8728,malicious,attack 2,false positive
infrastructure,trace,8728,user8728,malicious,attack 2,true positive
business,metric,7262,user7262,malicious,attack 2,false positive
business,log,7262,user7262,malicious,attack 2,false positive
business,trace,7262,user7262,malicious,attack 2,true positive
infrastructure,metric,8184,user8184,malicious,attack 1,false positive
infrastructure,log,8184,user8184,malicious,attack 1,true positive
infrastructure,trace,8184,user8184,malicious,attack 1,false positive
business,metric,6891,user6891,regular,no attack,false positive
business,log,6891,user6891,regular,no attack,false positive
business,trace,6891,user6891,regular,no attack,false positive
infrastructure,metric,9140,user9140,regular,no attack,false positive
infrastructure,log,9140,user9140,regular,no attack,false positive
infrastructure,trace,9140,user9140,regular,no attack,false positive
business,metric,9223,user9223,malicious,attack 2,false positive
business,log,9223,user9223,malicious,attack 2,false positive
business,trace,9223,user9223,malicious,attack 2,true positive
infrastructure,metric,464,user464,regular,no attack,false positive
infrastructure,log,464,user464,regular,no attack,false positive
infrastructure,trace,464,user464,regular,no attack,false positive
infrastructure,metric,2986,user2986,malicious,attack 2,false positive
infrastructure,log,2986,user2986,malicious,attack 2,false positive
infrastructure,trace,2986,user2986,malicious,attack 2,true positive
business,metric,2532,user2532,malicious,attack 1,false positive
business,log,2532,user2532,malicious,attack 1,true positive
business,trace,2532,user2532,malicious,attack 1,false positive
infrastructure,metric,7175,user7175,malicious,attack 1,false positive
infrastructure,log,7175,user7175,malicious,attack 1,true positive
infrastructure,trace,7175,user7175,malicious,attack 1,false positive
infrastructure,metric,3436,user3436,malicious,attack 2,false positive
infrastructure,log,3436,user3436,malicious,attack 2,false positive
infrastructure,trace,3436,user3436,malicious,attack 2,true positive
infrastructure,metric,6190,user6190,regular,no attack,false positive
infrastructure,log,6190,user6190,regular,no attack,false positive
infrastructure,trace,6190,user6190,regular,no attack,false positive
business,metric,635,user635,malicious,attack 2,false positive
business,log,635,user635,malicious,attack 2,false positive
business,trace,635,user635,malicious,attack 2,true positive
business,metric,8978,user8978,malicious,attack 2,false positive
business,log,8978,user8978,malicious,attack 2,false positive
business,trace,8978,user8978,malicious,attack 2,true positive
business,metric,4214,user4214,malicious,attack 2,false positive
business,log,4214,user4214,malicious,attack 2,false positive
business,trace,4214,user4214,malicious,attack 2,true positive
infrastructure,metric,6916,user6916,malicious,attack 1,false positive
infrastructure,log,6916,user6916,malicious,attack 1,true positive
infrastructure,trace,6916,user6916,malicious,attack 1,false positive
infrastructure,metric,5931,user5931,malicious,attack 1,false positive
infrastructure,log,5931,user5931,malicious,attack 1,true positive
infrastructure,trace,5931,user5931,malicious,attack 1,false positive
business,metric,5029,user5029,regular,no attack,false positive
business,log,5029,user5029,regular,no attack,false positive
business,trace,5029,user5029,regular,no attack,false positive
infrastructure,metric,8764,user8764,malicious,attack 1,false positive
infrastructure,log,8764,user8764,malicious,attack 1,true positive
infrastructure,trace,8764,user8764,malicious,attack 1,false positive
business,metric,5396,user5396,malicious,attack 1,false positive
business,log,5396,user5396,malicious,attack 1,true positive
business,trace,5396,user5396,malicious,attack 1,false positive
business,metric,5333,user5333,malicious,attack 1,false positive
business,log,5333,user5333,malicious,attack 1,true positive
business,trace,5333,user5333,malicious,attack 1,false positive
infrastructure,metric,7983,user7983,malicious,attack 1,false positive
infrastructure,log,7983,user7983,malicious,attack 1,true positive
infrastructure,trace,7983,user7983,malicious,attack 1,false positive
business,metric,193,user193,malicious,attack 2,false positive
business,log,193,user193,malicious,attack 2,false positive
business,trace,193,user193,malicious,attack 2,true positive
infrastructure,metric,8763,user8763,regular,no attack,false positive
infrastructure,log,8763,user8763,regular,no attack,false positive
infrastructure,trace,8763,user8763,regular,no attack,false positive
infrastructure,metric,3441,user3441,malicious,attack 2,false positive
infrastructure,log,3441,user3441,malicious,attack 2,false positive
infrastructure,trace,3441,user3441,malicious,attack 2,true positive
infrastructure,metric,9095,user9095,malicious,attack 2,false positive
infrastructure,log,9095,user9095,malicious,attack 2,false positive
infrastructure,trace,9095,user9095,malicious,attack 2,true positive
business,metric,7655,user7655,malicious,attack 2,false positive
business,log,7655,user7655,malicious,attack 2,false positive
business,trace,7655,user7655,malicious,attack 2,true positive
business,metric,9802,user9802,malicious,attack 2,false positive
business,log,9802,user9802,malicious,attack 2,false positive
business,trace,9802,user9802,malicious,attack 2,true positive
infrastructure,metric,6243,user6243,malicious,attack 1,false positive
infrastructure,log,6243,user6243,malicious,attack 1,true positive
infrastructure,trace,6243,user6243,malicious,attack 1,false positive
infrastructure,metric,23,user23,malicious,attack 2,false positive
infrastructure,log,23,user23,malicious,attack 2,false positive
infrastructure,trace,23,user23,malicious,attack 2,true positive
business,metric,2232,user2232,malicious,attack 1,false positive
business,log,2232,user2232,malicious,attack 1,true positive
business,trace,2232,user2232,malicious,attack 1,false positive
business,metric,5827,user5827,malicious,attack 2,false positive
business,log,5827,user5827,malicious,attack 2,false positive
business,trace,5827,user5827,malicious,attack 2,true positive
business,metric,2576,user2576,malicious,attack 2,false positive
business,log,2576,user2576,malicious,attack 2,false positive
business,trace,2576,user2576,malicious,attack 2,true positive
infrastructure,metric,4065,user4065,malicious,attack 2,false positive
infrastructure,log,4065,user4065,malicious,attack 2,false positive
infrastructure,trace,4065,user4065,malicious,attack 2,true positive
business,metric,57,user57,regular,no attack,false positive
business,log,57,user57,regular,no attack,false positive
business,trace,57,user57,regular,no attack,false positive
infrastructure,metric,472,user472,regular,no attack,false positive
infrastructure,log,472,user472,regular,no attack,false positive
infrastructure,trace,472,user472,regular,no attack,false positive
infrastructure,metric,4196,user4196,malicious,attack 2,false positive
infrastructure,log,4196,user4196,malicious,attack 2,false positive
infrastructure,trace,4196,user4196,malicious,attack 2,true positive
infrastructure,metric,7704,user7704,regular,no attack,false positive
infrastructure,log,7704,user7704,regular,no attack,false positive
infrastructure,trace,7704,user7704,regular,no attack,false positive
business,metric,2262,user2262,malicious,attack 1,false positive
business,log,2262,user2262,malicious,attack 1,true positive
business,trace,2262,user2262,malicious,attack 1,false positive
infrastructure,metric,3768,user3768,malicious,attack 2,false positive
infrastructure,log,3768,user3768,malicious,attack 2,false positive
infrastructure,trace,3768,user3768,malicious,attack 2,true positive
infrastructure,metric,9343,user9343,malicious,attack 1,false positive
infrastructure,log,9343,user9343,malicious,attack 1,true positive
infrastructure,trace,9343,user9343,malicious,attack 1,false positive
infrastructure,metric,3468,user3468,regular,no attack,false positive
infrastructure,log,3468,user3468,regular,no attack,false positive
infrastructure,trace,3468,user3468,regular,no attack,false positive
infrastructure,metric,4019,user4019,malicious,attack 2,false positive
infrastructure,log,4019,user4019,malicious,attack 2,false positive
infrastructure,trace,4019,user4019,malicious,attack 2,true positive
infrastructure,metric,4190,user4190,malicious,attack 1,false positive
infrastructure,log,4190,user4190,malicious,attack 1,true positive
infrastructure,trace,4190,user4190,malicious,attack 1,false positive
infrastructure,metric,4490,user4490,malicious,attack 2,false positive
infrastructure,log,4490,user4490,malicious,attack 2,false positive
infrastructure,trace,4490,user4490,malicious,attack 2,true positive
infrastructure,metric,6452,user6452,malicious,attack 2,false positive
infrastructure,log,6452,user6452,malicious,attack 2,false positive
infrastructure,trace,6452,user6452,malicious,attack 2,true positive
business,metric,9742,user9742,malicious,attack 2,false positive
business,log,9742,user9742,malicious,attack 2,false positive
business,trace,9742,user9742,malicious,attack 2,true positive
business,metric,8667,user8667,regular,no attack,false positive
business,log,8667,user8667,regular,no attack,false positive
business,trace,8667,user8667,regular,no attack,false positive
infrastructure,metric,7909,user7909,regular,no attack,false positive
infrastructure,log,7909,user7909,regular,no attack,false positive
infrastructure,trace,7909,user7909,regular,no attack,false positive
infrastructure,metric,3971,user3971,malicious,attack 2,false positive
infrastructure,log,3971,user3971,malicious,attack 2,false positive
infrastructure,trace,3971,user3971,malicious,attack 2,true positive
infrastructure,metric,358,user358,malicious,attack 2,false positive
infrastructure,log,358,user358,malicious,attack 2,false positive
infrastructure,trace,358,user358,malicious,attack 2,true positive
infrastructure,metric,1006,user1006,regular,no attack,false positive
infrastructure,log,1006,user1006,regular,no attack,false positive
infrastructure,trace,1006,user1006,regular,no attack,false positive
infrastructure,metric,3331,user3331,malicious,attack 1,false positive
infrastructure,log,3331,user3331,malicious,attack 1,true positive
infrastructure,trace,3331,user3331,malicious,attack 1,false positive
infrastructure,metric,9010,user9010,regular,no attack,false positive
infrastructure,log,9010,user9010,regular,no attack,false positive
infrastructure,trace,9010,user9010,regular,no attack,false positive
infrastructure,metric,4834,user4834,malicious,attack 1,false positive
infrastructure,log,4834,user4834,malicious,attack 1,true positive
infrastructure,trace,4834,user4834,malicious,attack 1,false positive
infrastructure,metric,4524,user4524,malicious,attack 1,false positive
infrastructure,log,4524,user4524,malicious,attack 1,true positive
infrastructure,trace,4524,user4524,malicious,attack 1,false positive
business,metric,7049,user7049,regular,no attack,false positive
business,log,7049,user7049,regular,no attack,false positive
business,trace,7049,user7049,regular,no attack,false positive
infrastructure,metric,2116,user2116,malicious,attack 2,false positive
infrastructure,log,2116,user2116,malicious,attack 2,false positive
infrastructure,trace,2116,user2116,malicious,attack 2,true positive
infrastructure,metric,5966,user5966,regular,no attack,false positive
infrastructure,log,5966,user5966,regular,no attack,false positive
infrastructure,trace,5966,user5966,regular,no attack,false positive
infrastructure,metric,1613,user1613,regular,no attack,false positive
infrastructure,log,1613,user1613,regular,no attack,false positive
infrastructure,trace,1613,user1613,regular,no attack,false positive
business,metric,1484,user1484,malicious,attack 1,false positive
business,log,1484,user1484,malicious,attack 1,true positive
business,trace,1484,user1484,malicious,attack 1,false positive
business,metric,5781,user5781,malicious,attack 2,false positive
business,log,5781,user5781,malicious,attack 2,false positive
business,trace,5781,user5781,malicious,attack 2,true positive
business,metric,9428,user9428,malicious,attack 1,false positive
business,log,9428,user9428,malicious,attack 1,true positive
business,trace,9428,user9428,malicious,attack 1,false positive
business,metric,3056,user3056,malicious,attack 2,false positive
business,log,3056,user3056,malicious,attack 2,false positive
business,trace,3056,user3056,malicious,attack 2,true positive
infrastructure,metric,8525,user8525,regular,no attack,false positive
infrastructure,log,8525,user8525,regular,no attack,false positive
infrastructure,trace,8525,user8525,regular,no attack,false positive
business,metric,8730,user8730,malicious,attack 2,false positive
business,log,8730,user8730,malicious,attack 2,false positive
business,trace,8730,user8730,malicious,attack 2,true positive
business,metric,1965,user1965,malicious,attack 2,false positive
business,log,1965,user1965,malicious,attack 2,false positive
business,trace,1965,user1965,malicious,attack 2,true positive
infrastructure,metric,3941,user3941,malicious,attack 1,false positive
infrastructure,log,3941,user3941,malicious,attack 1,true positive
infrastructure,trace,3941,user3941,malicious,attack 1,false positive
infrastructure,metric,1149,user1149,malicious,attack 1,false positive
infrastructure,log,1149,user1149,malicious,attack 1,true positive
infrastructure,trace,1149,user1149,malicious,attack 1,false positive
infrastructure,metric,774,user774,regular,no attack,false positive
infrastructure,log,774,user774,regular,no attack,false positive
infrastructure,trace,774,user774,regular,no attack,false positive
business,metric,6160,user6160,malicious,attack 1,false positive
business,log,6160,user6160,malicious,attack 1,true positive
business,trace,6160,user6160,malicious,attack 1,false positive
business,metric,1154,user1154,malicious,attack 2,false positive
business,log,1154,user1154,malicious,attack 2,false positive
business,trace,1154,user1154,malicious,attack 2,true positive
infrastructure,metric,3609,user3609,regular,no attack,false positive
infrastructure,log,3609,user3609,regular,no attack,false positive
infrastructure,trace,3609,user3609,regular,no attack,false positive
business,metric,4810,user4810,malicious,attack 2,false positive
business,log,4810,user4810,malicious,attack 2,false positive
business,trace,4810,user4810,malicious,attack 2,true positive
infrastructure,metric,3755,user3755,malicious,attack 1,false positive
infrastructure,log,3755,user3755,malicious,attack 1,true positive
infrastructure,trace,3755,user3755,malicious,attack 1,false positive
business,metric,3385,user3385,malicious,attack 1,false positive
business,log,3385,user3385,malicious,attack 1,true positive
business,trace,3385,user3385,malicious,attack 1,false positive
infrastructure,metric,6064,user6064,malicious,attack 2,false positive
infrastructure,log,6064,user6064,malicious,attack 2,false positive
infrastructure,trace,6064,user6064,malicious,attack 2,true positive
business,metric,2275,user2275,malicious,attack 1,false positive
business,log,2275,user2275,malicious,attack 1,true positive
business,trace,2275,user2275,malicious,attack 1,false positive
business,metric,4821,user4821,malicious,attack 1,false positive
business,log,4821,user4821,malicious,attack 1,true positive
business,trace,4821,user4821,malicious,attack 1,false positive
business,metric,6404,user6404,malicious,attack 2,false positive
business,log,6404,user6404,malicious,attack 2,false positive
business,trace,6404,user6404,malicious,attack 2,true positive
business,metric,7576,user7576,malicious,attack 2,false positive
business,log,7576,user7576,malicious,attack 2,false positive
business,trace,7576,user7576,malicious,attack 2,true positive
business,metric,6831,user6831,malicious,attack 1,false positive
business,log,6831,user6831,malicious,attack 1,true positive
business,trace,6831,user6831,malicious,attack 1,false positive
infrastructure,metric,1192,user1192,malicious,attack 2,false positive
infrastructure,log,1192,user1192,malicious,attack 2,false positive
infrastructure,trace,1192,user1192,malicious,attack 2,true positive
business,metric,9140,user9140,regular,no attack,false positive
business,log,9140,user9140,regular,no attack,false positive
business,trace,9140,user9140,regular,no attack,false positive
infrastructure,metric,1988,user1988,malicious,attack 2,false positive
infrastructure,log,1988,user1988,malicious,attack 2,false positive
infrastructure,trace,1988,user1988,malicious,attack 2,true positive
infrastructure,metric,9744,user9744,malicious,attack 2,false positive
infrastructure,log,9744,user9744,malicious,attack 2,false positive
infrastructure,trace,9744,user9744,malicious,attack 2,true positive
business,metric,4800,user4800,malicious,attack 1,false positive
business,log,4800,user4800,malicious,attack 1,true positive
business,trace,4800,user4800,malicious,attack 1,false positive
infrastructure,metric,1284,user1284,malicious,attack 1,false positive
infrastructure,log,1284,user1284,malicious,attack 1,true positive
infrastructure,trace,1284,user1284,malicious,attack 1,false positive
business,metric,4267,user4267,regular,no attack,false positive
business,log,4267,user4267,regular,no attack,false positive
business,trace,4267,user4267,regular,no attack,false positive
business,metric,4824,user4824,regular,no attack,false positive
business,log,4824,user4824,regular,no attack,false positive
business,trace,4824,user4824,regular,no attack,false positive
infrastructure,metric,2138,user2138,malicious,attack 2,false positive
infrastructure,log,2138,user2138,malicious,attack 2,false positive
infrastructure,trace,2138,user2138,malicious,attack 2,true positive
infrastructure,metric,4389,user4389,malicious,attack 1,false positive
infrastructure,log,4389,user4389,malicious,attack 1,true positive
infrastructure,trace,4389,user4389,malicious,attack 1,false positive
business,metric,1180,user1180,malicious,attack 2,false positive
business,log,1180,user1180,malicious,attack 2,false positive
business,trace,1180,user1180,malicious,attack 2,true positive
infrastructure,metric,8370,user8370,regular,no attack,false positive
infrastructure,log,8370,user8370,regular,no attack,false positive
infrastructure,trace,8370,user8370,regular,no attack,false positive
infrastructure,metric,6820,user6820,malicious,attack 1,false positive
infrastructure,log,6820,user6820,malicious,attack 1,true positive
infrastructure,trace,6820,user6820,malicious,attack 1,false positive
infrastructure,metric,8994,user8994,malicious,attack 1,false positive
infrastructure,log,8994,user8994,malicious,attack 1,true positive
infrastructure,trace,8994,user8994,malicious,attack 1,false positive
infrastructure,metric,7419,user7419,malicious,attack 2,false positive
infrastructure,log,7419,user7419,malicious,attack 2,false positive
infrastructure,trace,7419,user7419,malicious,attack 2,true positive
infrastructure,metric,4969,user4969,malicious,attack 1,false positive
infrastructure,log,4969,user4969,malicious,attack 1,true positive
infrastructure,trace,4969,user4969,malicious,attack 1,false positive
infrastructure,metric,1087,user1087,malicious,attack 2,false positive
infrastructure,log,1087,user1087,malicious,attack 2,false positive
infrastructure,trace,1087,user1087,malicious,attack 2,true positive
infrastructure,metric,4761,user4761,regular,no attack,false positive
infrastructure,log,4761,user4761,regular,no attack,false positive
infrastructure,trace,4761,user4761,regular,no attack,false positive
infrastructure,metric,5396,user5396,malicious,attack 2,false positive
infrastructure,log,5396,user5396,malicious,attack 2,false positive
infrastructure,trace,5396,user5396,malicious,attack 2,true positive
infrastructure,metric,9149,user9149,malicious,attack 2,false positive
infrastructure,log,9149,user9149,malicious,attack 2,false positive
infrastructure,trace,9149,user9149,malicious,attack 2,true positive
business,metric,6312,user6312,malicious,attack 2,false positive
business,log,6312,user6312,malicious,attack 2,false positive
business,trace,6312,user6312,malicious,attack 2,true positive
infrastructure,metric,6858,user6858,malicious,attack 2,false positive
infrastructure,log,6858,user6858,malicious,attack 2,false positive
infrastructure,trace,6858,user6858,malicious,attack 2,true positive
infrastructure,metric,9494,user9494,malicious,attack 2,false positive
infrastructure,log,9494,user9494,malicious,attack 2,false positive
infrastructure,trace,9494,user9494,malicious,attack 2,true positive
business,metric,8155,user8155,malicious,attack 1,false positive
business,log,8155,user8155,malicious,attack 1,true positive
business,trace,8155,user8155,malicious,attack 1,false positive
infrastructure,metric,9417,user9417,malicious,attack 1,false positive
infrastructure,log,9417,user9417,malicious,attack 1,true positive
infrastructure,trace,9417,user9417,malicious,attack 1,false positive
infrastructure,metric,364,user364,regular,no attack,false positive
infrastructure,log,364,user364,regular,no attack,false positive
infrastructure,trace,364,user364,regular,no attack,false positive
infrastructure,metric,6109,user6109,regular,no attack,false positive
infrastructure,log,6109,user6109,regular,no attack,false positive
infrastructure,trace,6109,user6109,regular,no attack,false positive
business,metric,8932,user8932,malicious,attack 1,false positive
business,log,8932,user8932,malicious,attack 1,true positive
business,trace,8932,user8932,malicious,attack 1,false positive
business,metric,9232,user9232,malicious,attack 1,false positive
business,log,9232,user9232,malicious,attack 1,true positive
business,trace,9232,user9232,malicious,attack 1,false positive
business,metric,2597,user2597,malicious,attack 1,false positive
business,log,2597,user2597,malicious,attack 1,true positive
business,trace,2597,user2597,malicious,attack 1,false positive
infrastructure,metric,7134,user7134,regular,no attack,false positive
infrastructure,log,7134,user7134,regular,no attack,false positive
infrastructure,trace,7134,user7134,regular,no attack,false positive
infrastructure,metric,2662,user2662,malicious,attack 1,false positive
infrastructure,log,2662,user2662,malicious,attack 1,true positive
infrastructure,trace,2662,user2662,malicious,attack 1,false positive
infrastructure,metric,2140,user2140,malicious,attack 1,false positive
infrastructure,log,2140,user2140,malicious,attack 1,true positive
infrastructure,trace,2140,user2140,malicious,attack 1,false positive
infrastructure,metric,107,user107,regular,no attack,false positive
infrastructure,log,107,user107,regular,no attack,false positive
infrastructure,trace,107,user107,regular,no attack,false positive
business,metric,522,user522,regular,no attack,false positive
business,log,522,user522,regular,no attack,false positive
business,trace,522,user522,regular,no attack,false positive
business,metric,8158,user8158,malicious,attack 2,false positive
business,log,8158,user8158,malicious,attack 2,false positive
business,trace,8158,user8158,malicious,attack 2,true positive
business,metric,3778,user3778,malicious,attack 1,false positive
business,log,3778,user3778,malicious,attack 1,true positive
business,trace,3778,user3778,malicious,attack 1,false positive
business,metric,7143,user7143,malicious,attack 2,false positive
business,log,7143,user7143,malicious,attack 2,false positive
business,trace,7143,user7143,malicious,attack 2,true positive
business,metric,1490,user1490,regular,no attack,false positive
business,log,1490,user1490,regular,no attack,false positive
business,trace,1490,user1490,regular,no attack,false positive
business,metric,1394,user1394,malicious,attack 1,false positive
business,log,1394,user1394,malicious,attack 1,true positive
business,trace,1394,user1394,malicious,attack 1,false positive
infrastructure,metric,9956,user9956,malicious,attack 1,false positive
infrastructure,log,9956,user9956,malicious,attack 1,true positive
infrastructure,trace,9956,user9956,malicious,attack 1,false positive
infrastructure,metric,335,user335,malicious,attack 2,false positive
infrastructure,log,335,user335,malicious,attack 2,false positive
infrastructure,trace,335,user335,malicious,attack 2,true positive
infrastructure,metric,7669,user7669,regular,no attack,false positive
infrastructure,log,7669,user7669,regular,no attack,false positive
infrastructure,trace,7669,user7669,regular,no attack,false positive
infrastructure,metric,7926,user7926,regular,no attack,false positive
infrastructure,log,7926,user7926,regular,no attack,false positive
infrastructure,trace,7926,user7926,regular,no attack,false positive
infrastructure,metric,2188,user2188,malicious,attack 2,false positive
infrastructure,log,2188,user2188,malicious,attack 2,false positive
infrastructure,trace,2188,user2188,malicious,attack 2,true positive
business,metric,5585,user5585,regular,no attack,false positive
business,log,5585,user5585,regular,no attack,false positive
business,trace,5585,user5585,regular,no attack,false positive
business,metric,3768,user3768,malicious,attack 2,false positive
business,log,3768,user3768,malicious,attack 2,false positive
business,trace,3768,user3768,malicious,attack 2,true positive
infrastructure,metric,9359,user9359,malicious,attack 2,false positive
infrastructure,log,9359,user9359,malicious,attack 2,false positive
infrastructure,trace,9359,user9359,malicious,attack 2,true positive
business,metric,2527,user2527,malicious,attack 1,false positive
business,log,2527,user2527,malicious,attack 1,true positive
business,trace,2527,user2527,malicious,attack 1,false positive
business,metric,3282,user3282,regular,no attack,false positive
business,log,3282,user3282,regular,no attack,false positive
business,trace,3282,user3282,regular,no attack,false positive
infrastructure,metric,7806,user7806,regular,no attack,false positive
infrastructure,log,7806,user7806,regular,no attack,false positive
infrastructure,trace,7806,user7806,regular,no attack,false positive
business,metric,1740,user1740,regular,no attack,false positive
business,log,1740,user1740,regular,no attack,false positive
business,trace,1740,user1740,regular,no attack,false positive
business,metric,7175,user7175,malicious,attack 2,false positive
business,log,7175,user7175,malicious,attack 2,false positive
business,trace,7175,user7175,malicious,attack 2,true positive
business,metric,5212,user5212,malicious,attack 1,false positive
business,log,5212,user5212,malicious,attack 1,true positive
business,trace,5212,user5212,malicious,attack 1,false positive
infrastructure,metric,9614,user9614,regular,no attack,false positive
infrastructure,log,9614,user9614,regular,no attack,false positive
infrastructure,trace,9614,user9614,regular,no attack,false positive
infrastructure,metric,5349,user5349,malicious,attack 1,false positive
infrastructure,log,5349,user5349,malicious,attack 1,true positive
infrastructure,trace,5349,user5349,malicious,attack 1,false positive
business,metric,3475,user3475,malicious,attack 2,false positive
business,log,3475,user3475,malicious,attack 2,false positive
business,trace,3475,user3475,malicious,attack 2,true positive
infrastructure,metric,5448,user5448,regular,no attack,false positive
infrastructure,log,5448,user5448,regular,no attack,false positive
infrastructure,trace,5448,user5448,regular,no attack,false positive
business,metric,7982,user7982,malicious,attack 2,false positive
business,log,7982,user7982,malicious,attack 2,false positive
business,trace,7982,user7982,malicious,attack 2,true positive
infrastructure,metric,7951,user7951,malicious,attack 1,false positive
infrastructure,log,7951,user7951,malicious,attack 1,true positive
infrastructure,trace,7951,user7951,malicious,attack 1,false positive
business,metric,4640,user4640,regular,no attack,false positive
business,log,4640,user4640,regular,no attack,false positive
business,trace,4640,user4640,regular,no attack,false positive
business,metric,2332,user2332,malicious,attack 2,false positive
business,log,2332,user2332,malicious,attack 2,false positive
business,trace,2332,user2332,malicious,attack 2,true positive
business,metric,7134,user7134,regular,no attack,false positive
business,log,7134,user7134,regular,no attack,false positive
business,trace,7134,user7134,regular,no attack,false positive
business,metric,898,user898,malicious,attack 1,false positive
business,log,898,user898,malicious,attack 1,true positive
business,trace,898,user898,malicious,attack 1,false positive
infrastructure,metric,543,user543,malicious,attack 2,false positive
infrastructure,log,543,user543,malicious,attack 2,false positive
infrastructure,trace,543,user543,malicious,attack 2,true positive
infrastructure,metric,7034,user7034,malicious,attack 2,false positive
infrastructure,log,7034,user7034,malicious,attack 2,false positive
infrastructure,trace,7034,user7034,malicious,attack 2,true positive
infrastructure,metric,1396,user1396,malicious,attack 2,false positive
infrastructure,log,1396,user1396,malicious,attack 2,false positive
infrastructure,trace,1396,user1396,malicious,attack 2,true positive
business,metric,6206,user6206,malicious,attack 2,false positive
business,log,6206,user6206,malicious,attack 2,false positive
business,trace,6206,user6206,malicious,attack 2,true positive
business,metric,598,user598,malicious,attack 1,false positive
business,log,598,user598,malicious,attack 1,true positive
business,trace,598,user598,malicious,attack 1,false positive
infrastructure,metric,3875,user3875,malicious,attack 1,false positive
infrastructure,log,3875,user3875,malicious,attack 1,true positive
infrastructure,trace,3875,user3875,malicious,attack 1,false positive
business,metric,3356,user3356,malicious,attack 1,false positive
business,log,3356,user3356,malicious,attack 1,true positive
business,trace,3356,user3356,malicious,attack 1,false positive
infrastructure,metric,3072,user3072,malicious,attack 1,false positive
infrastructure,log,3072,user3072,malicious,attack 1,true positive
infrastructure,trace,3072,user3072,malicious,attack 1,false positive
business,metric,7263,user7263,regular,no attack,false positive
business,log,7263,user7263,regular,no attack,false positive
business,trace,7263,user7263,regular,no attack,false positive
business,metric,9677,user9677,regular,no attack,false positive
business,log,9677,user9677,regular,no attack,false positive
business,trace,9677,user9677,regular,no attack,false positive
infrastructure,metric,7553,user7553,regular,no attack,false positive
infrastructure,log,7553,user7553,regular,no attack,false positive
infrastructure,trace,7553,user7553,regular,no attack,false positive
business,metric,8004,user8004,regular,no attack,false positive
business,log,8004,user8004,regular,no attack,false positive
business,trace,8004,user8004,regular,no attack,false positive
infrastructure,metric,816,user816,malicious,attack 2,false positive
infrastructure,log,816,user816,malicious,attack 2,false positive
infrastructure,trace,816,user816,malicious,attack 2,true positive
infrastructure,metric,1201,user1201,malicious,attack 2,false positive
infrastructure,log,1201,user1201,malicious,attack 2,false positive
infrastructure,trace,1201,user1201,malicious,attack 2,true positive
business,metric,4209,user4209,malicious,attack 1,false positive
business,log,4209,user4209,malicious,attack 1,true positive
business,trace,4209,user4209,malicious,attack 1,false positive
business,metric,5023,user5023,regular,no attack,false positive
business,log,5023,user5023,regular,no attack,false positive
business,trace,5023,user5023,regular,no attack,false positive
infrastructure,metric,9818,user9818,regular,no attack,false positive
infrastructure,log,9818,user9818,regular,no attack,false positive
infrastructure,trace,9818,user9818,regular,no attack,false positive
business,metric,2624,user2624,malicious,attack 2,false positive
business,log,2624,user2624,malicious,attack 2,false positive
business,trace,2624,user2624,malicious,attack 2,true positive
infrastructure,metric,3199,user3199,malicious,attack 1,false positive
infrastructure,log,3199,user3199,malicious,attack 1,true positive
infrastructure,trace,3199,user3199,malicious,attack 1,false positive
infrastructure,metric,8178,user8178,malicious,attack 1,false positive
infrastructure,log,8178,user8178,malicious,attack 1,true positive
infrastructure,trace,8178,user8178,malicious,attack 1,false positive
business,metric,5665,user5665,regular,no attack,false positive
business,log,5665,user5665,regular,no attack,false positive
business,trace,5665,user5665,regular,no attack,false positive
infrastructure,metric,1582,user1582,regular,no attack,false positive
infrastructure,log,1582,user1582,regular,no attack,false positive
infrastructure,trace,1582,user1582,regular,no attack,false positive
infrastructure,metric,3928,user3928,malicious,attack 1,false positive
infrastructure,log,3928,user3928,malicious,attack 1,true positive
infrastructure,trace,3928,user3928,malicious,attack 1,false positive
business,metric,6010,user6010,malicious,attack 2,false positive
business,log,6010,user6010,malicious,attack 2,false positive
business,trace,6010,user6010,malicious,attack 2,true positive
infrastructure,metric,5607,user5607,regular,no attack,false positive
infrastructure,log,5607,user5607,regular,no attack,false positive
infrastructure,trace,5607,user5607,regular,no attack,false positive
business,metric,1585,user1585,malicious,attack 1,false positive
business,log,1585,user1585,malicious,attack 1,true positive
business,trace,1585,user1585,malicious,attack 1,false positive
infrastructure,metric,8598,user8598,malicious,attack 1,false positive
infrastructure,log,8598,user8598,malicious,attack 1,true positive
infrastructure,trace,8598,user8598,malicious,attack 1,false positive
business,metric,4864,user4864,malicious,attack 1,false positive
business,log,4864,user4864,malicious,attack 1,true positive
business,trace,4864,user4864,malicious,attack 1,false positive
business,metric,2191,user2191,malicious,attack 2,false positive
business,log,2191,user2191,malicious,attack 2,false positive
business,trace,2191,user2191,malicious,attack 2,true positive
business,metric,4787,user4787,malicious,attack 1,false positive
business,log,4787,user4787,malicious,attack 1,true positive
business,trace,4787,user4787,malicious,attack 1,false positive
infrastructure,metric,4535,user4535,regular,no attack,false positive
infrastructure,log,4535,user4535,regular,no attack,false positive
infrastructure,trace,4535,user4535,regular,no attack,false positive
business,metric,7324,user7324,malicious,attack 2,false positive
business,log,7324,user7324,malicious,attack 2,false positive
business,trace,7324,user7324,malicious,attack 2,true positive
business,metric,2093,user2093,malicious,attack 2,false positive
business,log,2093,user2093,malicious,attack 2,false positive
business,trace,2093,user2093,malicious,attack 2,true positive
infrastructure,metric,7172,user7172,regular,no attack,false positive
infrastructure,log,7172,user7172,regular,no attack,false positive
infrastructure,trace,7172,user7172,regular,no attack,false positive
infrastructure,metric,1499,user1499,malicious,attack 2,false positive
infrastructure,log,1499,user1499,malicious,attack 2,false positive
infrastructure,trace,1499,user1499,malicious,attack 2,true positive
infrastructure,metric,871,user871,regular,no attack,false positive
infrastructure,log,871,user871,regular,no attack,false positive
infrastructure,trace,871,user871,regular,no attack,false positive
business,metric,9905,user9905,malicious,attack 2,false positive
business,log,9905,user9905,malicious,attack 2,false positive
business,trace,9905,user9905,malicious,attack 2,true positive
business,metric,6565,user6565,regular,no attack,false positive
business,log,6565,user6565,regular,no attack,false positive
business,trace,6565,user6565,regular,no attack,false positive
infrastructure,metric,8118,user8118,malicious,attack 1,false positive
infrastructure,log,8118,user8118,malicious,attack 1,true positive
infrastructure,trace,8118,user8118,malicious,attack 1,false positive
infrastructure,metric,2403,user2403,malicious,attack 2,false positive
infrastructure,log,2403,user2403,malicious,attack 2,false positive
infrastructure,trace,2403,user2403,malicious,attack 2,true positive
business,metric,2052,user2052,malicious,attack 1,false positive
business,log,2052,user2052,malicious,attack 1,true positive
business,trace,2052,user2052,malicious,attack 1,false positive
infrastructure,metric,1816,user1816,malicious,attack 1,false positive
infrastructure,log,1816,user1816,malicious,attack 1,true positive
infrastructure,trace,1816,user1816,malicious,attack 1,false positive
infrastructure,metric,7931,user7931,malicious,attack 2,false positive
infrastructure,log,7931,user7931,malicious,attack 2,false positive
infrastructure,trace,7931,user7931,malicious,attack 2,true positive
infrastructure,metric,5120,user5120,malicious,attack 2,false positive
infrastructure,log,5120,user5120,malicious,attack 2,false positive
infrastructure,trace,5120,user5120,malicious,attack 2,true positive
business,metric,9544,user9544,regular,no attack,false positive
business,log,9544,user9544,regular,no attack,false positive
business,trace,9544,user9544,regular,no attack,false positive
infrastructure,metric,9712,user9712,malicious,attack 1,false positive
infrastructure,log,9712,user9712,malicious,attack 1,true positive
infrastructure,trace,9712,user9712,malicious,attack 1,false positive
infrastructure,metric,8977,user8977,regular,no attack,false positive
infrastructure,log,8977,user8977,regular,no attack,false positive
infrastructure,trace,8977,user8977,regular,no attack,false positive
infrastructure,metric,9071,user9071,malicious,attack 1,false positive
infrastructure,log,9071,user9071,malicious,attack 1,true positive
infrastructure,trace,9071,user9071,malicious,attack 1,false positive
business,metric,231,user231,malicious,attack 2,false positive
business,log,231,user231,malicious,attack 2,false positive
business,trace,231,user231,malicious,attack 2,true positive
infrastructure,metric,8120,user8120,malicious,attack 2,false positive
infrastructure,log,8120,user8120,malicious,attack 2,false positive
infrastructure,trace,8120,user8120,malicious,attack 2,true positive
business,metric,5092,user5092,malicious,attack 1,false positive
business,log,5092,user5092,malicious,attack 1,true positive
business,trace,5092,user5092,malicious,attack 1,false positive
business,metric,8939,user8939,regular,no attack,false positive
business,log,8939,user8939,regular,no attack,false positive
business,trace,8939,user8939,regular,no attack,false positive
business,metric,3492,user3492,malicious,attack 1,false positive
business,log,3492,user3492,malicious,attack 1,true positive
business,trace,3492,user3492,malicious,attack 1,false positive
business,metric,860,user860,regular,no attack,false positive
business,log,860,user860,regular,no attack,false positive
business,trace,860,user860,regular,no attack,false positive
infrastructure,metric,7527,user7527,malicious,attack 2,false positive
infrastructure,log,7527,user7527,malicious,attack 2,false positive
infrastructure,trace,7527,user7527,malicious,attack 2,true positive
infrastructure,metric,4304,user4304,malicious,attack 2,false positive
infrastructure,log,4304,user4304,malicious,attack 2,false positive
infrastructure,trace,4304,user4304,malicious,attack 2,true positive
business,metric,3622,user3622,malicious,attack 1,false positive
business,log,3622,user3622,malicious,attack 1,true positive
business,trace,3622,user3622,malicious,attack 1,false positive
business,metric,4691,user4691,malicious,attack 2,false positive
business,log,4691,user4691,malicious,attack 2,false positive
business,trace,4691,user4691,malicious,attack 2,true positive
business,metric,5914,user5914,regular,no attack,false positive
business,log,5914,user5914,regular,no attack,false positive
business,trace,5914,user5914,regular,no attack,false positive
business,metric,8109,user8109,regular,no attack,false positive
business,log,8109,user8109,regular,no attack,false positive
business,trace,8109,user8109,regular,no attack,false positive
infrastructure,metric,610,user610,regular,no attack,false positive
infrastructure,log,610,user610,regular,no attack,false positive
infrastructure,trace,610,user610,regular,no attack,false positive
business,metric,5283,user5283,malicious,attack 1,false positive
business,log,5283,user5283,malicious,attack 1,true positive
business,trace,5283,user5283,malicious,attack 1,false positive
business,metric,7656,user7656,regular,no attack,false positive
business,log,7656,user7656,regular,no attack,false positive
business,trace,7656,user7656,regular,no attack,false positive
business,metric,552,user552,malicious,attack 1,false positive
business,log,552,user552,malicious,attack 1,true positive
business,trace,552,user552,malicious,attack 1,false positive
business,metric,7694,user7694,malicious,attack 1,false positive
business,log,7694,user7694,malicious,attack 1,true positive
business,trace,7694,user7694,malicious,attack 1,false positive
infrastructure,metric,482,user482,regular,no attack,false positive
infrastructure,log,482,user482,regular,no attack,false positive
infrastructure,trace,482,user482,regular,no attack,false positive
business,metric,5969,user5969,malicious,attack 2,false positive
business,log,5969,user5969,malicious,attack 2,false positive
business,trace,5969,user5969,malicious,attack 2,true positive
infrastructure,metric,7116,user7116,malicious,attack 2,false positive
infrastructure,log,7116,user7116,malicious,attack 2,false positive
infrastructure,trace,7116,user7116,malicious,attack 2,true positive
infrastructure,metric,5172,user5172,regular,no attack,false positive
infrastructure,log,5172,user5172,regular,no attack,false positive
infrastructure,trace,5172,user5172,regular,no attack,false positive
business,metric,3409,user3409,regular,no attack,false positive
business,log,3409,user3409,regular,no attack,false positive
business,trace,3409,user3409,regular,no attack,false positive
business,metric,4025,user4025,malicious,attack 2,false positive
business,log,4025,user4025,malicious,attack 2,false positive
business,trace,4025,user4025,malicious,attack 2,true positive
business,metric,6337,user6337,malicious,attack 1,false positive
business,log,6337,user6337,malicious,attack 1,true positive
business,trace,6337,user6337,malicious,attack 1,false positive
business,metric,7438,user7438,regular,no attack,false positive
business,log,7438,user7438,regular,no attack,false positive
business,trace,7438,user7438,regular,no attack,false positive
infrastructure,metric,6142,user6142,malicious,attack 1,false positive
infrastructure,log,6142,user6142,malicious,attack 1,true positive
infrastructure,trace,6142,user6142,malicious,attack 1,false positive
business,metric,7443,user7443,malicious,attack 2,false positive
business,log,7443,user7443,malicious,attack 2,false positive
business,trace,7443,user7443,malicious,attack 2,true positive
business,metric,8525,user8525,regular,no attack,false positive
business,log,8525,user8525,regular,no attack,false positive
business,trace,8525,user8525,regular,no attack,false positive
infrastructure,metric,9105,user9105,regular,no attack,false positive
infrastructure,log,9105,user9105,regular,no attack,false positive
infrastructure,trace,9105,user9105,regular,no attack,false positive
infrastructure,metric,1228,user1228,malicious,attack 2,false positive
infrastructure,log,1228,user1228,malicious,attack 2,false positive
infrastructure,trace,1228,user1228,malicious,attack 2,true positive
business,metric,2239,user2239,malicious,attack 2,false positive
business,log,2239,user2239,malicious,attack 2,false positive
business,trace,2239,user2239,malicious,attack 2,true positive
business,metric,8637,user8637,malicious,attack 2,false positive
business,log,8637,user8637,malicious,attack 2,false positive
business,trace,8637,user8637,malicious,attack 2,true positive
business,metric,1227,user1227,malicious,attack 2,false positive
business,log,1227,user1227,malicious,attack 2,false positive
business,trace,1227,user1227,malicious,attack 2,true positive
business,metric,3576,user3576,malicious,attack 1,false positive
business,log,3576,user3576,malicious,attack 1,true positive
business,trace,3576,user3576,malicious,attack 1,false positive
business,metric,1661,user1661,regular,no attack,false positive
business,log,1661,user1661,regular,no attack,false positive
business,trace,1661,user1661,regular,no attack,false positive
business,metric,6861,user6861,regular,no attack,false positive
business,log,6861,user6861,regular,no attack,false positive
business,trace,6861,user6861,regular,no attack,false positive
infrastructure,metric,1634,user1634,malicious,attack 2,false positive
infrastructure,log,1634,user1634,malicious,attack 2,false positive
infrastructure,trace,1634,user1634,malicious,attack 2,true positive
infrastructure,metric,1383,user1383,regular,no attack,false positive
infrastructure,log,1383,user1383,regular,no attack,false positive
infrastructure,trace,1383,user1383,regular,no attack,false positive
infrastructure,metric,4202,user4202,regular,no attack,false positive
infrastructure,log,4202,user4202,regular,no attack,false positive
infrastructure,trace,4202,user4202,regular,no attack,false positive
business,metric,4644,user4644,regular,no attack,false positive
business,log,4644,user4644,regular,no attack,false positive
business,trace,4644,user4644,regular,no attack,false positive
infrastructure,metric,4362,user4362,malicious,attack 1,false positive
infrastructure,log,4362,user4362,malicious,attack 1,true positive
infrastructure,trace,4362,user4362,malicious,attack 1,false positive
infrastructure,metric,2027,user2027,malicious,attack 2,false positive
infrastructure,log,2027,user2027,malicious,attack 2,false positive
infrastructure,trace,2027,user2027,malicious,attack 2,true positive
infrastructure,metric,5491,user5491,malicious,attack 2,false positive
infrastructure,log,5491,user5491,malicious,attack 2,false positive
infrastructure,trace,5491,user5491,malicious,attack 2,true positive
business,metric,7227,user7227,regular,no attack,false positive
business,log,7227,user7227,regular,no attack,false positive
business,trace,7227,user7227,regular,no attack,false positive
business,metric,8653,user8653,malicious,attack 1,false positive
business,log,8653,user8653,malicious,attack 1,true positive
business,trace,8653,user8653,malicious,attack 1,false positive
infrastructure,metric,2508,user2508,malicious,attack 1,false positive
infrastructure,log,2508,user2508,malicious,attack 1,true positive
infrastructure,trace,2508,user2508,malicious,attack 1,false positive
infrastructure,metric,6062,user6062,malicious,attack 2,false positive
infrastructure,log,6062,user6062,malicious,attack 2,false positive
infrastructure,trace,6062,user6062,malicious,attack 2,true positive
business,metric,6634,user6634,malicious,attack 2,false positive
business,log,6634,user6634,malicious,attack 2,false positive
business,trace,6634,user6634,malicious,attack 2,true positive
infrastructure,metric,1141,user1141,regular,no attack,false positive
infrastructure,log,1141,user1141,regular,no attack,false positive
infrastructure,trace,1141,user1141,regular,no attack,false positive
business,metric,8483,user8483,malicious,attack 1,false positive
business,log,8483,user8483,malicious,attack 1,true positive
business,trace,8483,user8483,malicious,attack 1,false positive
business,metric,3094,user3094,malicious,attack 2,false positive
business,log,3094,user3094,malicious,attack 2,false positive
business,trace,3094,user3094,malicious,attack 2,true positive
infrastructure,metric,5378,user5378,malicious,attack 1,false positive
infrastructure,log,5378,user5378,malicious,attack 1,true positive
infrastructure,trace,5378,user5378,malicious,attack 1,false positive
business,metric,8884,user8884,regular,no attack,false positive
business,log,8884,user8884,regular,no attack,false positive
business,trace,8884,user8884,regular,no attack,false positive
business,metric,9431,user9431,malicious,attack 1,false positive
business,log,9431,user9431,malicious,attack 1,true positive
business,trace,9431,user9431,malicious,attack 1,false positive
infrastructure,metric,2223,user2223,malicious,attack 1,false positive
infrastructure,log,2223,user2223,malicious,attack 1,true positive
infrastructure,trace,2223,user2223,malicious,attack 1,false positive
business,metric,2993,user2993,malicious,attack 2,false positive
business,log,2993,user2993,malicious,attack 2,false positive
business,trace,2993,user2993,malicious,attack 2,true positive
infrastructure,metric,8102,user8102,malicious,attack 1,false positive
infrastructure,log,8102,user8102,malicious,attack 1,true positive
infrastructure,trace,8102,user8102,malicious,attack 1,false positive
business,metric,1371,user1371,malicious,attack 2,false positive
business,log,1371,user1371,malicious,attack 2,false positive
business,trace,1371,user1371,malicious,attack 2,true positive
business,metric,6153,user6153,malicious,attack 1,false positive
business,log,6153,user6153,malicious,attack 1,true positive
business,trace,6153,user6153,malicious,attack 1,false positive
business,metric,2428,user2428,malicious,attack 1,false positive
business,log,2428,user2428,malicious,attack 1,true positive
business,trace,2428,user2428,malicious,attack 1,false positive
infrastructure,metric,1601,user1601,malicious,attack 1,false positive
infrastructure,log,1601,user1601,malicious,attack 1,true positive
infrastructure,trace,1601,user1601,malicious,attack 1,false positive
infrastructure,metric,1051,user1051,regular,no attack,false positive
infrastructure,log,1051,user1051,regular,no attack,false positive
infrastructure,trace,1051,user1051,regular,no attack,false positive
business,metric,9395,user9395,malicious,attack 1,false positive
business,log,9395,user9395,malicious,attack 1,true positive
business,trace,9395,user9395,malicious,attack 1,false positive
infrastructure,metric,5531,user5531,malicious,attack 1,false positive
infrastructure,log,5531,user5531,malicious,attack 1,true positive
infrastructure,trace,5531,user5531,malicious,attack 1,false positive
infrastructure,metric,3139,user3139,regular,no attack,false positive
infrastructure,log,3139,user3139,regular,no attack,false positive
infrastructure,trace,3139,user3139,regular,no attack,false positive
infrastructure,metric,7617,user7617,malicious,attack 1,false positive
infrastructure,log,7617,user7617,malicious,attack 1,true positive
infrastructure,trace,7617,user7617,malicious,attack 1,false positive
business,metric,6106,user6106,malicious,attack 2,false positive
business,log,6106,user6106,malicious,attack 2,false positive
business,trace,6106,user6106,malicious,attack 2,true positive
infrastructure,metric,9074,user9074,regular,no attack,false positive
infrastructure,log,9074,user9074,regular,no attack,false positive
infrastructure,trace,9074,user9074,regular,no attack,false positive
business,metric,1423,user1423,malicious,attack 2,false positive
business,log,1423,user1423,malicious,attack 2,false positive
business,trace,1423,user1423,malicious,attack 2,true positive
infrastructure,metric,7181,user7181,malicious,attack 1,false positive
infrastructure,log,7181,user7181,malicious,attack 1,true positive
infrastructure,trace,7181,user7181,malicious,attack 1,false positive
business,metric,1017,user1017,malicious,attack 2,false positive
business,log,1017,user1017,malicious,attack 2,false positive
business,trace,1017,user1017,malicious,attack 2,true positive
infrastructure,metric,3391,user3391,malicious,attack 1,false positive
infrastructure,log,3391,user3391,malicious,attack 1,true positive
infrastructure,trace,3391,user3391,malicious,attack 1,false positive
business,metric,2517,user2517,regular,no attack,false positive
business,log,2517,user2517,regular,no attack,false positive
business,trace,2517,user2517,regular,no attack,false positive
infrastructure,metric,4925,user4925,malicious,attack 2,false positive
infrastructure,log,4925,user4925,malicious,attack 2,false positive
infrastructure,trace,4925,user4925,malicious,attack 2,true positive
business,metric,4480,user4480,regular,no attack,false positive
business,log,4480,user4480,regular,no attack,false positive
business,trace,4480,user4480,regular,no attack,false positive
infrastructure,metric,8328,user8328,regular,no attack,false positive
infrastructure,log,8328,user8328,regular,no attack,false positive
infrastructure,trace,8328,user8328,regular,no attack,false positive
infrastructure,metric,2077,user2077,malicious,attack 1,false positive
infrastructure,log,2077,user2077,malicious,attack 1,true positive
infrastructure,trace,2077,user2077,malicious,attack 1,false positive
infrastructure,metric,2288,user2288,malicious,attack 1,false positive
infrastructure,log,2288,user2288,malicious,attack 1,true positive
infrastructure,trace,2288,user2288,malicious,attack 1,false positive
infrastructure,metric,1005,user1005,malicious,attack 2,false positive
infrastructure,log,1005,user1005,malicious,attack 2,false positive
infrastructure,trace,1005,user1005,malicious,attack 2,true positive
infrastructure,metric,4769,user4769,regular,no attack,false positive
infrastructure,log,4769,user4769,regular,no attack,false positive
infrastructure,trace,4769,user4769,regular,no attack,false positive
infrastructure,metric,6497,user6497,malicious,attack 1,false positive
infrastructure,log,6497,user6497,malicious,attack 1,true positive
infrastructure,trace,6497,user6497,malicious,attack 1,false positive
infrastructure,metric,3134,user3134,malicious,attack 1,false positive
infrastructure,log,3134,user3134,malicious,attack 1,true positive
infrastructure,trace,3134,user3134,malicious,attack 1,false positive
infrastructure,metric,1785,user1785,malicious,attack 2,false positive
infrastructure,log,1785,user1785,malicious,attack 2,false positive
infrastructure,trace,1785,user1785,malicious,attack 2,true positive
business,metric,6479,user6479,malicious,attack 2,false positive
business,log,6479,user6479,malicious,attack 2,false positive
business,trace,6479,user6479,malicious,attack 2,true positive
infrastructure,metric,554,user554,malicious,attack 2,false positive
infrastructure,log,554,user554,malicious,attack 2,false positive
infrastructure,trace,554,user554,malicious,attack 2,true positive
business,metric,5521,user5521,regular,no attack,false positive
business,log,5521,user5521,regular,no attack,false positive
business,trace,5521,user5521,regular,no attack,false positive
business,metric,1252,user1252,malicious,attack 2,false positive
business,log,1252,user1252,malicious,attack 2,false positive
business,trace,1252,user1252,malicious,attack 2,true positive
infrastructure,metric,5130,user5130,malicious,attack 2,false positive
infrastructure,log,5130,user5130,malicious,attack 2,false positive
infrastructure,trace,5130,user5130,malicious,attack 2,true positive
infrastructure,metric,8348,user8348,regular,no attack,false positive
infrastructure,log,8348,user8348,regular,no attack,false positive
infrastructure,trace,8348,user8348,regular,no attack,false positive
business,metric,2119,user2119,malicious,attack 1,false positive
business,log,2119,user2119,malicious,attack 1,true positive
business,trace,2119,user2119,malicious,attack 1,false positive
infrastructure,metric,4043,user4043,malicious,attack 2,false positive
infrastructure,log,4043,user4043,malicious,attack 2,false positive
infrastructure,trace,4043,user4043,malicious,attack 2,true positive
infrastructure,metric,6829,user6829,malicious,attack 2,false positive
infrastructure,log,6829,user6829,malicious,attack 2,false positive
infrastructure,trace,6829,user6829,malicious,attack 2,true positive
business,metric,7927,user7927,malicious,attack 1,false positive
business,log,7927,user7927,malicious,attack 1,true positive
business,trace,7927,user7927,malicious,attack 1,false positive
business,metric,3311,user3311,malicious,attack 2,false positive
business,log,3311,user3311,malicious,attack 2,false positive
business,trace,3311,user3311,malicious,attack 2,true positive
business,metric,2264,user2264,malicious,attack 1,false positive
business,log,2264,user2264,malicious,attack 1,true positive
business,trace,2264,user2264,malicious,attack 1,false positive
infrastructure,metric,2700,user2700,malicious,attack 2,false positive
infrastructure,log,2700,user2700,malicious,attack 2,false positive
infrastructure,trace,2700,user2700,malicious,attack 2,true positive
business,metric,7001,user7001,malicious,attack 1,false positive
business,log,7001,user7001,malicious,attack 1,true positive
business,trace,7001,user7001,malicious,attack 1,false positive
infrastructure,metric,646,user646,malicious,attack 1,false positive
infrastructure,log,646,user646,malicious,attack 1,true positive
infrastructure,trace,646,user646,malicious,attack 1,false positive
business,metric,1623,user1623,regular,no attack,false positive
business,log,1623,user1623,regular,no attack,false positive
business,trace,1623,user1623,regular,no attack,false positive
infrastructure,metric,3609,user3609,regular,no attack,false positive
infrastructure,log,3609,user3609,regular,no attack,false positive
infrastructure,trace,3609,user3609,regular,no attack,false positive
infrastructure,metric,4417,user4417,malicious,attack 2,false positive
infrastructure,log,4417,user4417,malicious,attack 2,false positive
infrastructure,trace,4417,user4417,malicious,attack 2,true positive
business,metric,8649,user8649,malicious,attack 1,false positive
business,log,8649,user8649,malicious,attack 1,true positive
business,trace,8649,user8649,malicious,attack 1,false positive
business,metric,8261,user8261,malicious,attack 2,false positive
business,log,8261,user8261,malicious,attack 2,false positive
business,trace,8261,user8261,malicious,attack 2,true positive
infrastructure,metric,738,user738,malicious,attack 2,false positive
infrastructure,log,738,user738,malicious,attack 2,false positive
infrastructure,trace,738,user738,malicious,attack 2,true positive
business,metric,4079,user4079,malicious,attack 2,false positive
business,log,4079,user4079,malicious,attack 2,false positive
business,trace,4079,user4079,malicious,attack 2,true positive
infrastructure,metric,1260,user1260,regular,no attack,false positive
infrastructure,log,1260,user1260,regular,no attack,false positive
infrastructure,trace,1260,user1260,regular,no attack,false positive
business,metric,6519,user6519,malicious,attack 2,false positive
business,log,6519,user6519,malicious,attack 2,false positive
business,trace,6519,user6519,malicious,attack 2,true positive
business,metric,4952,user4952,regular,no attack,false positive
business,log,4952,user4952,regular,no attack,false positive
business,trace,4952,user4952,regular,no attack,false positive
business,metric,443,user443,malicious,attack 2,false positive
business,log,443,user443,malicious,attack 2,false positive
business,trace,443,user443,malicious,attack 2,true positive
infrastructure,metric,5793,user5793,malicious,attack 1,false positive
infrastructure,log,5793,user5793,malicious,attack 1,true positive
infrastructure,trace,5793,user5793,malicious,attack 1,false positive
infrastructure,metric,7869,user7869,regular,no attack,false positive
infrastructure,log,7869,user7869,regular,no attack,false positive
infrastructure,trace,7869,user7869,regular,no attack,false positive
infrastructure,metric,3290,user3290,malicious,attack 2,false positive
infrastructure,log,3290,user3290,malicious,attack 2,false positive
infrastructure,trace,3290,user3290,malicious,attack 2,true positive
business,metric,1360,user1360,malicious,attack 2,false positive
business,log,1360,user1360,malicious,attack 2,false positive
business,trace,1360,user1360,malicious,attack 2,true positive
business,metric,1392,user1392,malicious,attack 2,false positive
business,log,1392,user1392,malicious,attack 2,false positive
business,trace,1392,user1392,malicious,attack 2,true positive
business,metric,977,user977,malicious,attack 1,false positive
business,log,977,user977,malicious,attack 1,true positive
business,trace,977,user977,malicious,attack 1,false positive
business,metric,1167,user1167,regular,no attack,false positive
business,log,1167,user1167,regular,no attack,false positive
business,trace,1167,user1167,regular,no attack,false positive
business,metric,8209,user8209,malicious,attack 2,false positive
business,log,8209,user8209,malicious,attack 2,false positive
business,trace,8209,user8209,malicious,attack 2,true positive
infrastructure,metric,921,user921,malicious,attack 1,false positive
infrastructure,log,921,user921,malicious,attack 1,true positive
infrastructure,trace,921,user921,malicious,attack 1,false positive
business,metric,652,user652,malicious,attack 1,false positive
business,log,652,user652,malicious,attack 1,true positive
business,trace,652,user652,malicious,attack 1,false positive
business,metric,5579,user5579,malicious,attack 1,false positive
business,log,5579,user5579,malicious,attack 1,true positive
business,trace,5579,user5579,malicious,attack 1,false positive
business,metric,3856,user3856,regular,no attack,false positive
business,log,3856,user3856,regular,no attack,false positive
business,trace,3856,user3856,regular,no attack,false positive
business,metric,5573,user5573,malicious,attack 2,false positive
business,log,5573,user5573,malicious,attack 2,false positive
business,trace,5573,user5573,malicious,attack 2,true positive
infrastructure,metric,4663,user4663,regular,no attack,false positive
infrastructure,log,4663,user4663,regular,no attack,false positive
infrastructure,trace,4663,user4663,regular,no attack,false positive
business,metric,6684,user6684,malicious,attack 1,false positive
business,log,6684,user6684,malicious,attack 1,true positive
business,trace,6684,user6684,malicious,attack 1,false positive
business,metric,8399,user8399,regular,no attack,false positive
business,log,8399,user8399,regular,no attack,false positive
business,trace,8399,user8399,regular,no attack,false positive
business,metric,7768,user7768,regular,no attack,false positive
business,log,7768,user7768,regular,no attack,false positive
business,trace,7768,user7768,regular,no attack,false positive
infrastructure,metric,508,user508,malicious,attack 2,false positive
infrastructure,log,508,user508,malicious,attack 2,false positive
infrastructure,trace,508,user508,malicious,attack 2,true positive
business,metric,181,user181,malicious,attack 1,false positive
business,log,181,user181,malicious,attack 1,true positive
business,trace,181,user181,malicious,attack 1,false positive
infrastructure,metric,8334,user8334,malicious,attack 2,false positive
infrastructure,log,8334,user8334,malicious,attack 2,false positive
infrastructure,trace,8334,user8334,malicious,attack 2,true positive
business,metric,8151,user8151,malicious,attack 2,false positive
business,log,8151,user8151,malicious,attack 2,false positive
business,trace,8151,user8151,malicious,attack 2,true positive
infrastructure,metric,8314,user8314,malicious,attack 2,false positive
infrastructure,log,8314,user8314,malicious,attack 2,false positive
infrastructure,trace,8314,user8314,malicious,attack 2,true positive
business,metric,543,user543,malicious,attack 2,false positive
business,log,543,user543,malicious,attack 2,false positive
business,trace,543,user543,malicious,attack 2,true positive
business,metric,8004,user8004,regular,no attack,false positive
business,log,8004,user8004,regular,no attack,false positive
business,trace,8004,user8004,regular,no attack,false positive
infrastructure,metric,8013,user8013,malicious,attack 2,false positive
infrastructure,log,8013,user8013,malicious,attack 2,false positive
infrastructure,trace,8013,user8013,malicious,attack 2,true positive
infrastructure,metric,9897,user9897,malicious,attack 1,false positive
infrastructure,log,9897,user9897,malicious,attack 1,true positive
infrastructure,trace,9897,user9897,malicious,attack 1,false positive
business,metric,8345,user8345,malicious,attack 1,false positive
business,log,8345,user8345,malicious,attack 1,true positive
business,trace,8345,user8345,malicious,attack 1,false positive
infrastructure,metric,5276,user5276,regular,no attack,false positive
infrastructure,log,5276,user5276,regular,no attack,false positive
infrastructure,trace,5276,user5276,regular,no attack,false positive
business,metric,8202,user8202,malicious,attack 1,false positive
business,log,8202,user8202,malicious,attack 1,true positive
business,trace,8202,user8202,malicious,attack 1,false positive
business,metric,4075,user4075,malicious,attack 2,false positive
business,log,4075,user4075,malicious,attack 2,false positive
business,trace,4075,user4075,malicious,attack 2,true positive
business,metric,7924,user7924,malicious,attack 1,false positive
business,log,7924,user7924,malicious,attack 1,true positive
business,trace,7924,user7924,malicious,attack 1,false positive
business,metric,5119,user5119,malicious,attack 1,false positive
business,log,5119,user5119,malicious,attack 1,true positive
business,trace,5119,user5119,malicious,attack 1,false positive
infrastructure,metric,6690,user6690,malicious,attack 2,false positive
infrastructure,log,6690,user6690,malicious,attack 2,false positive
infrastructure,trace,6690,user6690,malicious,attack 2,true positive
infrastructure,metric,6563,user6563,malicious,attack 1,false positive
infrastructure,log,6563,user6563,malicious,attack 1,true positive
infrastructure,trace,6563,user6563,malicious,attack 1,false positive
infrastructure,metric,2918,user2918,regular,no attack,false positive
infrastructure,log,2918,user2918,regular,no attack,false positive
infrastructure,trace,2918,user2918,regular,no attack,false positive
business,metric,5503,user5503,malicious,attack 2,false positive
business,log,5503,user5503,malicious,attack 2,false positive
business,trace,5503,user5503,malicious,attack 2,true positive
business,metric,8129,user8129,malicious,attack 2,false positive
business,log,8129,user8129,malicious,attack 2,false positive
business,trace,8129,user8129,malicious,attack 2,true positive
business,metric,9292,user9292,malicious,attack 1,false positive
business,log,9292,user9292,malicious,attack 1,true positive
business,trace,9292,user9292,malicious,attack 1,false positive
business,metric,3544,user3544,regular,no attack,false positive
business,log,3544,user3544,regular,no attack,false positive
business,trace,3544,user3544,regular,no attack,false positive
infrastructure,metric,9619,user9619,malicious,attack 2,false positive
infrastructure,log,9619,user9619,malicious,attack 2,false positive
infrastructure,trace,9619,user9619,malicious,attack 2,true positive
infrastructure,metric,7627,user7627,regular,no attack,false positive
infrastructure,log,7627,user7627,regular,no attack,false positive
infrastructure,trace,7627,user7627,regular,no attack,false positive
infrastructure,metric,6046,user6046,malicious,attack 1,false positive
infrastructure,log,6046,user6046,malicious,attack 1,true positive
infrastructure,trace,6046,user6046,malicious,attack 1,false positive
infrastructure,metric,9933,user9933,malicious,attack 1,false positive
infrastructure,log,9933,user9933,malicious,attack 1,true positive
infrastructure,trace,9933,user9933,malicious,attack 1,false positive
infrastructure,metric,4116,user4116,regular,no attack,false positive
infrastructure,log,4116,user4116,regular,no attack,false positive
infrastructure,trace,4116,user4116,regular,no attack,false positive
infrastructure,metric,5757,user5757,regular,no attack,false positive
infrastructure,log,5757,user5757,regular,no attack,false positive
infrastructure,trace,5757,user5757,regular,no attack,false positive
business,metric,7573,user7573,regular,no attack,false positive
business,log,7573,user7573,regular,no attack,false positive
business,trace,7573,user7573,regular,no attack,false positive
business,metric,1390,user1390,malicious,attack 2,false positive
business,log,1390,user1390,malicious,attack 2,false positive
business,trace,1390,user1390,malicious,attack 2,true positive
infrastructure,metric,8322,user8322,malicious,attack 1,false positive
infrastructure,log,8322,user8322,malicious,attack 1,true positive
infrastructure,trace,8322,user8322,malicious,attack 1,false positive
infrastructure,metric,8711,user8711,malicious,attack 2,false positive
infrastructure,log,8711,user8711,malicious,attack 2,false positive
infrastructure,trace,8711,user8711,malicious,attack 2,true positive
infrastructure,metric,5332,user5332,regular,no attack,false positive
infrastructure,log,5332,user5332,regular,no attack,false positive
infrastructure,trace,5332,user5332,regular,no attack,false positive
infrastructure,metric,2934,user2934,malicious,attack 1,false positive
infrastructure,log,2934,user2934,malicious,attack 1,true positive
infrastructure,trace,2934,user2934,malicious,attack 1,false positive
business,metric,7265,user7265,malicious,attack 2,false positive
business,log,7265,user7265,malicious,attack 2,false positive
business,trace,7265,user7265,malicious,attack 2,true positive
business,metric,612,user612,malicious,attack 1,false positive
business,log,612,user612,malicious,attack 1,true positive
business,trace,612,user612,malicious,attack 1,false positive
infrastructure,metric,3604,user3604,regular,no attack,false positive
infrastructure,log,3604,user3604,regular,no attack,false positive
infrastructure,trace,3604,user3604,regular,no attack,false positive
business,metric,3218,user3218,malicious,attack 1,false positive
business,log,3218,user3218,malicious,attack 1,true positive
business,trace,3218,user3218,malicious,attack 1,false positive
business,metric,2269,user2269,regular,no attack,false positive
business,log,2269,user2269,regular,no attack,false positive
business,trace,2269,user2269,regular,no attack,false positive
business,metric,904,user904,regular,no attack,false positive
business,log,904,user904,regular,no attack,false positive
business,trace,904,user904,regular,no attack,false positive
business,metric,441,user441,regular,no attack,false positive
business,log,441,user441,regular,no attack,false positive
business,trace,441,user441,regular,no attack,false positive
infrastructure,metric,2222,user2222,malicious,attack 2,false positive
infrastructure,log,2222,user2222,malicious,attack 2,false positive
infrastructure,trace,2222,user2222,malicious,attack 2,true positive
infrastructure,metric,8358,user8358,malicious,attack 1,false positive
infrastructure,log,8358,user8358,malicious,attack 1,true positive
infrastructure,trace,8358,user8358,malicious,attack 1,false positive
infrastructure,metric,6518,user6518,regular,no attack,false positive
infrastructure,log,6518,user6518,regular,no attack,false positive
infrastructure,trace,6518,user6518,regular,no attack,false positive
infrastructure,metric,7124,user7124,malicious,attack 2,false positive
infrastructure,log,7124,user7124,malicious,attack 2,false positive
infrastructure,trace,7124,user7124,malicious,attack 2,true positive
business,metric,2059,user2059,malicious,attack 1,false positive
business,log,2059,user2059,malicious,attack 1,true positive
business,trace,2059,user2059,malicious,attack 1,false positive
business,metric,2029,user2029,malicious,attack 2,false positive
business,log,2029,user2029,malicious,attack 2,false positive
business,trace,2029,user2029,malicious,attack 2,true positive
business,metric,8940,user8940,malicious,attack 1,false positive
business,log,8940,user8940,malicious,attack 1,true positive
business,trace,8940,user8940,malicious,attack 1,false positive
infrastructure,metric,8763,user8763,regular,no attack,false positive
infrastructure,log,8763,user8763,regular,no attack,false positive
infrastructure,trace,8763,user8763,regular,no attack,false positive
infrastructure,metric,5423,user5423,malicious,attack 1,false positive
infrastructure,log,5423,user5423,malicious,attack 1,true positive
infrastructure,trace,5423,user5423,malicious,attack 1,false positive
business,metric,6989,user6989,malicious,attack 1,false positive
business,log,6989,user6989,malicious,attack 1,true positive
business,trace,6989,user6989,malicious,attack 1,false positive
business,metric,5637,user5637,malicious,attack 1,false positive
business,log,5637,user5637,malicious,attack 1,true positive
business,trace,5637,user5637,malicious,attack 1,false positive
infrastructure,metric,506,user506,malicious,attack 1,false positive
infrastructure,log,506,user506,malicious,attack 1,true positive
infrastructure,trace,506,user506,malicious,attack 1,false positive
infrastructure,metric,6134,user6134,regular,no attack,false positive
infrastructure,log,6134,user6134,regular,no attack,false positive
infrastructure,trace,6134,user6134,regular,no attack,false positive
business,metric,8336,user8336,regular,no attack,false positive
business,log,8336,user8336,regular,no attack,false positive
business,trace,8336,user8336,regular,no attack,false positive
infrastructure,metric,2186,user2186,malicious,attack 2,false positive
infrastructure,log,2186,user2186,malicious,attack 2,false positive
infrastructure,trace,2186,user2186,malicious,attack 2,true positive
infrastructure,metric,9532,user9532,malicious,attack 2,false positive
infrastructure,log,9532,user9532,malicious,attack 2,false positive
infrastructure,trace,9532,user9532,malicious,attack 2,true positive
business,metric,9430,user9430,malicious,attack 2,false positive
business,log,9430,user9430,malicious,attack 2,false positive
business,trace,9430,user9430,malicious,attack 2,true positive
infrastructure,metric,6983,user6983,malicious,attack 1,false positive
infrastructure,log,6983,user6983,malicious,attack 1,true positive
infrastructure,trace,6983,user6983,malicious,attack 1,false positive
infrastructure,metric,388,user388,malicious,attack 1,false positive
infrastructure,log,388,user388,malicious,attack 1,true positive
infrastructure,trace,388,user388,malicious,attack 1,false positive
infrastructure,metric,8798,user8798,malicious,attack 2,false positive
infrastructure,log,8798,user8798,malicious,attack 2,false positive
infrastructure,trace,8798,user8798,malicious,attack 2,true positive
business,metric,2577,user2577,malicious,attack 1,false positive
business,log,2577,user2577,malicious,attack 1,true positive
business,trace,2577,user2577,malicious,attack 1,false positive
infrastructure,metric,4691,user4691,malicious,attack 1,false positive
infrastructure,log,4691,user4691,malicious,attack 1,true positive
infrastructure,trace,4691,user4691,malicious,attack 1,false positive
business,metric,9306,user9306,malicious,attack 1,false positive
business,log,9306,user9306,malicious,attack 1,true positive
business,trace,9306,user9306,malicious,attack 1,false positive
business,metric,3852,user3852,malicious,attack 1,false positive
business,log,3852,user3852,malicious,attack 1,true positive
business,trace,3852,user3852,malicious,attack 1,false positive
business,metric,6018,user6018,malicious,attack 2,false positive
business,log,6018,user6018,malicious,attack 2,false positive
business,trace,6018,user6018,malicious,attack 2,true positive
business,metric,3192,user3192,malicious,attack 2,false positive
business,log,3192,user3192,malicious,attack 2,false positive
business,trace,3192,user3192,malicious,attack 2,true positive
business,metric,7847,user7847,malicious,attack 2,false positive
business,log,7847,user7847,malicious,attack 2,false positive
business,trace,7847,user7847,malicious,attack 2,true positive
infrastructure,metric,5115,user5115,malicious,attack 1,false positive
infrastructure,log,5115,user5115,malicious,attack 1,true positive
infrastructure,trace,5115,user5115,malicious,attack 1,false positive
infrastructure,metric,7873,user7873,regular,no attack,false positive
infrastructure,log,7873,user7873,regular,no attack,false positive
infrastructure,trace,7873,user7873,regular,no attack,false positive
infrastructure,metric,5155,user5155,malicious,attack 1,false positive
infrastructure,log,5155,user5155,malicious,attack 1,true positive
infrastructure,trace,5155,user5155,malicious,attack 1,false positive
infrastructure,metric,2392,user2392,malicious,attack 1,false positive
infrastructure,log,2392,user2392,malicious,attack 1,true positive
infrastructure,trace,2392,user2392,malicious,attack 1,false positive
infrastructure,metric,9208,user9208,malicious,attack 1,false positive
infrastructure,log,9208,user9208,malicious,attack 1,true positive
infrastructure,trace,9208,user9208,malicious,attack 1,false positive
business,metric,9288,user9288,malicious,attack 1,false positive
business,log,9288,user9288,malicious,attack 1,true positive
business,trace,9288,user9288,malicious,attack 1,false positive
business,metric,96,user96,malicious,attack 2,false positive
business,log,96,user96,malicious,attack 2,false positive
business,trace,96,user96,malicious,attack 2,true positive
business,metric,7179,user7179,regular,no attack,false positive
business,log,7179,user7179,regular,no attack,false positive
business,trace,7179,user7179,regular,no attack,false positive
business,metric,9024,user9024,regular,no attack,false positive
business,log,9024,user9024,regular,no attack,false positive
business,trace,9024,user9024,regular,no attack,false positive
business,metric,9467,user9467,malicious,attack 2,false positive
business,log,9467,user9467,malicious,attack 2,false positive
business,trace,9467,user9467,malicious,attack 2,true positive
business,metric,7911,user7911,malicious,attack 2,false positive
business,log,7911,user7911,malicious,attack 2,false positive
business,trace,7911,user7911,malicious,attack 2,true positive
infrastructure,metric,5820,user5820,malicious,attack 1,false positive
infrastructure,log,5820,user5820,malicious,attack 1,true positive
infrastructure,trace,5820,user5820,malicious,attack 1,false positive
business,metric,5452,user5452,regular,no attack,false positive
business,log,5452,user5452,regular,no attack,false positive
business,trace,5452,user5452,regular,no attack,false positive
business,metric,5757,user5757,regular,no attack,false positive
business,log,5757,user5757,regular,no attack,false positive
business,trace,5757,user5757,regular,no attack,false positive
infrastructure,metric,9232,user9232,malicious,attack 1,false positive
infrastructure,log,9232,user9232,malicious,attack 1,true positive
infrastructure,trace,9232,user9232,malicious,attack 1,false positive
business,metric,4051,user4051,malicious,attack 2,false positive
business,log,4051,user4051,malicious,attack 2,false positive
business,trace,4051,user4051,malicious,attack 2,true positive
infrastructure,metric,1668,user1668,regular,no attack,false positive
infrastructure,log,1668,user1668,regular,no attack,false positive
infrastructure,trace,1668,user1668,regular,no attack,false positive
infrastructure,metric,8790,user8790,malicious,attack 1,false positive
infrastructure,log,8790,user8790,malicious,attack 1,true positive
infrastructure,trace,8790,user8790,malicious,attack 1,false positive
infrastructure,metric,7478,user7478,malicious,attack 2,false positive
infrastructure,log,7478,user7478,malicious,attack 2,false positive
infrastructure,trace,7478,user7478,malicious,attack 2,true positive
infrastructure,metric,7890,user7890,malicious,attack 2,false positive
infrastructure,log,7890,user7890,malicious,attack 2,false positive
infrastructure,trace,7890,user7890,malicious,attack 2,true positive
business,metric,3637,user3637,malicious,attack 2,false positive
business,log,3637,user3637,malicious,attack 2,false positive
business,trace,3637,user3637,malicious,attack 2,true positive
business,metric,7734,user7734,regular,no attack,false positive
business,log,7734,user7734,regular,no attack,false positive
business,trace,7734,user7734,regular,no attack,false positive
business,metric,8165,user8165,regular,no attack,false positive
business,log,8165,user8165,regular,no attack,false positive
business,trace,8165,user8165,regular,no attack,false positive
infrastructure,metric,6329,user6329,regular,no attack,false positive
infrastructure,log,6329,user6329,regular,no attack,false positive
infrastructure,trace,6329,user6329,regular,no attack,false positive
business,metric,6622,user6622,malicious,attack 2,false positive
business,log,6622,user6622,malicious,attack 2,false positive
business,trace,6622,user6622,malicious,attack 2,true positive
business,metric,964,user964,regular,no attack,false positive
business,log,964,user964,regular,no attack,false positive
business,trace,964,user964,regular,no attack,false positive
business,metric,6777,user6777,malicious,attack 2,false positive
business,log,6777,user6777,malicious,attack 2,false positive
business,trace,6777,user6777,malicious,attack 2,true positive
business,metric,4865,user4865,malicious,attack 2,false positive
business,log,4865,user4865,malicious,attack 2,false positive
business,trace,4865,user4865,malicious,attack 2,true positive
business,metric,1115,user1115,regular,no attack,false positive
business,log,1115,user1115,regular,no attack,false positive
business,trace,1115,user1115,regular,no attack,false positive
infrastructure,metric,5652,user5652,malicious,attack 1,false positive
infrastructure,log,5652,user5652,malicious,attack 1,true positive
infrastructure,trace,5652,user5652,malicious,attack 1,false positive
business,metric,4717,user4717,regular,no attack,false positive
business,log,4717,user4717,regular,no attack,false positive
business,trace,4717,user4717,regular,no attack,false positive
infrastructure,metric,6108,user6108,malicious,attack 1,false positive
infrastructure,log,6108,user6108,malicious,attack 1,true positive
infrastructure,trace,6108,user6108,malicious,attack 1,false positive
business,metric,1564,user1564,malicious,attack 1,false positive
business,log,1564,user1564,malicious,attack 1,true positive
business,trace,1564,user1564,malicious,attack 1,false positive
infrastructure,metric,4596,user4596,malicious,attack 2,false positive
infrastructure,log,4596,user4596,malicious,attack 2,false positive
infrastructure,trace,4596,user4596,malicious,attack 2,true positive
business,metric,37,user37,regular,no attack,false positive
business,log,37,user37,regular,no attack,false positive
business,trace,37,user37,regular,no attack,false positive
business,metric,8718,user8718,malicious,attack 2,false positive
business,log,8718,user8718,malicious,attack 2,false positive
business,trace,8718,user8718,malicious,attack 2,true positive
business,metric,6970,user6970,malicious,attack 2,false positive
business,log,6970,user6970,malicious,attack 2,false positive
business,trace,6970,user6970,malicious,attack 2,true positive
business,metric,8172,user8172,malicious,attack 1,false positive
business,log,8172,user8172,malicious,attack 1,true positive
business,trace,8172,user8172,malicious,attack 1,false positive
infrastructure,metric,135,user135,malicious,attack 2,false positive
infrastructure,log,135,user135,malicious,attack 2,false positive
infrastructure,trace,135,user135,malicious,attack 2,true positive
business,metric,6914,user6914,malicious,attack 2,false positive
business,log,6914,user6914,malicious,attack 2,false positive
business,trace,6914,user6914,malicious,attack 2,true positive
infrastructure,metric,9419,user9419,malicious,attack 1,false positive
infrastructure,log,9419,user9419,malicious,attack 1,true positive
infrastructure,trace,9419,user9419,malicious,attack 1,false positive
infrastructure,metric,8904,user8904,regular,no attack,false positive
infrastructure,log,8904,user8904,regular,no attack,false positive
infrastructure,trace,8904,user8904,regular,no attack,false positive
business,metric,5422,user5422,malicious,attack 1,false positive
business,log,5422,user5422,malicious,attack 1,true positive
business,trace,5422,user5422,malicious,attack 1,false positive
business,metric,8073,user8073,malicious,attack 1,false positive
business,log,8073,user8073,malicious,attack 1,true positive
business,trace,8073,user8073,malicious,attack 1,false positive
business,metric,7105,user7105,regular,no attack,false positive
business,log,7105,user7105,regular,no attack,false positive
business,trace,7105,user7105,regular,no attack,false positive
business,metric,3067,user3067,regular,no attack,false positive
business,log,3067,user3067,regular,no attack,false positive
business,trace,3067,user3067,regular,no attack,false positive
infrastructure,metric,7603,user7603,malicious,attack 2,false positive
infrastructure,log,7603,user7603,malicious,attack 2,false positive
infrastructure,trace,7603,user7603,malicious,attack 2,true positive
infrastructure,metric,1176,user1176,malicious,attack 1,false positive
infrastructure,log,1176,user1176,malicious,attack 1,true positive
infrastructure,trace,1176,user1176,malicious,attack 1,false positive
infrastructure,metric,6667,user6667,regular,no attack,false positive
infrastructure,log,6667,user6667,regular,no attack,false positive
infrastructure,trace,6667,user6667,regular,no attack,false positive
infrastructure,metric,6379,user6379,malicious,attack 1,false positive
infrastructure,log,6379,user6379,malicious,attack 1,true positive
infrastructure,trace,6379,user6379,malicious,attack 1,false positive
business,metric,4263,user4263,malicious,attack 2,false positive
business,log,4263,user4263,malicious,attack 2,false positive
business,trace,4263,user4263,malicious,attack 2,true positive
business,metric,3652,user3652,malicious,attack 1,false positive
business,log,3652,user3652,malicious,attack 1,true positive
business,trace,3652,user3652,malicious,attack 1,false positive
infrastructure,metric,547,user547,regular,no attack,false positive
infrastructure,log,547,user547,regular,no attack,false positive
infrastructure,trace,547,user547,regular,no attack,false positive
business,metric,682,user682,malicious,attack 2,false positive
business,log,682,user682,malicious,attack 2,false positive
business,trace,682,user682,malicious,attack 2,true positive
business,metric,2406,user2406,malicious,attack 2,false positive
business,log,2406,user2406,malicious,attack 2,false positive
business,trace,2406,user2406,malicious,attack 2,true positive
business,metric,706,user706,malicious,attack 2,false positive
business,log,706,user706,malicious,attack 2,false positive
business,trace,706,user706,malicious,attack 2,true positive
infrastructure,metric,6631,user6631,malicious,attack 2,false positive
infrastructure,log,6631,user6631,malicious,attack 2,false positive
infrastructure,trace,6631,user6631,malicious,attack 2,true positive
infrastructure,metric,8116,user8116,regular,no attack,false positive
infrastructure,log,8116,user8116,regular,no attack,false positive
infrastructure,trace,8116,user8116,regular,no attack,false positive
infrastructure,metric,90,user90,malicious,attack 1,false positive
infrastructure,log,90,user90,malicious,attack 1,true positive
infrastructure,trace,90,user90,malicious,attack 1,false positive
infrastructure,metric,4030,user4030,malicious,attack 2,false positive
infrastructure,log,4030,user4030,malicious,attack 2,false positive
infrastructure,trace,4030,user4030,malicious,attack 2,true positive
business,metric,879,user879,malicious,attack 1,false positive
business,log,879,user879,malicious,attack 1,true positive
business,trace,879,user879,malicious,attack 1,false positive
business,metric,9263,user9263,regular,no attack,false positive
business,log,9263,user9263,regular,no attack,false positive
business,trace,9263,user9263,regular,no attack,false positive
business,metric,1321,user1321,malicious,attack 2,false positive
business,log,1321,user1321,malicious,attack 2,false positive
business,trace,1321,user1321,malicious,attack 2,true positive
infrastructure,metric,9629,user9629,malicious,attack 2,false positive
infrastructure,log,9629,user9629,malicious,attack 2,false positive
infrastructure,trace,9629,user9629,malicious,attack 2,true positive
infrastructure,metric,4433,user4433,malicious,attack 1,false positive
infrastructure,log,4433,user4433,malicious,attack 1,true positive
infrastructure,trace,4433,user4433,malicious,attack 1,false positive
business,metric,8391,user8391,malicious,attack 2,false positive
business,log,8391,user8391,malicious,attack 2,false positive
business,trace,8391,user8391,malicious,attack 2,true positive
infrastructure,metric,9064,user9064,malicious,attack 2,false positive
infrastructure,log,9064,user9064,malicious,attack 2,false positive
infrastructure,trace,9064,user9064,malicious,attack 2,true positive
infrastructure,metric,4087,user4087,malicious,attack 1,false positive
infrastructure,log,4087,user4087,malicious,attack 1,true positive
infrastructure,trace,4087,user4087,malicious,attack 1,false positive
business,metric,8309,user8309,malicious,attack 1,false positive
business,log,8309,user8309,malicious,attack 1,true positive
business,trace,8309,user8309,malicious,attack 1,false positive
infrastructure,metric,9539,user9539,malicious,attack 2,false positive
infrastructure,log,9539,user9539,malicious,attack 2,false positive
infrastructure,trace,9539,user9539,malicious,attack 2,true positive
infrastructure,metric,2964,user2964,malicious,attack 1,false positive
infrastructure,log,2964,user2964,malicious,attack 1,true positive
infrastructure,trace,2964,user2964,malicious,attack 1,false positive
business,metric,9211,user9211,malicious,attack 2,false positive
business,log,9211,user9211,malicious,attack 2,false positive
business,trace,9211,user9211,malicious,attack 2,true positive
infrastructure,metric,6769,user6769,malicious,attack 1,false positive
infrastructure,log,6769,user6769,malicious,attack 1,true positive
infrastructure,trace,6769,user6769,malicious,attack 1,false positive
business,metric,9030,user9030,regular,no attack,false positive
business,log,9030,user9030,regular,no attack,false positive
business,trace,9030,user9030,regular,no attack,false positive
infrastructure,metric,4491,user4491,regular,no attack,false positive
infrastructure,log,4491,user4491,regular,no attack,false positive
infrastructure,trace,4491,user4491,regular,no attack,false positive
business,metric,3417,user3417,malicious,attack 1,false positive
business,log,3417,user3417,malicious,attack 1,true positive
business,trace,3417,user3417,malicious,attack 1,false positive
infrastructure,metric,6796,user6796,malicious,attack 2,false positive
infrastructure,log,6796,user6796,malicious,attack 2,false positive
infrastructure,trace,6796,user6796,malicious,attack 2,true positive
business,metric,703,user703,malicious,attack 2,false positive
business,log,703,user703,malicious,attack 2,false positive
business,trace,703,user703,malicious,attack 2,true positive
business,metric,6278,user6278,regular,no attack,false positive
business,log,6278,user6278,regular,no attack,false positive
business,trace,6278,user6278,regular,no attack,false positive
infrastructure,metric,6609,user6609,malicious,attack 1,false positive
infrastructure,log,6609,user6609,malicious,attack 1,true positive
infrastructure,trace,6609,user6609,malicious,attack 1,false positive
business,metric,1431,user1431,malicious,attack 2,false positive
business,log,1431,user1431,malicious,attack 2,false positive
business,trace,1431,user1431,malicious,attack 2,true positive
business,metric,3651,user3651,regular,no attack,false positive
business,log,3651,user3651,regular,no attack,false positive
business,trace,3651,user3651,regular,no attack,false positive
infrastructure,metric,2122,user2122,malicious,attack 1,false positive
infrastructure,log,2122,user2122,malicious,attack 1,true positive
infrastructure,trace,2122,user2122,malicious,attack 1,false positive
infrastructure,metric,848,user848,regular,no attack,false positive
infrastructure,log,848,user848,regular,no attack,false positive
infrastructure,trace,848,user848,regular,no attack,false positive
infrastructure,metric,4201,user4201,regular,no attack,false positive
infrastructure,log,4201,user4201,regular,no attack,false positive
infrastructure,trace,4201,user4201,regular,no attack,false positive
business,metric,2696,user2696,malicious,attack 1,false positive
business,log,2696,user2696,malicious,attack 1,true positive
business,trace,2696,user2696,malicious,attack 1,false positive
business,metric,1004,user1004,malicious,attack 2,false positive
business,log,1004,user1004,malicious,attack 2,false positive
business,trace,1004,user1004,malicious,attack 2,true positive
infrastructure,metric,6404,user6404,malicious,attack 2,false positive
infrastructure,log,6404,user6404,malicious,attack 2,false positive
infrastructure,trace,6404,user6404,malicious,attack 2,true positive
business,metric,1078,user1078,malicious,attack 2,false positive
business,log,1078,user1078,malicious,attack 2,false positive
business,trace,1078,user1078,malicious,attack 2,true positive
infrastructure,metric,5358,user5358,regular,no attack,false positive
infrastructure,log,5358,user5358,regular,no attack,false positive
infrastructure,trace,5358,user5358,regular,no attack,false positive
business,metric,8273,user8273,malicious,attack 1,false positive
business,log,8273,user8273,malicious,attack 1,true positive
business,trace,8273,user8273,malicious,attack 1,false positive
infrastructure,metric,9710,user9710,malicious,attack 2,false positive
infrastructure,log,9710,user9710,malicious,attack 2,false positive
infrastructure,trace,9710,user9710,malicious,attack 2,true positive
infrastructure,metric,3039,user3039,malicious,attack 1,false positive
infrastructure,log,3039,user3039,malicious,attack 1,true positive
infrastructure,trace,3039,user3039,malicious,attack 1,false positive
business,metric,3127,user3127,malicious,attack 2,false positive
business,log,3127,user3127,malicious,attack 2,false positive
business,trace,3127,user3127,malicious,attack 2,true positive
business,metric,1419,user1419,malicious,attack 2,false positive
business,log,1419,user1419,malicious,attack 2,false positive
business,trace,1419,user1419,malicious,attack 2,true positive
business,metric,2769,user2769,malicious,attack 2,false positive
business,log,2769,user2769,malicious,attack 2,false positive
business,trace,2769,user2769,malicious,attack 2,true positive
business,metric,4627,user4627,regular,no attack,false positive
business,log,4627,user4627,regular,no attack,false positive
business,trace,4627,user4627,regular,no attack,false positive
business,metric,1866,user1866,malicious,attack 1,false positive
business,log,1866,user1866,malicious,attack 1,true positive
business,trace,1866,user1866,malicious,attack 1,false positive
business,metric,7468,user7468,malicious,attack 1,false positive
business,log,7468,user7468,malicious,attack 1,true positive
business,trace,7468,user7468,malicious,attack 1,false positive
infrastructure,metric,6611,user6611,malicious,attack 2,false positive
infrastructure,log,6611,user6611,malicious,attack 2,false positive
infrastructure,trace,6611,user6611,malicious,attack 2,true positive
business,metric,21,user21,malicious,attack 1,false positive
business,log,21,user21,malicious,attack 1,true positive
business,trace,21,user21,malicious,attack 1,false positive
infrastructure,metric,611,user611,malicious,attack 1,false positive
infrastructure,log,611,user611,malicious,attack 1,true positive
infrastructure,trace,611,user611,malicious,attack 1,false positive
infrastructure,metric,7351,user7351,malicious,attack 2,false positive
infrastructure,log,7351,user7351,malicious,attack 2,false positive
infrastructure,trace,7351,user7351,malicious,attack 2,true positive
business,metric,5360,user5360,malicious,attack 1,false positive
business,log,5360,user5360,malicious,attack 1,true positive
business,trace,5360,user5360,malicious,attack 1,false positive
business,metric,5894,user5894,malicious,attack 1,false positive
business,log,5894,user5894,malicious,attack 1,true positive
business,trace,5894,user5894,malicious,attack 1,false positive
infrastructure,metric,4392,user4392,malicious,attack 2,false positive
infrastructure,log,4392,user4392,malicious,attack 2,false positive
infrastructure,trace,4392,user4392,malicious,attack 2,true positive
business,metric,1332,user1332,regular,no attack,false positive
business,log,1332,user1332,regular,no attack,false positive
business,trace,1332,user1332,regular,no attack,false positive
business,metric,6390,user6390,regular,no attack,false positive
business,log,6390,user6390,regular,no attack,false positive
business,trace,6390,user6390,regular,no attack,false positive
business,metric,3705,user3705,malicious,attack 1,false positive
business,log,3705,user3705,malicious,attack 1,true positive
business,trace,3705,user3705,malicious,attack 1,false positive
infrastructure,metric,78,user78,malicious,attack 1,false positive
infrastructure,log,78,user78,malicious,attack 1,true positive
infrastructure,trace,78,user78,malicious,attack 1,false positive
business,metric,7686,user7686,malicious,attack 1,false positive
business,log,7686,user7686,malicious,attack 1,true positive
business,trace,7686,user7686,malicious,attack 1,false positive
infrastructure,metric,3216,user3216,malicious,attack 2,false positive
infrastructure,log,3216,user3216,malicious,attack 2,false positive
infrastructure,trace,3216,user3216,malicious,attack 2,true positive
infrastructure,metric,9909,user9909,malicious,attack 2,false positive
infrastructure,log,9909,user9909,malicious,attack 2,false positive
infrastructure,trace,9909,user9909,malicious,attack 2,true positive
infrastructure,metric,4262,user4262,malicious,attack 2,false positive
infrastructure,log,4262,user4262,malicious,attack 2,false positive
infrastructure,trace,4262,user4262,malicious,attack 2,true positive
business,metric,4981,user4981,malicious,attack 1,false positive
business,log,4981,user4981,malicious,attack 1,true positive
business,trace,4981,user4981,malicious,attack 1,false positive
business,metric,3602,user3602,regular,no attack,false positive
business,log,3602,user3602,regular,no attack,false positive
business,trace,3602,user3602,regular,no attack,false positive
infrastructure,metric,1436,user1436,malicious,attack 1,false positive
infrastructure,log,1436,user1436,malicious,attack 1,true positive
infrastructure,trace,1436,user1436,malicious,attack 1,false positive
infrastructure,metric,7388,user7388,regular,no attack,false positive
infrastructure,log,7388,user7388,regular,no attack,false positive
infrastructure,trace,7388,user7388,regular,no attack,false positive
business,metric,5904,user5904,malicious,attack 2,false positive
business,log,5904,user5904,malicious,attack 2,false positive
business,trace,5904,user5904,malicious,attack 2,true positive
business,metric,5142,user5142,malicious,attack 1,false positive
business,log,5142,user5142,malicious,attack 1,true positive
business,trace,5142,user5142,malicious,attack 1,false positive
business,metric,8840,user8840,regular,no attack,false positive
business,log,8840,user8840,regular,no attack,false positive
business,trace,8840,user8840,regular,no attack,false positive
infrastructure,metric,7008,user7008,malicious,attack 2,false positive
infrastructure,log,7008,user7008,malicious,attack 2,false positive
infrastructure,trace,7008,user7008,malicious,attack 2,true positive
business,metric,8123,user8123,regular,no attack,false positive
business,log,8123,user8123,regular,no attack,false positive
business,trace,8123,user8123,regular,no attack,false positive
infrastructure,metric,2093,user2093,malicious,attack 2,false positive
infrastructure,log,2093,user2093,malicious,attack 2,false positive
infrastructure,trace,2093,user2093,malicious,attack 2,true positive
business,metric,9730,user9730,malicious,attack 2,false positive
business,log,9730,user9730,malicious,attack 2,false positive
business,trace,9730,user9730,malicious,attack 2,true positive
business,metric,5840,user5840,regular,no attack,false positive
business,log,5840,user5840,regular,no attack,false positive
business,trace,5840,user5840,regular,no attack,false positive
infrastructure,metric,8017,user8017,regular,no attack,false positive
infrastructure,log,8017,user8017,regular,no attack,false positive
infrastructure,trace,8017,user8017,regular,no attack,false positive
business,metric,3974,user3974,malicious,attack 1,false positive
business,log,3974,user3974,malicious,attack 1,true positive
business,trace,3974,user3974,malicious,attack 1,false positive
infrastructure,metric,4710,user4710,regular,no attack,false positive
infrastructure,log,4710,user4710,regular,no attack,false positive
infrastructure,trace,4710,user4710,regular,no attack,false positive
business,metric,9960,user9960,malicious,attack 1,false positive
business,log,9960,user9960,malicious,attack 1,true positive
business,trace,9960,user9960,malicious,attack 1,false positive
infrastructure,metric,9703,user9703,malicious,attack 2,false positive
infrastructure,log,9703,user9703,malicious,attack 2,false positive
infrastructure,trace,9703,user9703,malicious,attack 2,true positive
infrastructure,metric,3910,user3910,malicious,attack 2,false positive
infrastructure,log,3910,user3910,malicious,attack 2,false positive
infrastructure,trace,3910,user3910,malicious,attack 2,true positive
infrastructure,metric,5075,user5075,malicious,attack 2,false positive
infrastructure,log,5075,user5075,malicious,attack 2,false positive
infrastructure,trace,5075,user5075,malicious,attack 2,true positive
business,metric,3728,user3728,malicious,attack 2,false positive
business,log,3728,user3728,malicious,attack 2,false positive
business,trace,3728,user3728,malicious,attack 2,true positive
business,metric,7381,user7381,malicious,attack 2,false positive
business,log,7381,user7381,malicious,attack 2,false positive
business,trace,7381,user7381,malicious,attack 2,true positive
infrastructure,metric,346,user346,malicious,attack 2,false positive
infrastructure,log,346,user346,malicious,attack 2,false positive
infrastructure,trace,346,user346,malicious,attack 2,true positive
infrastructure,metric,2882,user2882,malicious,attack 1,false positive
infrastructure,log,2882,user2882,malicious,attack 1,true positive
infrastructure,trace,2882,user2882,malicious,attack 1,false positive
business,metric,6951,user6951,regular,no attack,false positive
business,log,6951,user6951,regular,no attack,false positive
business,trace,6951,user6951,regular,no attack,false positive
infrastructure,metric,1244,user1244,malicious,attack 2,false positive
infrastructure,log,1244,user1244,malicious,attack 2,false positive
infrastructure,trace,1244,user1244,malicious,attack 2,true positive
infrastructure,metric,7880,user7880,malicious,attack 2,false positive
infrastructure,log,7880,user7880,malicious,attack 2,false positive
infrastructure,trace,7880,user7880,malicious,attack 2,true positive
business,metric,9929,user9929,malicious,attack 2,false positive
business,log,9929,user9929,malicious,attack 2,false positive
business,trace,9929,user9929,malicious,attack 2,true positive
business,metric,331,user331,malicious,attack 1,false positive
business,log,331,user331,malicious,attack 1,true positive
business,trace,331,user331,malicious,attack 1,false positive
infrastructure,metric,2089,user2089,regular,no attack,false positive
infrastructure,log,2089,user2089,regular,no attack,false positive
infrastructure,trace,2089,user2089,regular,no attack,false positive
infrastructure,metric,5718,user5718,malicious,attack 2,false positive
infrastructure,log,5718,user5718,malicious,attack 2,false positive
infrastructure,trace,5718,user5718,malicious,attack 2,true positive
infrastructure,metric,2497,user2497,regular,no attack,false positive
infrastructure,log,2497,user2497,regular,no attack,false positive
infrastructure,trace,2497,user2497,regular,no attack,false positive
business,metric,7154,user7154,malicious,attack 2,false positive
business,log,7154,user7154,malicious,attack 2,false positive
business,trace,7154,user7154,malicious,attack 2,true positive
business,metric,5477,user5477,malicious,attack 2,false positive
business,log,5477,user5477,malicious,attack 2,false positive
business,trace,5477,user5477,malicious,attack 2,true positive
infrastructure,metric,9382,user9382,malicious,attack 1,false positive
infrastructure,log,9382,user9382,malicious,attack 1,true positive
infrastructure,trace,9382,user9382,malicious,attack 1,false positive
business,metric,529,user529,malicious,attack 1,false positive
business,log,529,user529,malicious,attack 1,true positive
business,trace,529,user529,malicious,attack 1,false positive
business,metric,1713,user1713,malicious,attack 2,false positive
business,log,1713,user1713,malicious,attack 2,false positive
business,trace,1713,user1713,malicious,attack 2,true positive
infrastructure,metric,8997,user8997,malicious,attack 1,false positive
infrastructure,log,8997,user8997,malicious,attack 1,true positive
infrastructure,trace,8997,user8997,malicious,attack 1,false positive
business,metric,8926,user8926,regular,no attack,false positive
business,log,8926,user8926,regular,no attack,false positive
business,trace,8926,user8926,regular,no attack,false positive
business,metric,7629,user7629,malicious,attack 1,false positive
business,log,7629,user7629,malicious,attack 1,true positive
business,trace,7629,user7629,malicious,attack 1,false positive
infrastructure,metric,8636,user8636,malicious,attack 2,false positive
infrastructure,log,8636,user8636,malicious,attack 2,false positive
infrastructure,trace,8636,user8636,malicious,attack 2,true positive
infrastructure,metric,5103,user5103,regular,no attack,false positive
infrastructure,log,5103,user5103,regular,no attack,false positive
infrastructure,trace,5103,user5103,regular,no attack,false positive
infrastructure,metric,8354,user8354,malicious,attack 1,false positive
infrastructure,log,8354,user8354,malicious,attack 1,true positive
infrastructure,trace,8354,user8354,malicious,attack 1,false positive
infrastructure,metric,4445,user4445,regular,no attack,false positive
infrastructure,log,4445,user4445,regular,no attack,false positive
infrastructure,trace,4445,user4445,regular,no attack,false positive
business,metric,1244,user1244,malicious,attack 1,false positive
business,log,1244,user1244,malicious,attack 1,true positive
business,trace,1244,user1244,malicious,attack 1,false positive
infrastructure,metric,328,user328,malicious,attack 1,false positive
infrastructure,log,328,user328,malicious,attack 1,true positive
infrastructure,trace,328,user328,malicious,attack 1,false positive
business,metric,3070,user3070,regular,no attack,false positive
business,log,3070,user3070,regular,no attack,false positive
business,trace,3070,user3070,regular,no attack,false positive
business,metric,5834,user5834,regular,no attack,false positive
business,log,5834,user5834,regular,no attack,false positive
business,trace,5834,user5834,regular,no attack,false positive
infrastructure,metric,8858,user8858,regular,no attack,false positive
infrastructure,log,8858,user8858,regular,no attack,false positive
infrastructure,trace,8858,user8858,regular,no attack,false positive
business,metric,8740,user8740,malicious,attack 1,false positive
business,log,8740,user8740,malicious,attack 1,true positive
business,trace,8740,user8740,malicious,attack 1,false positive
business,metric,449,user449,malicious,attack 1,false positive
business,log,449,user449,malicious,attack 1,true positive
business,trace,449,user449,malicious,attack 1,false positive
infrastructure,metric,7250,user7250,regular,no attack,false positive
infrastructure,log,7250,user7250,regular,no attack,false positive
infrastructure,trace,7250,user7250,regular,no attack,false positive
business,metric,5968,user5968,malicious,attack 1,false positive
business,log,5968,user5968,malicious,attack 1,true positive
business,trace,5968,user5968,malicious,attack 1,false positive
business,metric,7335,user7335,regular,no attack,false positive
business,log,7335,user7335,regular,no attack,false positive
business,trace,7335,user7335,regular,no attack,false positive
infrastructure,metric,7286,user7286,malicious,attack 1,false positive
infrastructure,log,7286,user7286,malicious,attack 1,true positive
infrastructure,trace,7286,user7286,malicious,attack 1,false positive
business,metric,1133,user1133,malicious,attack 1,false positive
business,log,1133,user1133,malicious,attack 1,true positive
business,trace,1133,user1133,malicious,attack 1,false positive
business,metric,3800,user3800,malicious,attack 2,false positive
business,log,3800,user3800,malicious,attack 2,false positive
business,trace,3800,user3800,malicious,attack 2,true positive
business,metric,8865,user8865,malicious,attack 2,false positive
business,log,8865,user8865,malicious,attack 2,false positive
business,trace,8865,user8865,malicious,attack 2,true positive
infrastructure,metric,6753,user6753,malicious,attack 2,false positive
infrastructure,log,6753,user6753,malicious,attack 2,false positive
infrastructure,trace,6753,user6753,malicious,attack 2,true positive
business,metric,6031,user6031,malicious,attack 1,false positive
business,log,6031,user6031,malicious,attack 1,true positive
business,trace,6031,user6031,malicious,attack 1,false positive
infrastructure,metric,8556,user8556,regular,no attack,false positive
infrastructure,log,8556,user8556,regular,no attack,false positive
infrastructure,trace,8556,user8556,regular,no attack,false positive
business,metric,5967,user5967,malicious,attack 2,false positive
business,log,5967,user5967,malicious,attack 2,false positive
business,trace,5967,user5967,malicious,attack 2,true positive
infrastructure,metric,5792,user5792,malicious,attack 2,false positive
infrastructure,log,5792,user5792,malicious,attack 2,false positive
infrastructure,trace,5792,user5792,malicious,attack 2,true positive
business,metric,6360,user6360,malicious,attack 2,false positive
business,log,6360,user6360,malicious,attack 2,false positive
business,trace,6360,user6360,malicious,attack 2,true positive
infrastructure,metric,9267,user9267,malicious,attack 1,false positive
infrastructure,log,9267,user9267,malicious,attack 1,true positive
infrastructure,trace,9267,user9267,malicious,attack 1,false positive
business,metric,1817,user1817,regular,no attack,false positive
business,log,1817,user1817,regular,no attack,false positive
business,trace,1817,user1817,regular,no attack,false positive
infrastructure,metric,4988,user4988,malicious,attack 1,false positive
infrastructure,log,4988,user4988,malicious,attack 1,true positive
infrastructure,trace,4988,user4988,malicious,attack 1,false positive
business,metric,2766,user2766,malicious,attack 2,false positive
business,log,2766,user2766,malicious,attack 2,false positive
business,trace,2766,user2766,malicious,attack 2,true positive
business,metric,6246,user6246,malicious,attack 1,false positive
business,log,6246,user6246,malicious,attack 1,true positive
business,trace,6246,user6246,malicious,attack 1,false positive
business,metric,630,user630,malicious,attack 1,false positive
business,log,630,user630,malicious,attack 1,true positive
business,trace,630,user630,malicious,attack 1,false positive
business,metric,1789,user1789,malicious,attack 1,false positive
business,log,1789,user1789,malicious,attack 1,true positive
business,trace,1789,user1789,malicious,attack 1,false positive
infrastructure,metric,253,user253,regular,no attack,false positive
infrastructure,log,253,user253,regular,no attack,false positive
infrastructure,trace,253,user253,regular,no attack,false positive
business,metric,536,user536,malicious,attack 2,false positive
business,log,536,user536,malicious,attack 2,false positive
business,trace,536,user536,malicious,attack 2,true positive
infrastructure,metric,1626,user1626,regular,no attack,false positive
infrastructure,log,1626,user1626,regular,no attack,false positive
infrastructure,trace,1626,user1626,regular,no attack,false positive
business,metric,2342,user2342,regular,no attack,false positive
business,log,2342,user2342,regular,no attack,false positive
business,trace,2342,user2342,regular,no attack,false positive
business,metric,9029,user9029,malicious,attack 2,false positive
business,log,9029,user9029,malicious,attack 2,false positive
business,trace,9029,user9029,malicious,attack 2,true positive
business,metric,3801,user3801,malicious,attack 2,false positive
business,log,3801,user3801,malicious,attack 2,false positive
business,trace,3801,user3801,malicious,attack 2,true positive
business,metric,8802,user8802,regular,no attack,false positive
business,log,8802,user8802,regular,no attack,false positive
business,trace,8802,user8802,regular,no attack,false positive
infrastructure,metric,5263,user5263,malicious,attack 1,false positive
infrastructure,log,5263,user5263,malicious,attack 1,true positive
infrastructure,trace,5263,user5263,malicious,attack 1,false positive
infrastructure,metric,7709,user7709,malicious,attack 2,false positive
infrastructure,log,7709,user7709,malicious,attack 2,false positive
infrastructure,trace,7709,user7709,malicious,attack 2,true positive
business,metric,2892,user2892,regular,no attack,false positive
business,log,2892,user2892,regular,no attack,false positive
business,trace,2892,user2892,regular,no attack,false positive
business,metric,1850,user1850,malicious,attack 2,false positive
business,log,1850,user1850,malicious,attack 2,false positive
business,trace,1850,user1850,malicious,attack 2,true positive
infrastructure,metric,4545,user4545,malicious,attack 1,false positive
infrastructure,log,4545,user4545,malicious,attack 1,true positive
infrastructure,trace,4545,user4545,malicious,attack 1,false positive
infrastructure,metric,533,user533,malicious,attack 2,false positive
infrastructure,log,533,user533,malicious,attack 2,false positive
infrastructure,trace,533,user533,malicious,attack 2,true positive
infrastructure,metric,4061,user4061,malicious,attack 2,false positive
infrastructure,log,4061,user4061,malicious,attack 2,false positive
infrastructure,trace,4061,user4061,malicious,attack 2,true positive
business,metric,9568,user9568,malicious,attack 1,false positive
business,log,9568,user9568,malicious,attack 1,true positive
business,trace,9568,user9568,malicious,attack 1,false positive
business,metric,9080,user9080,malicious,attack 2,false positive
business,log,9080,user9080,malicious,attack 2,false positive
business,trace,9080,user9080,malicious,attack 2,true positive
infrastructure,metric,6127,user6127,malicious,attack 1,false positive
infrastructure,log,6127,user6127,malicious,attack 1,true positive
infrastructure,trace,6127,user6127,malicious,attack 1,false positive
infrastructure,metric,2850,user2850,regular,no attack,false positive
infrastructure,log,2850,user2850,regular,no attack,false positive
infrastructure,trace,2850,user2850,regular,no attack,false positive
infrastructure,metric,4439,user4439,malicious,attack 1,false positive
infrastructure,log,4439,user4439,malicious,attack 1,true positive
infrastructure,trace,4439,user4439,malicious,attack 1,false positive
infrastructure,metric,9142,user9142,malicious,attack 1,false positive
infrastructure,log,9142,user9142,malicious,attack 1,true positive
infrastructure,trace,9142,user9142,malicious,attack 1,false positive
business,metric,618,user618,malicious,attack 2,false positive
business,log,618,user618,malicious,attack 2,false positive
business,trace,618,user618,malicious,attack 2,true positive
business,metric,4509,user4509,malicious,attack 2,false positive
business,log,4509,user4509,malicious,attack 2,false positive
business,trace,4509,user4509,malicious,attack 2,true positive
infrastructure,metric,5614,user5614,malicious,attack 2,false positive
infrastructure,log,5614,user5614,malicious,attack 2,false positive
infrastructure,trace,5614,user5614,malicious,attack 2,true positive
business,metric,9873,user9873,malicious,attack 2,false positive
business,log,9873,user9873,malicious,attack 2,false positive
business,trace,9873,user9873,malicious,attack 2,true positive
business,metric,6543,user6543,malicious,attack 1,false positive
business,log,6543,user6543,malicious,attack 1,true positive
business,trace,6543,user6543,malicious,attack 1,false positive
business,metric,8692,user8692,regular,no attack,false positive
business,log,8692,user8692,regular,no attack,false positive
business,trace,8692,user8692,regular,no attack,false positive
business,metric,4035,user4035,malicious,attack 1,false positive
business,log,4035,user4035,malicious,attack 1,true positive
business,trace,4035,user4035,malicious,attack 1,false positive
business,metric,3841,user3841,malicious,attack 1,false positive
business,log,3841,user3841,malicious,attack 1,true positive
business,trace,3841,user3841,malicious,attack 1,false positive
infrastructure,metric,3001,user3001,regular,no attack,false positive
infrastructure,log,3001,user3001,regular,no attack,false positive
infrastructure,trace,3001,user3001,regular,no attack,false positive
business,metric,3416,user3416,malicious,attack 2,false positive
business,log,3416,user3416,malicious,attack 2,false positive
business,trace,3416,user3416,malicious,attack 2,true positive
infrastructure,metric,3969,user3969,malicious,attack 1,false positive
infrastructure,log,3969,user3969,malicious,attack 1,true positive
infrastructure,trace,3969,user3969,malicious,attack 1,false positive
business,metric,2134,user2134,malicious,attack 2,false positive
business,log,2134,user2134,malicious,attack 2,false positive
business,trace,2134,user2134,malicious,attack 2,true positive
infrastructure,metric,321,user321,malicious,attack 1,false positive
infrastructure,log,321,user321,malicious,attack 1,true positive
infrastructure,trace,321,user321,malicious,attack 1,false positive
infrastructure,metric,3617,user3617,regular,no attack,false positive
infrastructure,log,3617,user3617,regular,no attack,false positive
infrastructure,trace,3617,user3617,regular,no attack,false positive
infrastructure,metric,179,user179,malicious,attack 2,false positive
infrastructure,log,179,user179,malicious,attack 2,false positive
infrastructure,trace,179,user179,malicious,attack 2,true positive
infrastructure,metric,9732,user9732,malicious,attack 2,false positive
infrastructure,log,9732,user9732,malicious,attack 2,false positive
infrastructure,trace,9732,user9732,malicious,attack 2,true positive
infrastructure,metric,1426,user1426,malicious,attack 1,false positive
infrastructure,log,1426,user1426,malicious,attack 1,true positive
infrastructure,trace,1426,user1426,malicious,attack 1,false positive
business,metric,924,user924,malicious,attack 1,false positive
business,log,924,user924,malicious,attack 1,true positive
business,trace,924,user924,malicious,attack 1,false positive
infrastructure,metric,9188,user9188,malicious,attack 2,false positive
infrastructure,log,9188,user9188,malicious,attack 2,false positive
infrastructure,trace,9188,user9188,malicious,attack 2,true positive
business,metric,6335,user6335,regular,no attack,false positive
business,log,6335,user6335,regular,no attack,false positive
business,trace,6335,user6335,regular,no attack,false positive
business,metric,764,user764,malicious,attack 1,false positive
business,log,764,user764,malicious,attack 1,true positive
business,trace,764,user764,malicious,attack 1,false positive
infrastructure,metric,4277,user4277,malicious,attack 1,false positive
infrastructure,log,4277,user4277,malicious,attack 1,true positive
infrastructure,trace,4277,user4277,malicious,attack 1,false positive
business,metric,4486,user4486,malicious,attack 2,false positive
business,log,4486,user4486,malicious,attack 2,false positive
business,trace,4486,user4486,malicious,attack 2,true positive
infrastructure,metric,896,user896,malicious,attack 2,false positive
infrastructure,log,896,user896,malicious,attack 2,false positive
infrastructure,trace,896,user896,malicious,attack 2,true positive
business,metric,8874,user8874,malicious,attack 1,false positive
business,log,8874,user8874,malicious,attack 1,true positive
business,trace,8874,user8874,malicious,attack 1,false positive
infrastructure,metric,6616,user6616,malicious,attack 1,false positive
infrastructure,log,6616,user6616,malicious,attack 1,true positive
infrastructure,trace,6616,user6616,malicious,attack 1,false positive
business,metric,8840,user8840,regular,no attack,false positive
business,log,8840,user8840,regular,no attack,false positive
business,trace,8840,user8840,regular,no attack,false positive
business,metric,1169,user1169,regular,no attack,false positive
business,log,1169,user1169,regular,no attack,false positive
business,trace,1169,user1169,regular,no attack,false positive
infrastructure,metric,3537,user3537,malicious,attack 1,false positive
infrastructure,log,3537,user3537,malicious,attack 1,true positive
infrastructure,trace,3537,user3537,malicious,attack 1,false positive
infrastructure,metric,8528,user8528,malicious,attack 1,false positive
infrastructure,log,8528,user8528,malicious,attack 1,true positive
infrastructure,trace,8528,user8528,malicious,attack 1,false positive
business,metric,9613,user9613,malicious,attack 2,false positive
business,log,9613,user9613,malicious,attack 2,false positive
business,trace,9613,user9613,malicious,attack 2,true positive
business,metric,6171,user6171,malicious,attack 2,false positive
business,log,6171,user6171,malicious,attack 2,false positive
business,trace,6171,user6171,malicious,attack 2,true positive
business,metric,6141,user6141,malicious,attack 2,false positive
business,log,6141,user6141,malicious,attack 2,false positive
business,trace,6141,user6141,malicious,attack 2,true positive
business,metric,1752,user1752,malicious,attack 1,false positive
business,log,1752,user1752,malicious,attack 1,true positive
business,trace,1752,user1752,malicious,attack 1,false positive
business,metric,2734,user2734,malicious,attack 1,false positive
business,log,2734,user2734,malicious,attack 1,true positive
business,trace,2734,user2734,malicious,attack 1,false positive
business,metric,2725,user2725,malicious,attack 1,false positive
business,log,2725,user2725,malicious,attack 1,true positive
business,trace,2725,user2725,malicious,attack 1,false positive
infrastructure,metric,3994,user3994,regular,no attack,false positive
infrastructure,log,3994,user3994,regular,no attack,false positive
infrastructure,trace,3994,user3994,regular,no attack,false positive
business,metric,6502,user6502,regular,no attack,false positive
business,log,6502,user6502,regular,no attack,false positive
business,trace,6502,user6502,regular,no attack,false positive
business,metric,6309,user6309,regular,no attack,false positive
business,log,6309,user6309,regular,no attack,false positive
business,trace,6309,user6309,regular,no attack,false positive
business,metric,9638,user9638,malicious,attack 2,false positive
business,log,9638,user9638,malicious,attack 2,false positive
business,trace,9638,user9638,malicious,attack 2,true positive
business,metric,7915,user7915,malicious,attack 1,false positive
business,log,7915,user7915,malicious,attack 1,true positive
business,trace,7915,user7915,malicious,attack 1,false positive
infrastructure,metric,6884,user6884,malicious,attack 1,false positive
infrastructure,log,6884,user6884,malicious,attack 1,true positive
infrastructure,trace,6884,user6884,malicious,attack 1,false positive
infrastructure,metric,2449,user2449,regular,no attack,false positive
infrastructure,log,2449,user2449,regular,no attack,false positive
infrastructure,trace,2449,user2449,regular,no attack,false positive
business,metric,2,user2,regular,no attack,false positive
business,log,2,user2,regular,no attack,false positive
business,trace,2,user2,regular,no attack,false positive
infrastructure,metric,3349,user3349,malicious,attack 2,false positive
infrastructure,log,3349,user3349,malicious,attack 2,false positive
infrastructure,trace,3349,user3349,malicious,attack 2,true positive
business,metric,5460,user5460,regular,no attack,false positive
business,log,5460,user5460,regular,no attack,false positive
business,trace,5460,user5460,regular,no attack,false positive
business,metric,5162,user5162,regular,no attack,false positive
business,log,5162,user5162,regular,no attack,false positive
business,trace,5162,user5162,regular,no attack,false positive
business,metric,9063,user9063,regular,no attack,false positive
business,log,9063,user9063,regular,no attack,false positive
business,trace,9063,user9063,regular,no attack,false positive
business,metric,8793,user8793,malicious,attack 2,false positive
business,log,8793,user8793,malicious,attack 2,false positive
business,trace,8793,user8793,malicious,attack 2,true positive
infrastructure,metric,1091,user1091,regular,no attack,false positive
infrastructure,log,1091,user1091,regular,no attack,false positive
infrastructure,trace,1091,user1091,regular,no attack,false positive
infrastructure,metric,5832,user5832,malicious,attack 1,false positive
infrastructure,log,5832,user5832,malicious,attack 1,true positive
infrastructure,trace,5832,user5832,malicious,attack 1,false positive
business,metric,2554,user2554,malicious,attack 2,false positive
business,log,2554,user2554,malicious,attack 2,false positive
business,trace,2554,user2554,malicious,attack 2,true positive
infrastructure,metric,8628,user8628,regular,no attack,false positive
infrastructure,log,8628,user8628,regular,no attack,false positive
infrastructure,trace,8628,user8628,regular,no attack,false positive
business,metric,4530,user4530,regular,no attack,false positive
business,log,4530,user4530,regular,no attack,false positive
business,trace,4530,user4530,regular,no attack,false positive
infrastructure,metric,4903,user4903,malicious,attack 2,false positive
infrastructure,log,4903,user4903,malicious,attack 2,false positive
infrastructure,trace,4903,user4903,malicious,attack 2,true positive
infrastructure,metric,8812,user8812,malicious,attack 1,false positive
infrastructure,log,8812,user8812,malicious,attack 1,true positive
infrastructure,trace,8812,user8812,malicious,attack 1,false positive
infrastructure,metric,1143,user1143,regular,no attack,false positive
infrastructure,log,1143,user1143,regular,no attack,false positive
infrastructure,trace,1143,user1143,regular,no attack,false positive
business,metric,178,user178,regular,no attack,false positive
business,log,178,user178,regular,no attack,false positive
business,trace,178,user178,regular,no attack,false positive
infrastructure,metric,9795,user9795,regular,no attack,false positive
infrastructure,log,9795,user9795,regular,no attack,false positive
infrastructure,trace,9795,user9795,regular,no attack,false positive
infrastructure,metric,3123,user3123,malicious,attack 1,false positive
infrastructure,log,3123,user3123,malicious,attack 1,true positive
infrastructure,trace,3123,user3123,malicious,attack 1,false positive
infrastructure,metric,4327,user4327,malicious,attack 1,false positive
infrastructure,log,4327,user4327,malicious,attack 1,true positive
infrastructure,trace,4327,user4327,malicious,attack 1,false positive
infrastructure,metric,2999,user2999,regular,no attack,false positive
infrastructure,log,2999,user2999,regular,no attack,false positive
infrastructure,trace,2999,user2999,regular,no attack,false positive
infrastructure,metric,4798,user4798,malicious,attack 1,false positive
infrastructure,log,4798,user4798,malicious,attack 1,true positive
infrastructure,trace,4798,user4798,malicious,attack 1,false positive
business,metric,9255,user9255,malicious,attack 2,false positive
business,log,9255,user9255,malicious,attack 2,false positive
business,trace,9255,user9255,malicious,attack 2,true positive
business,metric,7860,user7860,malicious,attack 2,false positive
business,log,7860,user7860,malicious,attack 2,false positive
business,trace,7860,user7860,malicious,attack 2,true positive
business,metric,5386,user5386,malicious,attack 2,false positive
business,log,5386,user5386,malicious,attack 2,false positive
business,trace,5386,user5386,malicious,attack 2,true positive
infrastructure,metric,9001,user9001,regular,no attack,false positive
infrastructure,log,9001,user9001,regular,no attack,false positive
infrastructure,trace,9001,user9001,regular,no attack,false positive
business,metric,5979,user5979,malicious,attack 1,false positive
business,log,5979,user5979,malicious,attack 1,true positive
business,trace,5979,user5979,malicious,attack 1,false positive
infrastructure,metric,4821,user4821,malicious,attack 2,false positive
infrastructure,log,4821,user4821,malicious,attack 2,false positive
infrastructure,trace,4821,user4821,malicious,attack 2,true positive
business,metric,9120,user9120,regular,no attack,false positive
business,log,9120,user9120,regular,no attack,false positive
business,trace,9120,user9120,regular,no attack,false positive
business,metric,6230,user6230,regular,no attack,false positive
business,log,6230,user6230,regular,no attack,false positive
business,trace,6230,user6230,regular,no attack,false positive
infrastructure,metric,1368,user1368,malicious,attack 1,false positive
infrastructure,log,1368,user1368,malicious,attack 1,true positive
infrastructure,trace,1368,user1368,malicious,attack 1,false positive
business,metric,3162,user3162,regular,no attack,false positive
business,log,3162,user3162,regular,no attack,false positive
business,trace,3162,user3162,regular,no attack,false positive
infrastructure,metric,208,user208,regular,no attack,false positive
infrastructure,log,208,user208,regular,no attack,false positive
infrastructure,trace,208,user208,regular,no attack,false positive
business,metric,9229,user9229,malicious,attack 1,false positive
business,log,9229,user9229,malicious,attack 1,true positive
business,trace,9229,user9229,malicious,attack 1,false positive
infrastructure,metric,9149,user9149,malicious,attack 2,false positive
infrastructure,log,9149,user9149,malicious,attack 2,false positive
infrastructure,trace,9149,user9149,malicious,attack 2,true positive
infrastructure,metric,7349,user7349,malicious,attack 2,false positive
infrastructure,log,7349,user7349,malicious,attack 2,false positive
infrastructure,trace,7349,user7349,malicious,attack 2,true positive
business,metric,5174,user5174,malicious,attack 1,false positive
business,metric,4552,user4552,malicious,attack 1,false positive
business,log,4552,user4552,malicious,attack 1,true positive
business,trace,4552,user4552,malicious,attack 1,false positive
business,log,5174,user5174,malicious,attack 1,true positive
business,trace,5174,user5174,malicious,attack 1,false positive
business,metric,6082,user6082,malicious,attack 2,false positive
business,log,6082,user6082,malicious,attack 2,false positive
business,trace,6082,user6082,malicious,attack 2,true positive
infrastructure,metric,9917,user9917,regular,no attack,false positive
infrastructure,log,9917,user9917,regular,no attack,false positive
infrastructure,trace,9917,user9917,regular,no attack,false positive
business,metric,5173,user5173,malicious,attack 1,false positive
business,log,5173,user5173,malicious,attack 1,true positive
business,trace,5173,user5173,malicious,attack 1,false positive
business,metric,7212,user7212,malicious,attack 2,false positive
business,log,7212,user7212,malicious,attack 2,false positive
business,trace,7212,user7212,malicious,attack 2,true positive
infrastructure,metric,6787,user6787,regular,no attack,false positive
infrastructure,log,6787,user6787,regular,no attack,false positive
infrastructure,trace,6787,user6787,regular,no attack,false positive
infrastructure,metric,6281,user6281,malicious,attack 2,false positive
infrastructure,log,6281,user6281,malicious,attack 2,false positive
infrastructure,trace,6281,user6281,malicious,attack 2,true positive
business,metric,8670,user8670,malicious,attack 2,false positive
business,log,8670,user8670,malicious,attack 2,false positive
business,trace,8670,user8670,malicious,attack 2,true positive
infrastructure,metric,4788,user4788,malicious,attack 2,false positive
infrastructure,log,4788,user4788,malicious,attack 2,false positive
infrastructure,trace,4788,user4788,malicious,attack 2,true positive
business,metric,2424,user2424,regular,no attack,false positive
business,log,2424,user2424,regular,no attack,false positive
business,trace,2424,user2424,regular,no attack,false positive
business,metric,4077,user4077,regular,no attack,false positive
business,log,4077,user4077,regular,no attack,false positive
business,trace,4077,user4077,regular,no attack,false positive
infrastructure,metric,5203,user5203,regular,no attack,false positive
infrastructure,log,5203,user5203,regular,no attack,false positive
infrastructure,trace,5203,user5203,regular,no attack,false positive
business,metric,425,user425,malicious,attack 2,false positive
business,log,425,user425,malicious,attack 2,false positive
business,trace,425,user425,malicious,attack 2,true positive
infrastructure,metric,1143,user1143,regular,no attack,false positive
infrastructure,log,1143,user1143,regular,no attack,false positive
infrastructure,trace,1143,user1143,regular,no attack,false positive
business,metric,7329,user7329,regular,no attack,false positive
business,log,7329,user7329,regular,no attack,false positive
business,trace,7329,user7329,regular,no attack,false positive
business,metric,4888,user4888,malicious,attack 1,false positive
business,log,4888,user4888,malicious,attack 1,true positive
business,trace,4888,user4888,malicious,attack 1,false positive
business,metric,7602,user7602,malicious,attack 2,false positive
business,log,7602,user7602,malicious,attack 2,false positive
business,trace,7602,user7602,malicious,attack 2,true positive
business,metric,2944,user2944,malicious,attack 1,false positive
business,log,2944,user2944,malicious,attack 1,true positive
business,trace,2944,user2944,malicious,attack 1,false positive
infrastructure,metric,7519,user7519,malicious,attack 2,false positive
infrastructure,log,7519,user7519,malicious,attack 2,false positive
infrastructure,trace,7519,user7519,malicious,attack 2,true positive
business,metric,2984,user2984,regular,no attack,false positive
business,log,2984,user2984,regular,no attack,false positive
business,trace,2984,user2984,regular,no attack,false positive
business,metric,7674,user7674,malicious,attack 1,false positive
business,log,7674,user7674,malicious,attack 1,true positive
business,trace,7674,user7674,malicious,attack 1,false positive
infrastructure,metric,9031,user9031,malicious,attack 2,false positive
infrastructure,log,9031,user9031,malicious,attack 2,false positive
infrastructure,trace,9031,user9031,malicious,attack 2,true positive
infrastructure,metric,92,user92,regular,no attack,false positive
infrastructure,log,92,user92,regular,no attack,false positive
infrastructure,trace,92,user92,regular,no attack,false positive
business,metric,305,user305,regular,no attack,false positive
business,log,305,user305,regular,no attack,false positive
business,trace,305,user305,regular,no attack,false positive
business,metric,1228,user1228,malicious,attack 2,false positive
business,log,1228,user1228,malicious,attack 2,false positive
business,trace,1228,user1228,malicious,attack 2,true positive
infrastructure,metric,8143,user8143,regular,no attack,false positive
infrastructure,log,8143,user8143,regular,no attack,false positive
infrastructure,trace,8143,user8143,regular,no attack,false positive
infrastructure,metric,5129,user5129,malicious,attack 2,false positive
infrastructure,log,5129,user5129,malicious,attack 2,false positive
infrastructure,trace,5129,user5129,malicious,attack 2,true positive
infrastructure,metric,892,user892,malicious,attack 2,false positive
infrastructure,log,892,user892,malicious,attack 2,false positive
infrastructure,trace,892,user892,malicious,attack 2,true positive
business,metric,2413,user2413,malicious,attack 1,false positive
business,log,2413,user2413,malicious,attack 1,true positive
business,trace,2413,user2413,malicious,attack 1,false positive
business,metric,9126,user9126,malicious,attack 2,false positive
business,log,9126,user9126,malicious,attack 2,false positive
business,trace,9126,user9126,malicious,attack 2,true positive
infrastructure,metric,4540,user4540,regular,no attack,false positive
infrastructure,log,4540,user4540,regular,no attack,false positive
infrastructure,trace,4540,user4540,regular,no attack,false positive
business,metric,9492,user9492,regular,no attack,false positive
business,log,9492,user9492,regular,no attack,false positive
business,trace,9492,user9492,regular,no attack,false positive
infrastructure,metric,186,user186,regular,no attack,false positive
infrastructure,log,186,user186,regular,no attack,false positive
infrastructure,trace,186,user186,regular,no attack,false positive
business,metric,6973,user6973,regular,no attack,false positive
business,log,6973,user6973,regular,no attack,false positive
business,trace,6973,user6973,regular,no attack,false positive
infrastructure,metric,6438,user6438,malicious,attack 1,false positive
infrastructure,log,6438,user6438,malicious,attack 1,true positive
infrastructure,trace,6438,user6438,malicious,attack 1,false positive
business,metric,3227,user3227,malicious,attack 2,false positive
business,log,3227,user3227,malicious,attack 2,false positive
business,trace,3227,user3227,malicious,attack 2,true positive
infrastructure,metric,6162,user6162,malicious,attack 2,false positive
infrastructure,log,6162,user6162,malicious,attack 2,false positive
infrastructure,trace,6162,user6162,malicious,attack 2,true positive
business,metric,2194,user2194,malicious,attack 2,false positive
business,log,2194,user2194,malicious,attack 2,false positive
business,trace,2194,user2194,malicious,attack 2,true positive
business,metric,5792,user5792,malicious,attack 2,false positive
business,log,5792,user5792,malicious,attack 2,false positive
business,trace,5792,user5792,malicious,attack 2,true positive
infrastructure,metric,8487,user8487,malicious,attack 2,false positive
infrastructure,log,8487,user8487,malicious,attack 2,false positive
infrastructure,trace,8487,user8487,malicious,attack 2,true positive
business,metric,2759,user2759,malicious,attack 1,false positive
business,log,2759,user2759,malicious,attack 1,true positive
business,trace,2759,user2759,malicious,attack 1,false positive
business,metric,4391,user4391,malicious,attack 1,false positive
business,log,4391,user4391,malicious,attack 1,true positive
business,trace,4391,user4391,malicious,attack 1,false positive
infrastructure,metric,6707,user6707,malicious,attack 2,false positive
infrastructure,log,6707,user6707,malicious,attack 2,false positive
infrastructure,trace,6707,user6707,malicious,attack 2,true positive
infrastructure,metric,1757,user1757,malicious,attack 2,false positive
infrastructure,log,1757,user1757,malicious,attack 2,false positive
infrastructure,trace,1757,user1757,malicious,attack 2,true positive
business,metric,166,user166,malicious,attack 1,false positive
business,log,166,user166,malicious,attack 1,true positive
business,trace,166,user166,malicious,attack 1,false positive
business,metric,6523,user6523,malicious,attack 1,false positive
business,log,6523,user6523,malicious,attack 1,true positive
business,trace,6523,user6523,malicious,attack 1,false positive
infrastructure,metric,5957,user5957,malicious,attack 2,false positive
infrastructure,log,5957,user5957,malicious,attack 2,false positive
infrastructure,trace,5957,user5957,malicious,attack 2,true positive
infrastructure,metric,5023,user5023,regular,no attack,false positive
infrastructure,log,5023,user5023,regular,no attack,false positive
infrastructure,trace,5023,user5023,regular,no attack,false positive
infrastructure,metric,3452,user3452,malicious,attack 1,false positive
infrastructure,log,3452,user3452,malicious,attack 1,true positive
infrastructure,trace,3452,user3452,malicious,attack 1,false positive
business,metric,5821,user5821,malicious,attack 1,false positive
business,log,5821,user5821,malicious,attack 1,true positive
business,trace,5821,user5821,malicious,attack 1,false positive
infrastructure,metric,7242,user7242,regular,no attack,false positive
infrastructure,log,7242,user7242,regular,no attack,false positive
infrastructure,trace,7242,user7242,regular,no attack,false positive
infrastructure,metric,5604,user5604,malicious,attack 2,false positive
infrastructure,log,5604,user5604,malicious,attack 2,false positive
infrastructure,trace,5604,user5604,malicious,attack 2,true positive
business,metric,2102,user2102,malicious,attack 1,false positive
business,log,2102,user2102,malicious,attack 1,true positive
business,trace,2102,user2102,malicious,attack 1,false positive
infrastructure,metric,2093,user2093,malicious,attack 2,false positive
infrastructure,log,2093,user2093,malicious,attack 2,false positive
infrastructure,trace,2093,user2093,malicious,attack 2,true positive
infrastructure,metric,597,user597,malicious,attack 2,false positive
infrastructure,log,597,user597,malicious,attack 2,false positive
infrastructure,trace,597,user597,malicious,attack 2,true positive
business,metric,9568,user9568,malicious,attack 2,false positive
business,log,9568,user9568,malicious,attack 2,false positive
business,trace,9568,user9568,malicious,attack 2,true positive
infrastructure,metric,2725,user2725,malicious,attack 1,false positive
infrastructure,log,2725,user2725,malicious,attack 1,true positive
infrastructure,trace,2725,user2725,malicious,attack 1,false positive
business,metric,1715,user1715,malicious,attack 2,false positive
business,log,1715,user1715,malicious,attack 2,false positive
business,trace,1715,user1715,malicious,attack 2,true positive
infrastructure,metric,2156,user2156,malicious,attack 2,false positive
infrastructure,log,2156,user2156,malicious,attack 2,false positive
infrastructure,trace,2156,user2156,malicious,attack 2,true positive
business,metric,8475,user8475,malicious,attack 1,false positive
business,log,8475,user8475,malicious,attack 1,true positive
business,trace,8475,user8475,malicious,attack 1,false positive
infrastructure,metric,8044,user8044,malicious,attack 1,false positive
infrastructure,log,8044,user8044,malicious,attack 1,true positive
infrastructure,trace,8044,user8044,malicious,attack 1,false positive
infrastructure,metric,5181,user5181,malicious,attack 1,false positive
infrastructure,log,5181,user5181,malicious,attack 1,true positive
infrastructure,trace,5181,user5181,malicious,attack 1,false positive
infrastructure,metric,8821,user8821,regular,no attack,false positive
infrastructure,log,8821,user8821,regular,no attack,false positive
infrastructure,trace,8821,user8821,regular,no attack,false positive
business,metric,9308,user9308,regular,no attack,false positive
business,log,9308,user9308,regular,no attack,false positive
business,trace,9308,user9308,regular,no attack,false positive
business,metric,5768,user5768,malicious,attack 1,false positive
business,log,5768,user5768,malicious,attack 1,true positive
business,trace,5768,user5768,malicious,attack 1,false positive
business,metric,2655,user2655,regular,no attack,false positive
business,log,2655,user2655,regular,no attack,false positive
business,trace,2655,user2655,regular,no attack,false positive
infrastructure,metric,991,user991,regular,no attack,false positive
infrastructure,log,991,user991,regular,no attack,false positive
infrastructure,trace,991,user991,regular,no attack,false positive
business,metric,2970,user2970,malicious,attack 1,false positive
business,log,2970,user2970,malicious,attack 1,true positive
business,trace,2970,user2970,malicious,attack 1,false positive
infrastructure,metric,7273,user7273,malicious,attack 1,false positive
infrastructure,log,7273,user7273,malicious,attack 1,true positive
infrastructure,trace,7273,user7273,malicious,attack 1,false positive
business,metric,7499,user7499,malicious,attack 1,false positive
business,log,7499,user7499,malicious,attack 1,true positive
business,trace,7499,user7499,malicious,attack 1,false positive
business,metric,1041,user1041,malicious,attack 2,false positive
business,log,1041,user1041,malicious,attack 2,false positive
business,trace,1041,user1041,malicious,attack 2,true positive
infrastructure,metric,4217,user4217,regular,no attack,false positive
infrastructure,log,4217,user4217,regular,no attack,false positive
infrastructure,trace,4217,user4217,regular,no attack,false positive
business,metric,5515,user5515,malicious,attack 2,false positive
business,log,5515,user5515,malicious,attack 2,false positive
business,trace,5515,user5515,malicious,attack 2,true positive
infrastructure,metric,9493,user9493,malicious,attack 1,false positive
infrastructure,log,9493,user9493,malicious,attack 1,true positive
infrastructure,trace,9493,user9493,malicious,attack 1,false positive
infrastructure,metric,5813,user5813,regular,no attack,false positive
infrastructure,log,5813,user5813,regular,no attack,false positive
infrastructure,trace,5813,user5813,regular,no attack,false positive
infrastructure,metric,6160,user6160,malicious,attack 2,false positive
infrastructure,log,6160,user6160,malicious,attack 2,false positive
infrastructure,trace,6160,user6160,malicious,attack 2,true positive
business,metric,4193,user4193,malicious,attack 1,false positive
business,log,4193,user4193,malicious,attack 1,true positive
business,trace,4193,user4193,malicious,attack 1,false positive
infrastructure,metric,9721,user9721,regular,no attack,false positive
infrastructure,log,9721,user9721,regular,no attack,false positive
infrastructure,trace,9721,user9721,regular,no attack,false positive
business,metric,6562,user6562,malicious,attack 2,false positive
business,log,6562,user6562,malicious,attack 2,false positive
business,trace,6562,user6562,malicious,attack 2,true positive
business,metric,6701,user6701,malicious,attack 1,false positive
business,log,6701,user6701,malicious,attack 1,true positive
business,trace,6701,user6701,malicious,attack 1,false positive
infrastructure,metric,7371,user7371,malicious,attack 2,false positive
infrastructure,log,7371,user7371,malicious,attack 2,false positive
infrastructure,trace,7371,user7371,malicious,attack 2,true positive
business,metric,5079,user5079,regular,no attack,false positive
business,log,5079,user5079,regular,no attack,false positive
business,trace,5079,user5079,regular,no attack,false positive
business,metric,5564,user5564,malicious,attack 1,false positive
business,log,5564,user5564,malicious,attack 1,true positive
business,trace,5564,user5564,malicious,attack 1,false positive
infrastructure,metric,4606,user4606,malicious,attack 2,false positive
infrastructure,log,4606,user4606,malicious,attack 2,false positive
infrastructure,trace,4606,user4606,malicious,attack 2,true positive
infrastructure,metric,6494,user6494,regular,no attack,false positive
infrastructure,log,6494,user6494,regular,no attack,false positive
infrastructure,trace,6494,user6494,regular,no attack,false positive
business,metric,3107,user3107,malicious,attack 1,false positive
business,log,3107,user3107,malicious,attack 1,true positive
business,trace,3107,user3107,malicious,attack 1,false positive
infrastructure,metric,2733,user2733,malicious,attack 1,false positive
infrastructure,log,2733,user2733,malicious,attack 1,true positive
infrastructure,trace,2733,user2733,malicious,attack 1,false positive
business,metric,4204,user4204,malicious,attack 2,false positive
business,log,4204,user4204,malicious,attack 2,false positive
business,trace,4204,user4204,malicious,attack 2,true positive
infrastructure,metric,7516,user7516,malicious,attack 2,false positive
infrastructure,log,7516,user7516,malicious,attack 2,false positive
infrastructure,trace,7516,user7516,malicious,attack 2,true positive
infrastructure,metric,6499,user6499,regular,no attack,false positive
infrastructure,log,6499,user6499,regular,no attack,false positive
infrastructure,trace,6499,user6499,regular,no attack,false positive
business,metric,50,user50,regular,no attack,false positive
business,log,50,user50,regular,no attack,false positive
business,trace,50,user50,regular,no attack,false positive
business,metric,5964,user5964,malicious,attack 1,false positive
business,log,5964,user5964,malicious,attack 1,true positive
business,trace,5964,user5964,malicious,attack 1,false positive
infrastructure,metric,547,user547,regular,no attack,false positive
infrastructure,log,547,user547,regular,no attack,false positive
infrastructure,trace,547,user547,regular,no attack,false positive
business,metric,3221,user3221,malicious,attack 1,false positive
business,log,3221,user3221,malicious,attack 1,true positive
business,trace,3221,user3221,malicious,attack 1,false positive
infrastructure,metric,8505,user8505,regular,no attack,false positive
infrastructure,log,8505,user8505,regular,no attack,false positive
infrastructure,trace,8505,user8505,regular,no attack,false positive
infrastructure,metric,2749,user2749,regular,no attack,false positive
infrastructure,log,2749,user2749,regular,no attack,false positive
infrastructure,trace,2749,user2749,regular,no attack,false positive
business,metric,1700,user1700,malicious,attack 1,false positive
business,log,1700,user1700,malicious,attack 1,true positive
business,trace,1700,user1700,malicious,attack 1,false positive
business,metric,9394,user9394,malicious,attack 2,false positive
business,log,9394,user9394,malicious,attack 2,false positive
business,trace,9394,user9394,malicious,attack 2,true positive
infrastructure,metric,1085,user1085,malicious,attack 1,false positive
infrastructure,log,1085,user1085,malicious,attack 1,true positive
infrastructure,trace,1085,user1085,malicious,attack 1,false positive
infrastructure,metric,8980,user8980,regular,no attack,false positive
infrastructure,log,8980,user8980,regular,no attack,false positive
infrastructure,trace,8980,user8980,regular,no attack,false positive
infrastructure,metric,7304,user7304,regular,no attack,false positive
infrastructure,log,7304,user7304,regular,no attack,false positive
infrastructure,trace,7304,user7304,regular,no attack,false positive
business,metric,552,user552,malicious,attack 2,false positive
business,log,552,user552,malicious,attack 2,false positive
business,trace,552,user552,malicious,attack 2,true positive
business,metric,993,user993,malicious,attack 1,false positive
business,log,993,user993,malicious,attack 1,true positive
business,trace,993,user993,malicious,attack 1,false positive
infrastructure,metric,4825,user4825,malicious,attack 1,false positive
infrastructure,log,4825,user4825,malicious,attack 1,true positive
infrastructure,trace,4825,user4825,malicious,attack 1,false positive
infrastructure,metric,5224,user5224,regular,no attack,false positive
infrastructure,log,5224,user5224,regular,no attack,false positive
infrastructure,trace,5224,user5224,regular,no attack,false positive
business,metric,485,user485,malicious,attack 1,false positive
business,log,485,user485,malicious,attack 1,true positive
business,trace,485,user485,malicious,attack 1,false positive
business,metric,1131,user1131,malicious,attack 1,false positive
business,log,1131,user1131,malicious,attack 1,true positive
business,trace,1131,user1131,malicious,attack 1,false positive
infrastructure,metric,2642,user2642,malicious,attack 2,false positive
infrastructure,log,2642,user2642,malicious,attack 2,false positive
infrastructure,trace,2642,user2642,malicious,attack 2,true positive
business,metric,1838,user1838,malicious,attack 2,false positive
business,log,1838,user1838,malicious,attack 2,false positive
business,trace,1838,user1838,malicious,attack 2,true positive
business,metric,2631,user2631,malicious,attack 1,false positive
business,log,2631,user2631,malicious,attack 1,true positive
business,trace,2631,user2631,malicious,attack 1,false positive
business,metric,6507,user6507,malicious,attack 1,false positive
business,log,6507,user6507,malicious,attack 1,true positive
business,trace,6507,user6507,malicious,attack 1,false positive
infrastructure,metric,9565,user9565,malicious,attack 2,false positive
infrastructure,log,9565,user9565,malicious,attack 2,false positive
infrastructure,trace,9565,user9565,malicious,attack 2,true positive
infrastructure,metric,6623,user6623,regular,no attack,false positive
infrastructure,log,6623,user6623,regular,no attack,false positive
infrastructure,trace,6623,user6623,regular,no attack,false positive
business,metric,7309,user7309,malicious,attack 1,false positive
business,log,7309,user7309,malicious,attack 1,true positive
business,trace,7309,user7309,malicious,attack 1,false positive
infrastructure,metric,706,user706,malicious,attack 1,false positive
infrastructure,log,706,user706,malicious,attack 1,true positive
infrastructure,trace,706,user706,malicious,attack 1,false positive
business,metric,2047,user2047,malicious,attack 2,false positive
business,log,2047,user2047,malicious,attack 2,false positive
business,trace,2047,user2047,malicious,attack 2,true positive
business,metric,158,user158,malicious,attack 1,false positive
business,log,158,user158,malicious,attack 1,true positive
business,trace,158,user158,malicious,attack 1,false positive
infrastructure,metric,8496,user8496,regular,no attack,false positive
infrastructure,log,8496,user8496,regular,no attack,false positive
infrastructure,trace,8496,user8496,regular,no attack,false positive
infrastructure,metric,6498,user6498,malicious,attack 1,false positive
infrastructure,log,6498,user6498,malicious,attack 1,true positive
infrastructure,trace,6498,user6498,malicious,attack 1,false positive
infrastructure,metric,6180,user6180,malicious,attack 2,false positive
infrastructure,log,6180,user6180,malicious,attack 2,false positive
infrastructure,trace,6180,user6180,malicious,attack 2,true positive
business,metric,4813,user4813,regular,no attack,false positive
business,log,4813,user4813,regular,no attack,false positive
business,trace,4813,user4813,regular,no attack,false positive
business,metric,318,user318,malicious,attack 2,false positive
business,log,318,user318,malicious,attack 2,false positive
business,trace,318,user318,malicious,attack 2,true positive
business,metric,3036,user3036,regular,no attack,false positive
business,log,3036,user3036,regular,no attack,false positive
business,trace,3036,user3036,regular,no attack,false positive
infrastructure,metric,6941,user6941,malicious,attack 1,false positive
infrastructure,log,6941,user6941,malicious,attack 1,true positive
infrastructure,trace,6941,user6941,malicious,attack 1,false positive
infrastructure,metric,4511,user4511,regular,no attack,false positive
infrastructure,log,4511,user4511,regular,no attack,false positive
infrastructure,trace,4511,user4511,regular,no attack,false positive
infrastructure,metric,1741,user1741,malicious,attack 2,false positive
infrastructure,log,1741,user1741,malicious,attack 2,false positive
infrastructure,trace,1741,user1741,malicious,attack 2,true positive
infrastructure,metric,7713,user7713,regular,no attack,false positive
infrastructure,log,7713,user7713,regular,no attack,false positive
infrastructure,trace,7713,user7713,regular,no attack,false positive
infrastructure,metric,1005,user1005,malicious,attack 2,false positive
infrastructure,log,1005,user1005,malicious,attack 2,false positive
infrastructure,trace,1005,user1005,malicious,attack 2,true positive
infrastructure,metric,5980,user5980,regular,no attack,false positive
infrastructure,log,5980,user5980,regular,no attack,false positive
infrastructure,trace,5980,user5980,regular,no attack,false positive
business,metric,5409,user5409,malicious,attack 1,false positive
business,log,5409,user5409,malicious,attack 1,true positive
business,trace,5409,user5409,malicious,attack 1,false positive
business,metric,6687,user6687,regular,no attack,false positive
business,log,6687,user6687,regular,no attack,false positive
business,trace,6687,user6687,regular,no attack,false positive
infrastructure,metric,5642,user5642,malicious,attack 1,false positive
infrastructure,log,5642,user5642,malicious,attack 1,true positive
infrastructure,trace,5642,user5642,malicious,attack 1,false positive
business,metric,786,user786,regular,no attack,false positive
business,log,786,user786,regular,no attack,false positive
business,trace,786,user786,regular,no attack,false positive
business,metric,5570,user5570,regular,no attack,false positive
business,log,5570,user5570,regular,no attack,false positive
business,trace,5570,user5570,regular,no attack,false positive
business,metric,9997,user9997,regular,no attack,false positive
business,log,9997,user9997,regular,no attack,false positive
business,trace,9997,user9997,regular,no attack,false positive
infrastructure,metric,5771,user5771,malicious,attack 2,false positive
infrastructure,log,5771,user5771,malicious,attack 2,false positive
infrastructure,trace,5771,user5771,malicious,attack 2,true positive
business,metric,987,user987,malicious,attack 2,false positive
business,log,987,user987,malicious,attack 2,false positive
business,trace,987,user987,malicious,attack 2,true positive
business,metric,2888,user2888,malicious,attack 2,false positive
business,log,2888,user2888,malicious,attack 2,false positive
business,trace,2888,user2888,malicious,attack 2,true positive
infrastructure,metric,2623,user2623,malicious,attack 1,false positive
infrastructure,log,2623,user2623,malicious,attack 1,true positive
infrastructure,trace,2623,user2623,malicious,attack 1,false positive
infrastructure,metric,3168,user3168,regular,no attack,false positive
infrastructure,log,3168,user3168,regular,no attack,false positive
infrastructure,trace,3168,user3168,regular,no attack,false positive
infrastructure,metric,687,user687,malicious,attack 1,false positive
infrastructure,log,687,user687,malicious,attack 1,true positive
infrastructure,trace,687,user687,malicious,attack 1,false positive
business,metric,9315,user9315,malicious,attack 1,false positive
business,log,9315,user9315,malicious,attack 1,true positive
business,trace,9315,user9315,malicious,attack 1,false positive
business,metric,4641,user4641,regular,no attack,false positive
business,log,4641,user4641,regular,no attack,false positive
business,trace,4641,user4641,regular,no attack,false positive
business,metric,4851,user4851,malicious,attack 1,false positive
business,log,4851,user4851,malicious,attack 1,true positive
business,trace,4851,user4851,malicious,attack 1,false positive
infrastructure,metric,4637,user4637,malicious,attack 2,false positive
infrastructure,log,4637,user4637,malicious,attack 2,false positive
infrastructure,trace,4637,user4637,malicious,attack 2,true positive
business,metric,2534,user2534,malicious,attack 1,false positive
business,log,2534,user2534,malicious,attack 1,true positive
business,trace,2534,user2534,malicious,attack 1,false positive
infrastructure,metric,7454,user7454,malicious,attack 1,false positive
infrastructure,log,7454,user7454,malicious,attack 1,true positive
infrastructure,trace,7454,user7454,malicious,attack 1,false positive
business,metric,9175,user9175,malicious,attack 1,false positive
business,log,9175,user9175,malicious,attack 1,true positive
business,trace,9175,user9175,malicious,attack 1,false positive
infrastructure,metric,6995,user6995,malicious,attack 2,false positive
infrastructure,log,6995,user6995,malicious,attack 2,false positive
infrastructure,trace,6995,user6995,malicious,attack 2,true positive
business,metric,8720,user8720,malicious,attack 2,false positive
business,log,8720,user8720,malicious,attack 2,false positive
business,trace,8720,user8720,malicious,attack 2,true positive
infrastructure,metric,6672,user6672,malicious,attack 1,false positive
infrastructure,log,6672,user6672,malicious,attack 1,true positive
infrastructure,trace,6672,user6672,malicious,attack 1,false positive
infrastructure,metric,538,user538,malicious,attack 1,false positive
infrastructure,log,538,user538,malicious,attack 1,true positive
infrastructure,trace,538,user538,malicious,attack 1,false positive
infrastructure,metric,8063,user8063,malicious,attack 1,false positive
infrastructure,log,8063,user8063,malicious,attack 1,true positive
infrastructure,trace,8063,user8063,malicious,attack 1,false positive
infrastructure,metric,696,user696,malicious,attack 2,false positive
infrastructure,log,696,user696,malicious,attack 2,false positive
infrastructure,trace,696,user696,malicious,attack 2,true positive
infrastructure,metric,9096,user9096,malicious,attack 1,false positive
infrastructure,log,9096,user9096,malicious,attack 1,true positive
infrastructure,trace,9096,user9096,malicious,attack 1,false positive
business,metric,3161,user3161,regular,no attack,false positive
business,log,3161,user3161,regular,no attack,false positive
business,trace,3161,user3161,regular,no attack,false positive
business,metric,9841,user9841,malicious,attack 1,false positive
business,log,9841,user9841,malicious,attack 1,true positive
business,trace,9841,user9841,malicious,attack 1,false positive
business,metric,7200,user7200,malicious,attack 2,false positive
business,log,7200,user7200,malicious,attack 2,false positive
business,trace,7200,user7200,malicious,attack 2,true positive
business,metric,557,user557,regular,no attack,false positive
business,log,557,user557,regular,no attack,false positive
business,trace,557,user557,regular,no attack,false positive
business,metric,7237,user7237,malicious,attack 1,false positive
business,log,7237,user7237,malicious,attack 1,true positive
business,trace,7237,user7237,malicious,attack 1,false positive
infrastructure,metric,9696,user9696,malicious,attack 2,false positive
infrastructure,log,9696,user9696,malicious,attack 2,false positive
infrastructure,trace,9696,user9696,malicious,attack 2,true positive
infrastructure,metric,1130,user1130,malicious,attack 2,false positive
infrastructure,log,1130,user1130,malicious,attack 2,false positive
infrastructure,trace,1130,user1130,malicious,attack 2,true positive
business,metric,8241,user8241,regular,no attack,false positive
business,log,8241,user8241,regular,no attack,false positive
business,trace,8241,user8241,regular,no attack,false positive
infrastructure,metric,8903,user8903,malicious,attack 2,false positive
infrastructure,log,8903,user8903,malicious,attack 2,false positive
infrastructure,trace,8903,user8903,malicious,attack 2,true positive
business,metric,5994,user5994,regular,no attack,false positive
business,log,5994,user5994,regular,no attack,false positive
business,trace,5994,user5994,regular,no attack,false positive
infrastructure,metric,875,user875,malicious,attack 1,false positive
infrastructure,log,875,user875,malicious,attack 1,true positive
infrastructure,trace,875,user875,malicious,attack 1,false positive
infrastructure,metric,4045,user4045,malicious,attack 2,false positive
infrastructure,log,4045,user4045,malicious,attack 2,false positive
infrastructure,trace,4045,user4045,malicious,attack 2,true positive
infrastructure,metric,350,user350,regular,no attack,false positive
infrastructure,log,350,user350,regular,no attack,false positive
infrastructure,trace,350,user350,regular,no attack,false positive
infrastructure,metric,2290,user2290,regular,no attack,false positive
infrastructure,log,2290,user2290,regular,no attack,false positive
infrastructure,trace,2290,user2290,regular,no attack,false positive
infrastructure,metric,905,user905,malicious,attack 2,false positive
infrastructure,log,905,user905,malicious,attack 2,false positive
infrastructure,trace,905,user905,malicious,attack 2,true positive
infrastructure,metric,368,user368,malicious,attack 2,false positive
infrastructure,log,368,user368,malicious,attack 2,false positive
infrastructure,trace,368,user368,malicious,attack 2,true positive
infrastructure,metric,4221,user4221,malicious,attack 1,false positive
infrastructure,log,4221,user4221,malicious,attack 1,true positive
infrastructure,trace,4221,user4221,malicious,attack 1,false positive
infrastructure,metric,9703,user9703,malicious,attack 2,false positive
infrastructure,log,9703,user9703,malicious,attack 2,false positive
infrastructure,trace,9703,user9703,malicious,attack 2,true positive
infrastructure,metric,6411,user6411,malicious,attack 2,false positive
infrastructure,log,6411,user6411,malicious,attack 2,false positive
infrastructure,trace,6411,user6411,malicious,attack 2,true positive
infrastructure,metric,1177,user1177,regular,no attack,false positive
infrastructure,log,1177,user1177,regular,no attack,false positive
infrastructure,trace,1177,user1177,regular,no attack,false positive
infrastructure,metric,2603,user2603,malicious,attack 2,false positive
infrastructure,log,2603,user2603,malicious,attack 2,false positive
infrastructure,trace,2603,user2603,malicious,attack 2,true positive
business,metric,1966,user1966,regular,no attack,false positive
business,log,1966,user1966,regular,no attack,false positive
business,trace,1966,user1966,regular,no attack,false positive
business,metric,2631,user2631,malicious,attack 2,false positive
business,log,2631,user2631,malicious,attack 2,false positive
business,trace,2631,user2631,malicious,attack 2,true positive
infrastructure,metric,8976,user8976,malicious,attack 2,false positive
infrastructure,log,8976,user8976,malicious,attack 2,false positive
infrastructure,trace,8976,user8976,malicious,attack 2,true positive
infrastructure,metric,7379,user7379,regular,no attack,false positive
infrastructure,log,7379,user7379,regular,no attack,false positive
infrastructure,trace,7379,user7379,regular,no attack,false positive
business,metric,7726,user7726,malicious,attack 2,false positive
business,log,7726,user7726,malicious,attack 2,false positive
business,trace,7726,user7726,malicious,attack 2,true positive
infrastructure,metric,7871,user7871,regular,no attack,false positive
infrastructure,log,7871,user7871,regular,no attack,false positive
infrastructure,trace,7871,user7871,regular,no attack,false positive
infrastructure,metric,7286,user7286,malicious,attack 2,false positive
infrastructure,log,7286,user7286,malicious,attack 2,false positive
infrastructure,trace,7286,user7286,malicious,attack 2,true positive
business,metric,5920,user5920,regular,no attack,false positive
business,log,5920,user5920,regular,no attack,false positive
business,trace,5920,user5920,regular,no attack,false positive
infrastructure,metric,5156,user5156,malicious,attack 1,false positive
infrastructure,log,5156,user5156,malicious,attack 1,true positive
infrastructure,trace,5156,user5156,malicious,attack 1,false positive
infrastructure,metric,2189,user2189,malicious,attack 1,false positive
infrastructure,log,2189,user2189,malicious,attack 1,true positive
infrastructure,trace,2189,user2189,malicious,attack 1,false positive
business,metric,1323,user1323,regular,no attack,false positive
business,log,1323,user1323,regular,no attack,false positive
business,trace,1323,user1323,regular,no attack,false positive
business,metric,409,user409,regular,no attack,false positive
business,log,409,user409,regular,no attack,false positive
business,trace,409,user409,regular,no attack,false positive
infrastructure,metric,9834,user9834,malicious,attack 1,false positive
infrastructure,log,9834,user9834,malicious,attack 1,true positive
infrastructure,trace,9834,user9834,malicious,attack 1,false positive
business,metric,7472,user7472,malicious,attack 1,false positive
business,log,7472,user7472,malicious,attack 1,true positive
business,trace,7472,user7472,malicious,attack 1,false positive
infrastructure,metric,4727,user4727,malicious,attack 1,false positive
infrastructure,log,4727,user4727,malicious,attack 1,true positive
infrastructure,trace,4727,user4727,malicious,attack 1,false positive
infrastructure,metric,4943,user4943,malicious,attack 1,false positive
infrastructure,log,4943,user4943,malicious,attack 1,true positive
infrastructure,trace,4943,user4943,malicious,attack 1,false positive
business,metric,6086,user6086,regular,no attack,false positive
business,log,6086,user6086,regular,no attack,false positive
business,trace,6086,user6086,regular,no attack,false positive
infrastructure,metric,3627,user3627,malicious,attack 1,false positive
infrastructure,log,3627,user3627,malicious,attack 1,true positive
infrastructure,trace,3627,user3627,malicious,attack 1,false positive
business,metric,2925,user2925,malicious,attack 2,false positive
business,log,2925,user2925,malicious,attack 2,false positive
business,trace,2925,user2925,malicious,attack 2,true positive
infrastructure,metric,2692,user2692,regular,no attack,false positive
infrastructure,log,2692,user2692,regular,no attack,false positive
infrastructure,trace,2692,user2692,regular,no attack,false positive
business,metric,9308,user9308,regular,no attack,false positive
business,log,9308,user9308,regular,no attack,false positive
business,trace,9308,user9308,regular,no attack,false positive
infrastructure,metric,5014,user5014,regular,no attack,false positive
infrastructure,log,5014,user5014,regular,no attack,false positive
infrastructure,trace,5014,user5014,regular,no attack,false positive
business,metric,6114,user6114,regular,no attack,false positive
business,log,6114,user6114,regular,no attack,false positive
business,trace,6114,user6114,regular,no attack,false positive
business,metric,1476,user1476,malicious,attack 1,false positive
business,log,1476,user1476,malicious,attack 1,true positive
business,trace,1476,user1476,malicious,attack 1,false positive
infrastructure,metric,9236,user9236,malicious,attack 2,false positive
infrastructure,log,9236,user9236,malicious,attack 2,false positive
infrastructure,trace,9236,user9236,malicious,attack 2,true positive
business,metric,1916,user1916,malicious,attack 2,false positive
business,log,1916,user1916,malicious,attack 2,false positive
business,trace,1916,user1916,malicious,attack 2,true positive
business,metric,812,user812,malicious,attack 2,false positive
business,log,812,user812,malicious,attack 2,false positive
business,trace,812,user812,malicious,attack 2,true positive
infrastructure,metric,9097,user9097,malicious,attack 2,false positive
infrastructure,log,9097,user9097,malicious,attack 2,false positive
infrastructure,trace,9097,user9097,malicious,attack 2,true positive
infrastructure,metric,9117,user9117,malicious,attack 1,false positive
infrastructure,log,9117,user9117,malicious,attack 1,true positive
infrastructure,trace,9117,user9117,malicious,attack 1,false positive
infrastructure,metric,5782,user5782,malicious,attack 1,false positive
infrastructure,log,5782,user5782,malicious,attack 1,true positive
infrastructure,trace,5782,user5782,malicious,attack 1,false positive
infrastructure,metric,638,user638,malicious,attack 1,false positive
infrastructure,log,638,user638,malicious,attack 1,true positive
infrastructure,trace,638,user638,malicious,attack 1,false positive
business,metric,2399,user2399,malicious,attack 1,false positive
business,log,2399,user2399,malicious,attack 1,true positive
business,trace,2399,user2399,malicious,attack 1,false positive
infrastructure,metric,3311,user3311,malicious,attack 1,false positive
infrastructure,log,3311,user3311,malicious,attack 1,true positive
infrastructure,trace,3311,user3311,malicious,attack 1,false positive
infrastructure,metric,179,user179,malicious,attack 2,false positive
infrastructure,log,179,user179,malicious,attack 2,false positive
infrastructure,trace,179,user179,malicious,attack 2,true positive
infrastructure,metric,6107,user6107,malicious,attack 2,false positive
infrastructure,log,6107,user6107,malicious,attack 2,false positive
infrastructure,trace,6107,user6107,malicious,attack 2,true positive
infrastructure,metric,1359,user1359,malicious,attack 2,false positive
infrastructure,log,1359,user1359,malicious,attack 2,false positive
infrastructure,trace,1359,user1359,malicious,attack 2,true positive
infrastructure,metric,3846,user3846,malicious,attack 2,false positive
infrastructure,log,3846,user3846,malicious,attack 2,false positive
infrastructure,trace,3846,user3846,malicious,attack 2,true positive
business,metric,3416,user3416,malicious,attack 1,false positive
business,log,3416,user3416,malicious,attack 1,true positive
business,trace,3416,user3416,malicious,attack 1,false positive
business,metric,4068,user4068,malicious,attack 2,false positive
business,log,4068,user4068,malicious,attack 2,false positive
business,trace,4068,user4068,malicious,attack 2,true positive
business,metric,5361,user5361,malicious,attack 1,false positive
business,log,5361,user5361,malicious,attack 1,true positive
business,trace,5361,user5361,malicious,attack 1,false positive
infrastructure,metric,1767,user1767,regular,no attack,false positive
infrastructure,log,1767,user1767,regular,no attack,false positive
infrastructure,trace,1767,user1767,regular,no attack,false positive
infrastructure,metric,7386,user7386,malicious,attack 1,false positive
infrastructure,log,7386,user7386,malicious,attack 1,true positive
infrastructure,trace,7386,user7386,malicious,attack 1,false positive
business,metric,1468,user1468,malicious,attack 2,false positive
business,log,1468,user1468,malicious,attack 2,false positive
business,trace,1468,user1468,malicious,attack 2,true positive
infrastructure,metric,7739,user7739,malicious,attack 2,false positive
infrastructure,log,7739,user7739,malicious,attack 2,false positive
infrastructure,trace,7739,user7739,malicious,attack 2,true positive
business,metric,1237,user1237,malicious,attack 2,false positive
business,log,1237,user1237,malicious,attack 2,false positive
business,trace,1237,user1237,malicious,attack 2,true positive
infrastructure,metric,5324,user5324,regular,no attack,false positive
infrastructure,log,5324,user5324,regular,no attack,false positive
infrastructure,trace,5324,user5324,regular,no attack,false positive
business,metric,3444,user3444,regular,no attack,false positive
business,log,3444,user3444,regular,no attack,false positive
business,trace,3444,user3444,regular,no attack,false positive
infrastructure,metric,9007,user9007,malicious,attack 2,false positive
infrastructure,log,9007,user9007,malicious,attack 2,false positive
infrastructure,trace,9007,user9007,malicious,attack 2,true positive
infrastructure,metric,5977,user5977,malicious,attack 2,false positive
infrastructure,log,5977,user5977,malicious,attack 2,false positive
infrastructure,trace,5977,user5977,malicious,attack 2,true positive
business,metric,2523,user2523,regular,no attack,false positive
business,log,2523,user2523,regular,no attack,false positive
business,trace,2523,user2523,regular,no attack,false positive
business,metric,9193,user9193,regular,no attack,false positive
business,log,9193,user9193,regular,no attack,false positive
business,trace,9193,user9193,regular,no attack,false positive
business,metric,3852,user3852,malicious,attack 1,false positive
business,log,3852,user3852,malicious,attack 1,true positive
business,trace,3852,user3852,malicious,attack 1,false positive
infrastructure,metric,5691,user5691,malicious,attack 2,false positive
infrastructure,log,5691,user5691,malicious,attack 2,false positive
infrastructure,trace,5691,user5691,malicious,attack 2,true positive
infrastructure,metric,7011,user7011,malicious,attack 1,false positive
infrastructure,log,7011,user7011,malicious,attack 1,true positive
infrastructure,trace,7011,user7011,malicious,attack 1,false positive
infrastructure,metric,3523,user3523,malicious,attack 1,false positive
infrastructure,log,3523,user3523,malicious,attack 1,true positive
infrastructure,trace,3523,user3523,malicious,attack 1,false positive
infrastructure,metric,7141,user7141,malicious,attack 2,false positive
infrastructure,log,7141,user7141,malicious,attack 2,false positive
infrastructure,trace,7141,user7141,malicious,attack 2,true positive
business,metric,6813,user6813,regular,no attack,false positive
business,log,6813,user6813,regular,no attack,false positive
business,trace,6813,user6813,regular,no attack,false positive
business,metric,8643,user8643,regular,no attack,false positive
business,log,8643,user8643,regular,no attack,false positive
business,trace,8643,user8643,regular,no attack,false positive
business,metric,7442,user7442,malicious,attack 1,false positive
business,log,7442,user7442,malicious,attack 1,true positive
business,trace,7442,user7442,malicious,attack 1,false positive
business,metric,4676,user4676,malicious,attack 2,false positive
business,log,4676,user4676,malicious,attack 2,false positive
business,trace,4676,user4676,malicious,attack 2,true positive
business,metric,7843,user7843,malicious,attack 1,false positive
business,log,7843,user7843,malicious,attack 1,true positive
business,trace,7843,user7843,malicious,attack 1,false positive
business,metric,4942,user4942,regular,no attack,false positive
business,log,4942,user4942,regular,no attack,false positive
business,trace,4942,user4942,regular,no attack,false positive
business,metric,8692,user8692,regular,no attack,false positive
business,log,8692,user8692,regular,no attack,false positive
business,trace,8692,user8692,regular,no attack,false positive
business,metric,141,user141,regular,no attack,false positive
business,log,141,user141,regular,no attack,false positive
business,trace,141,user141,regular,no attack,false positive
business,metric,6761,user6761,regular,no attack,false positive
business,log,6761,user6761,regular,no attack,false positive
business,trace,6761,user6761,regular,no attack,false positive
business,metric,309,user309,regular,no attack,false positive
business,log,309,user309,regular,no attack,false positive
business,trace,309,user309,regular,no attack,false positive
business,metric,671,user671,regular,no attack,false positive
business,log,671,user671,regular,no attack,false positive
business,trace,671,user671,regular,no attack,false positive
infrastructure,metric,5497,user5497,malicious,attack 1,false positive
infrastructure,log,5497,user5497,malicious,attack 1,true positive
infrastructure,trace,5497,user5497,malicious,attack 1,false positive
infrastructure,metric,3430,user3430,malicious,attack 2,false positive
infrastructure,log,3430,user3430,malicious,attack 2,false positive
infrastructure,trace,3430,user3430,malicious,attack 2,true positive
infrastructure,metric,1055,user1055,malicious,attack 1,false positive
infrastructure,log,1055,user1055,malicious,attack 1,true positive
infrastructure,trace,1055,user1055,malicious,attack 1,false positive
business,metric,5613,user5613,malicious,attack 1,false positive
business,log,5613,user5613,malicious,attack 1,true positive
business,trace,5613,user5613,malicious,attack 1,false positive
business,metric,6598,user6598,malicious,attack 1,false positive
business,log,6598,user6598,malicious,attack 1,true positive
business,trace,6598,user6598,malicious,attack 1,false positive
infrastructure,metric,4075,user4075,malicious,attack 1,false positive
infrastructure,log,4075,user4075,malicious,attack 1,true positive
infrastructure,trace,4075,user4075,malicious,attack 1,false positive
business,metric,9456,user9456,malicious,attack 2,false positive
business,log,9456,user9456,malicious,attack 2,false positive
business,trace,9456,user9456,malicious,attack 2,true positive
business,metric,4084,user4084,malicious,attack 2,false positive
business,log,4084,user4084,malicious,attack 2,false positive
business,trace,4084,user4084,malicious,attack 2,true positive
business,metric,6943,user6943,malicious,attack 2,false positive
business,log,6943,user6943,malicious,attack 2,false positive
business,trace,6943,user6943,malicious,attack 2,true positive
infrastructure,metric,6219,user6219,malicious,attack 1,false positive
infrastructure,log,6219,user6219,malicious,attack 1,true positive
infrastructure,trace,6219,user6219,malicious,attack 1,false positive
infrastructure,metric,2566,user2566,malicious,attack 2,false positive
infrastructure,log,2566,user2566,malicious,attack 2,false positive
infrastructure,trace,2566,user2566,malicious,attack 2,true positive
infrastructure,metric,3715,user3715,malicious,attack 1,false positive
infrastructure,log,3715,user3715,malicious,attack 1,true positive
infrastructure,trace,3715,user3715,malicious,attack 1,false positive
infrastructure,metric,8370,user8370,regular,no attack,false positive
infrastructure,log,8370,user8370,regular,no attack,false positive
infrastructure,trace,8370,user8370,regular,no attack,false positive
infrastructure,metric,3747,user3747,regular,no attack,false positive
infrastructure,log,3747,user3747,regular,no attack,false positive
infrastructure,trace,3747,user3747,regular,no attack,false positive
business,metric,8353,user8353,malicious,attack 1,false positive
business,log,8353,user8353,malicious,attack 1,true positive
business,trace,8353,user8353,malicious,attack 1,false positive
business,metric,9217,user9217,malicious,attack 2,false positive
business,log,9217,user9217,malicious,attack 2,false positive
business,trace,9217,user9217,malicious,attack 2,true positive
infrastructure,metric,1512,user1512,regular,no attack,false positive
infrastructure,log,1512,user1512,regular,no attack,false positive
infrastructure,trace,1512,user1512,regular,no attack,false positive
infrastructure,metric,5367,user5367,regular,no attack,false positive
infrastructure,log,5367,user5367,regular,no attack,false positive
infrastructure,trace,5367,user5367,regular,no attack,false positive
business,metric,7347,user7347,regular,no attack,false positive
business,log,7347,user7347,regular,no attack,false positive
business,trace,7347,user7347,regular,no attack,false positive
infrastructure,metric,2748,user2748,malicious,attack 2,false positive
infrastructure,log,2748,user2748,malicious,attack 2,false positive
infrastructure,trace,2748,user2748,malicious,attack 2,true positive
business,metric,8135,user8135,regular,no attack,false positive
business,log,8135,user8135,regular,no attack,false positive
business,trace,8135,user8135,regular,no attack,false positive
infrastructure,metric,9941,user9941,regular,no attack,false positive
infrastructure,log,9941,user9941,regular,no attack,false positive
infrastructure,trace,9941,user9941,regular,no attack,false positive
business,metric,8195,user8195,malicious,attack 2,false positive
business,log,8195,user8195,malicious,attack 2,false positive
business,trace,8195,user8195,malicious,attack 2,true positive
infrastructure,metric,1160,user1160,malicious,attack 2,false positive
infrastructure,log,1160,user1160,malicious,attack 2,false positive
infrastructure,trace,1160,user1160,malicious,attack 2,true positive
infrastructure,metric,4621,user4621,malicious,attack 1,false positive
infrastructure,log,4621,user4621,malicious,attack 1,true positive
infrastructure,trace,4621,user4621,malicious,attack 1,false positive
business,metric,1646,user1646,malicious,attack 2,false positive
business,log,1646,user1646,malicious,attack 2,false positive
business,trace,1646,user1646,malicious,attack 2,true positive
business,metric,8377,user8377,malicious,attack 2,false positive
business,log,8377,user8377,malicious,attack 2,false positive
business,trace,8377,user8377,malicious,attack 2,true positive
business,metric,571,user571,malicious,attack 2,false positive
business,log,571,user571,malicious,attack 2,false positive
business,trace,571,user571,malicious,attack 2,true positive
infrastructure,metric,940,user940,malicious,attack 2,false positive
infrastructure,log,940,user940,malicious,attack 2,false positive
infrastructure,trace,940,user940,malicious,attack 2,true positive
infrastructure,metric,3797,user3797,regular,no attack,false positive
infrastructure,log,3797,user3797,regular,no attack,false positive
infrastructure,trace,3797,user3797,regular,no attack,false positive
business,metric,7229,user7229,regular,no attack,false positive
business,log,7229,user7229,regular,no attack,false positive
business,trace,7229,user7229,regular,no attack,false positive
business,metric,6764,user6764,malicious,attack 1,false positive
business,log,6764,user6764,malicious,attack 1,true positive
business,trace,6764,user6764,malicious,attack 1,false positive
business,metric,9166,user9166,malicious,attack 1,false positive
business,log,9166,user9166,malicious,attack 1,true positive
business,trace,9166,user9166,malicious,attack 1,false positive
infrastructure,metric,3626,user3626,regular,no attack,false positive
infrastructure,log,3626,user3626,regular,no attack,false positive
infrastructure,trace,3626,user3626,regular,no attack,false positive
infrastructure,metric,2523,user2523,regular,no attack,false positive
infrastructure,log,2523,user2523,regular,no attack,false positive
infrastructure,trace,2523,user2523,regular,no attack,false positive
infrastructure,metric,7671,user7671,malicious,attack 2,false positive
infrastructure,log,7671,user7671,malicious,attack 2,false positive
infrastructure,trace,7671,user7671,malicious,attack 2,true positive
infrastructure,metric,6049,user6049,regular,no attack,false positive
infrastructure,log,6049,user6049,regular,no attack,false positive
infrastructure,trace,6049,user6049,regular,no attack,false positive
infrastructure,metric,3332,user3332,malicious,attack 1,false positive
infrastructure,log,3332,user3332,malicious,attack 1,true positive
infrastructure,trace,3332,user3332,malicious,attack 1,false positive
business,metric,3531,user3531,malicious,attack 2,false positive
business,log,3531,user3531,malicious,attack 2,false positive
business,trace,3531,user3531,malicious,attack 2,true positive
infrastructure,metric,63,user63,regular,no attack,false positive
infrastructure,log,63,user63,regular,no attack,false positive
infrastructure,trace,63,user63,regular,no attack,false positive
infrastructure,metric,198,user198,regular,no attack,false positive
infrastructure,log,198,user198,regular,no attack,false positive
infrastructure,trace,198,user198,regular,no attack,false positive
infrastructure,metric,6478,user6478,malicious,attack 1,false positive
infrastructure,log,6478,user6478,malicious,attack 1,true positive
infrastructure,trace,6478,user6478,malicious,attack 1,false positive
business,metric,7650,user7650,malicious,attack 1,false positive
business,log,7650,user7650,malicious,attack 1,true positive
business,trace,7650,user7650,malicious,attack 1,false positive
business,metric,3510,user3510,regular,no attack,false positive
business,log,3510,user3510,regular,no attack,false positive
business,trace,3510,user3510,regular,no attack,false positive
infrastructure,metric,3906,user3906,malicious,attack 2,false positive
infrastructure,log,3906,user3906,malicious,attack 2,false positive
infrastructure,trace,3906,user3906,malicious,attack 2,true positive
infrastructure,metric,8595,user8595,malicious,attack 1,false positive
infrastructure,log,8595,user8595,malicious,attack 1,true positive
infrastructure,trace,8595,user8595,malicious,attack 1,false positive
business,metric,3934,user3934,malicious,attack 1,false positive
business,log,3934,user3934,malicious,attack 1,true positive
business,trace,3934,user3934,malicious,attack 1,false positive
business,metric,545,user545,malicious,attack 1,false positive
business,log,545,user545,malicious,attack 1,true positive
business,trace,545,user545,malicious,attack 1,false positive
infrastructure,metric,2396,user2396,malicious,attack 1,false positive
infrastructure,log,2396,user2396,malicious,attack 1,true positive
infrastructure,trace,2396,user2396,malicious,attack 1,false positive
infrastructure,metric,5416,user5416,malicious,attack 2,false positive
infrastructure,log,5416,user5416,malicious,attack 2,false positive
infrastructure,trace,5416,user5416,malicious,attack 2,true positive
infrastructure,metric,8855,user8855,regular,no attack,false positive
infrastructure,log,8855,user8855,regular,no attack,false positive
infrastructure,trace,8855,user8855,regular,no attack,false positive
business,metric,552,user552,malicious,attack 2,false positive
business,log,552,user552,malicious,attack 2,false positive
business,trace,552,user552,malicious,attack 2,true positive
business,metric,921,user921,malicious,attack 1,false positive
business,log,921,user921,malicious,attack 1,true positive
business,trace,921,user921,malicious,attack 1,false positive
business,metric,3829,user3829,regular,no attack,false positive
business,log,3829,user3829,regular,no attack,false positive
business,trace,3829,user3829,regular,no attack,false positive
infrastructure,metric,9572,user9572,regular,no attack,false positive
infrastructure,log,9572,user9572,regular,no attack,false positive
infrastructure,trace,9572,user9572,regular,no attack,false positive
infrastructure,metric,431,user431,malicious,attack 1,false positive
infrastructure,log,431,user431,malicious,attack 1,true positive
infrastructure,trace,431,user431,malicious,attack 1,false positive
infrastructure,metric,7882,user7882,malicious,attack 1,false positive
infrastructure,log,7882,user7882,malicious,attack 1,true positive
infrastructure,trace,7882,user7882,malicious,attack 1,false positive
business,metric,219,user219,regular,no attack,false positive
business,log,219,user219,regular,no attack,false positive
business,trace,219,user219,regular,no attack,false positive
business,metric,5999,user5999,regular,no attack,false positive
business,log,5999,user5999,regular,no attack,false positive
business,trace,5999,user5999,regular,no attack,false positive
infrastructure,metric,7005,user7005,malicious,attack 1,false positive
infrastructure,log,7005,user7005,malicious,attack 1,true positive
infrastructure,trace,7005,user7005,malicious,attack 1,false positive
business,metric,1171,user1171,malicious,attack 1,false positive
business,log,1171,user1171,malicious,attack 1,true positive
business,trace,1171,user1171,malicious,attack 1,false positive
infrastructure,metric,3115,user3115,regular,no attack,false positive
infrastructure,log,3115,user3115,regular,no attack,false positive
infrastructure,trace,3115,user3115,regular,no attack,false positive
business,metric,6639,user6639,regular,no attack,false positive
business,log,6639,user6639,regular,no attack,false positive
business,trace,6639,user6639,regular,no attack,false positive
business,metric,8574,user8574,malicious,attack 2,false positive
business,log,8574,user8574,malicious,attack 2,false positive
business,trace,8574,user8574,malicious,attack 2,true positive
business,metric,7892,user7892,malicious,attack 1,false positive
business,log,7892,user7892,malicious,attack 1,true positive
business,trace,7892,user7892,malicious,attack 1,false positive
infrastructure,metric,1997,user1997,regular,no attack,false positive
infrastructure,log,1997,user1997,regular,no attack,false positive
infrastructure,trace,1997,user1997,regular,no attack,false positive
infrastructure,metric,1068,user1068,malicious,attack 2,false positive
infrastructure,log,1068,user1068,malicious,attack 2,false positive
infrastructure,trace,1068,user1068,malicious,attack 2,true positive
infrastructure,metric,8065,user8065,malicious,attack 1,false positive
infrastructure,log,8065,user8065,malicious,attack 1,true positive
infrastructure,trace,8065,user8065,malicious,attack 1,false positive
business,metric,898,user898,malicious,attack 1,false positive
business,log,898,user898,malicious,attack 1,true positive
business,trace,898,user898,malicious,attack 1,false positive
infrastructure,metric,2908,user2908,malicious,attack 2,false positive
infrastructure,log,2908,user2908,malicious,attack 2,false positive
infrastructure,trace,2908,user2908,malicious,attack 2,true positive
infrastructure,metric,4928,user4928,malicious,attack 1,false positive
infrastructure,log,4928,user4928,malicious,attack 1,true positive
infrastructure,trace,4928,user4928,malicious,attack 1,false positive
business,metric,4916,user4916,malicious,attack 1,false positive
business,log,4916,user4916,malicious,attack 1,true positive
business,trace,4916,user4916,malicious,attack 1,false positive
business,metric,8510,user8510,malicious,attack 1,false positive
business,log,8510,user8510,malicious,attack 1,true positive
business,trace,8510,user8510,malicious,attack 1,false positive
infrastructure,metric,7006,user7006,malicious,attack 1,false positive
infrastructure,log,7006,user7006,malicious,attack 1,true positive
infrastructure,trace,7006,user7006,malicious,attack 1,false positive
infrastructure,metric,529,user529,malicious,attack 2,false positive
infrastructure,log,529,user529,malicious,attack 2,false positive
infrastructure,trace,529,user529,malicious,attack 2,true positive
infrastructure,metric,4330,user4330,malicious,attack 2,false positive
infrastructure,log,4330,user4330,malicious,attack 2,false positive
infrastructure,trace,4330,user4330,malicious,attack 2,true positive
business,metric,4777,user4777,malicious,attack 2,false positive
business,log,4777,user4777,malicious,attack 2,false positive
business,trace,4777,user4777,malicious,attack 2,true positive
business,metric,9584,user9584,regular,no attack,false positive
business,log,9584,user9584,regular,no attack,false positive
business,trace,9584,user9584,regular,no attack,false positive
infrastructure,metric,2461,user2461,malicious,attack 1,false positive
infrastructure,log,2461,user2461,malicious,attack 1,true positive
infrastructure,trace,2461,user2461,malicious,attack 1,false positive
infrastructure,metric,4219,user4219,malicious,attack 1,false positive
infrastructure,log,4219,user4219,malicious,attack 1,true positive
infrastructure,trace,4219,user4219,malicious,attack 1,false positive
infrastructure,metric,4832,user4832,malicious,attack 1,false positive
infrastructure,log,4832,user4832,malicious,attack 1,true positive
infrastructure,trace,4832,user4832,malicious,attack 1,false positive
business,metric,7736,user7736,malicious,attack 1,false positive
business,log,7736,user7736,malicious,attack 1,true positive
business,trace,7736,user7736,malicious,attack 1,false positive
business,metric,9057,user9057,regular,no attack,false positive
business,log,9057,user9057,regular,no attack,false positive
business,trace,9057,user9057,regular,no attack,false positive
business,metric,4282,user4282,regular,no attack,false positive
business,log,4282,user4282,regular,no attack,false positive
business,trace,4282,user4282,regular,no attack,false positive
infrastructure,metric,2732,user2732,regular,no attack,false positive
infrastructure,log,2732,user2732,regular,no attack,false positive
infrastructure,trace,2732,user2732,regular,no attack,false positive
business,metric,1765,user1765,malicious,attack 1,false positive
business,log,1765,user1765,malicious,attack 1,true positive
business,trace,1765,user1765,malicious,attack 1,false positive
infrastructure,metric,5110,user5110,malicious,attack 2,false positive
infrastructure,log,5110,user5110,malicious,attack 2,false positive
infrastructure,trace,5110,user5110,malicious,attack 2,true positive
business,metric,7010,user7010,malicious,attack 2,false positive
business,log,7010,user7010,malicious,attack 2,false positive
business,trace,7010,user7010,malicious,attack 2,true positive
business,metric,4355,user4355,malicious,attack 1,false positive
business,log,4355,user4355,malicious,attack 1,true positive
business,trace,4355,user4355,malicious,attack 1,false positive
infrastructure,metric,5292,user5292,regular,no attack,false positive
infrastructure,log,5292,user5292,regular,no attack,false positive
infrastructure,trace,5292,user5292,regular,no attack,false positive
infrastructure,metric,7403,user7403,malicious,attack 1,false positive
infrastructure,log,7403,user7403,malicious,attack 1,true positive
infrastructure,trace,7403,user7403,malicious,attack 1,false positive
infrastructure,metric,4750,user4750,malicious,attack 2,false positive
infrastructure,log,4750,user4750,malicious,attack 2,false positive
infrastructure,trace,4750,user4750,malicious,attack 2,true positive
business,metric,4004,user4004,regular,no attack,false positive
business,log,4004,user4004,regular,no attack,false positive
business,trace,4004,user4004,regular,no attack,false positive
infrastructure,metric,2561,user2561,malicious,attack 2,false positive
infrastructure,log,2561,user2561,malicious,attack 2,false positive
infrastructure,trace,2561,user2561,malicious,attack 2,true positive
business,metric,5379,user5379,malicious,attack 1,false positive
business,log,5379,user5379,malicious,attack 1,true positive
business,trace,5379,user5379,malicious,attack 1,false positive
infrastructure,metric,5947,user5947,regular,no attack,false positive
infrastructure,log,5947,user5947,regular,no attack,false positive
infrastructure,trace,5947,user5947,regular,no attack,false positive
infrastructure,metric,3490,user3490,regular,no attack,false positive
infrastructure,log,3490,user3490,regular,no attack,false positive
infrastructure,trace,3490,user3490,regular,no attack,false positive
infrastructure,metric,5779,user5779,malicious,attack 2,false positive
infrastructure,log,5779,user5779,malicious,attack 2,false positive
infrastructure,trace,5779,user5779,malicious,attack 2,true positive
business,metric,142,user142,regular,no attack,false positive
business,log,142,user142,regular,no attack,false positive
business,trace,142,user142,regular,no attack,false positive
infrastructure,metric,5127,user5127,malicious,attack 1,false positive
infrastructure,log,5127,user5127,malicious,attack 1,true positive
infrastructure,trace,5127,user5127,malicious,attack 1,false positive
infrastructure,metric,4273,user4273,malicious,attack 2,false positive
infrastructure,log,4273,user4273,malicious,attack 2,false positive
infrastructure,trace,4273,user4273,malicious,attack 2,true positive
business,metric,8414,user8414,malicious,attack 1,false positive
business,log,8414,user8414,malicious,attack 1,true positive
business,trace,8414,user8414,malicious,attack 1,false positive
infrastructure,metric,9470,user9470,regular,no attack,false positive
infrastructure,log,9470,user9470,regular,no attack,false positive
infrastructure,trace,9470,user9470,regular,no attack,false positive
infrastructure,metric,4403,user4403,malicious,attack 1,false positive
infrastructure,log,4403,user4403,malicious,attack 1,true positive
infrastructure,trace,4403,user4403,malicious,attack 1,false positive
infrastructure,metric,5391,user5391,malicious,attack 1,false positive
infrastructure,log,5391,user5391,malicious,attack 1,true positive
infrastructure,trace,5391,user5391,malicious,attack 1,false positive
business,metric,7983,user7983,malicious,attack 1,false positive
business,log,7983,user7983,malicious,attack 1,true positive
business,trace,7983,user7983,malicious,attack 1,false positive
infrastructure,metric,3597,user3597,regular,no attack,false positive
infrastructure,log,3597,user3597,regular,no attack,false positive
infrastructure,trace,3597,user3597,regular,no attack,false positive
infrastructure,metric,616,user616,regular,no attack,false positive
infrastructure,log,616,user616,regular,no attack,false positive
infrastructure,trace,616,user616,regular,no attack,false positive
infrastructure,metric,4057,user4057,malicious,attack 1,false positive
infrastructure,log,4057,user4057,malicious,attack 1,true positive
infrastructure,trace,4057,user4057,malicious,attack 1,false positive
infrastructure,metric,3374,user3374,malicious,attack 2,false positive
infrastructure,log,3374,user3374,malicious,attack 2,false positive
infrastructure,trace,3374,user3374,malicious,attack 2,true positive
business,metric,7878,user7878,malicious,attack 2,false positive
business,log,7878,user7878,malicious,attack 2,false positive
business,trace,7878,user7878,malicious,attack 2,true positive
business,metric,861,user861,malicious,attack 1,false positive
business,log,861,user861,malicious,attack 1,true positive
business,trace,861,user861,malicious,attack 1,false positive
infrastructure,metric,8784,user8784,malicious,attack 2,false positive
infrastructure,log,8784,user8784,malicious,attack 2,false positive
infrastructure,trace,8784,user8784,malicious,attack 2,true positive
infrastructure,metric,301,user301,malicious,attack 1,false positive
infrastructure,log,301,user301,malicious,attack 1,true positive
infrastructure,trace,301,user301,malicious,attack 1,false positive
infrastructure,metric,7438,user7438,regular,no attack,false positive
infrastructure,log,7438,user7438,regular,no attack,false positive
infrastructure,trace,7438,user7438,regular,no attack,false positive
infrastructure,metric,6587,user6587,malicious,attack 2,false positive
infrastructure,log,6587,user6587,malicious,attack 2,false positive
infrastructure,trace,6587,user6587,malicious,attack 2,true positive
business,metric,1102,user1102,malicious,attack 1,false positive
business,log,1102,user1102,malicious,attack 1,true positive
business,trace,1102,user1102,malicious,attack 1,false positive
infrastructure,metric,2129,user2129,malicious,attack 1,false positive
infrastructure,log,2129,user2129,malicious,attack 1,true positive
infrastructure,trace,2129,user2129,malicious,attack 1,false positive
infrastructure,metric,6369,user6369,regular,no attack,false positive
infrastructure,log,6369,user6369,regular,no attack,false positive
infrastructure,trace,6369,user6369,regular,no attack,false positive
infrastructure,metric,4905,user4905,malicious,attack 1,false positive
infrastructure,log,4905,user4905,malicious,attack 1,true positive
infrastructure,trace,4905,user4905,malicious,attack 1,false positive
business,metric,3728,user3728,malicious,attack 2,false positive
business,log,3728,user3728,malicious,attack 2,false positive
business,trace,3728,user3728,malicious,attack 2,true positive
business,metric,3281,user3281,malicious,attack 1,false positive
business,log,3281,user3281,malicious,attack 1,true positive
business,trace,3281,user3281,malicious,attack 1,false positive
business,metric,9153,user9153,malicious,attack 2,false positive
business,log,9153,user9153,malicious,attack 2,false positive
business,trace,9153,user9153,malicious,attack 2,true positive
infrastructure,metric,7296,user7296,malicious,attack 1,false positive
infrastructure,log,7296,user7296,malicious,attack 1,true positive
infrastructure,trace,7296,user7296,malicious,attack 1,false positive
infrastructure,metric,7783,user7783,malicious,attack 2,false positive
infrastructure,log,7783,user7783,malicious,attack 2,false positive
infrastructure,trace,7783,user7783,malicious,attack 2,true positive
business,metric,8396,user8396,malicious,attack 2,false positive
business,log,8396,user8396,malicious,attack 2,false positive
business,trace,8396,user8396,malicious,attack 2,true positive
infrastructure,metric,781,user781,malicious,attack 2,false positive
infrastructure,log,781,user781,malicious,attack 2,false positive
infrastructure,trace,781,user781,malicious,attack 2,true positive
infrastructure,metric,9300,user9300,regular,no attack,false positive
infrastructure,log,9300,user9300,regular,no attack,false positive
infrastructure,trace,9300,user9300,regular,no attack,false positive
business,metric,718,user718,regular,no attack,false positive
business,log,718,user718,regular,no attack,false positive
business,trace,718,user718,regular,no attack,false positive
business,metric,155,user155,malicious,attack 1,false positive
business,log,155,user155,malicious,attack 1,true positive
business,trace,155,user155,malicious,attack 1,false positive
infrastructure,metric,7312,user7312,malicious,attack 1,false positive
infrastructure,log,7312,user7312,malicious,attack 1,true positive
infrastructure,trace,7312,user7312,malicious,attack 1,false positive
business,metric,6858,user6858,malicious,attack 2,false positive
business,log,6858,user6858,malicious,attack 2,false positive
business,trace,6858,user6858,malicious,attack 2,true positive
infrastructure,metric,5826,user5826,regular,no attack,false positive
infrastructure,log,5826,user5826,regular,no attack,false positive
infrastructure,trace,5826,user5826,regular,no attack,false positive
business,metric,5777,user5777,regular,no attack,false positive
business,log,5777,user5777,regular,no attack,false positive
business,trace,5777,user5777,regular,no attack,false positive
infrastructure,metric,9036,user9036,regular,no attack,false positive
infrastructure,log,9036,user9036,regular,no attack,false positive
infrastructure,trace,9036,user9036,regular,no attack,false positive
business,metric,9552,user9552,malicious,attack 1,false positive
business,log,9552,user9552,malicious,attack 1,true positive
business,trace,9552,user9552,malicious,attack 1,false positive
infrastructure,metric,9492,user9492,regular,no attack,false positive
infrastructure,log,9492,user9492,regular,no attack,false positive
infrastructure,trace,9492,user9492,regular,no attack,false positive
business,metric,5813,user5813,regular,no attack,false positive
business,log,5813,user5813,regular,no attack,false positive
business,trace,5813,user5813,regular,no attack,false positive
business,metric,9876,user9876,malicious,attack 1,false positive
business,log,9876,user9876,malicious,attack 1,true positive
business,trace,9876,user9876,malicious,attack 1,false positive
business,metric,7057,user7057,malicious,attack 1,false positive
business,log,7057,user7057,malicious,attack 1,true positive
business,trace,7057,user7057,malicious,attack 1,false positive
business,metric,3029,user3029,malicious,attack 2,false positive
business,log,3029,user3029,malicious,attack 2,false positive
business,trace,3029,user3029,malicious,attack 2,true positive
infrastructure,metric,8242,user8242,malicious,attack 2,false positive
infrastructure,log,8242,user8242,malicious,attack 2,false positive
infrastructure,trace,8242,user8242,malicious,attack 2,true positive
infrastructure,metric,5630,user5630,malicious,attack 2,false positive
infrastructure,log,5630,user5630,malicious,attack 2,false positive
infrastructure,trace,5630,user5630,malicious,attack 2,true positive
business,metric,599,user599,malicious,attack 2,false positive
business,log,599,user599,malicious,attack 2,false positive
business,trace,599,user599,malicious,attack 2,true positive
infrastructure,metric,74,user74,malicious,attack 2,false positive
infrastructure,log,74,user74,malicious,attack 2,false positive
infrastructure,trace,74,user74,malicious,attack 2,true positive
infrastructure,metric,1393,user1393,malicious,attack 1,false positive
infrastructure,log,1393,user1393,malicious,attack 1,true positive
infrastructure,trace,1393,user1393,malicious,attack 1,false positive
business,metric,10,user10,malicious,attack 1,false positive
business,log,10,user10,malicious,attack 1,true positive
business,trace,10,user10,malicious,attack 1,false positive
infrastructure,metric,5027,user5027,malicious,attack 1,false positive
infrastructure,log,5027,user5027,malicious,attack 1,true positive
infrastructure,trace,5027,user5027,malicious,attack 1,false positive
business,metric,880,user880,malicious,attack 1,false positive
business,log,880,user880,malicious,attack 1,true positive
business,trace,880,user880,malicious,attack 1,false positive
infrastructure,metric,5478,user5478,malicious,attack 2,false positive
infrastructure,log,5478,user5478,malicious,attack 2,false positive
infrastructure,trace,5478,user5478,malicious,attack 2,true positive
business,metric,109,user109,malicious,attack 1,false positive
business,log,109,user109,malicious,attack 1,true positive
business,trace,109,user109,malicious,attack 1,false positive
business,metric,8127,user8127,malicious,attack 1,false positive
business,log,8127,user8127,malicious,attack 1,true positive
business,trace,8127,user8127,malicious,attack 1,false positive
infrastructure,metric,4763,user4763,malicious,attack 2,false positive
infrastructure,log,4763,user4763,malicious,attack 2,false positive
infrastructure,trace,4763,user4763,malicious,attack 2,true positive
infrastructure,metric,2182,user2182,malicious,attack 1,false positive
infrastructure,log,2182,user2182,malicious,attack 1,true positive
infrastructure,trace,2182,user2182,malicious,attack 1,false positive
business,metric,645,user645,regular,no attack,false positive
business,log,645,user645,regular,no attack,false positive
business,trace,645,user645,regular,no attack,false positive
infrastructure,metric,8881,user8881,malicious,attack 1,false positive
infrastructure,log,8881,user8881,malicious,attack 1,true positive
infrastructure,trace,8881,user8881,malicious,attack 1,false positive
business,metric,195,user195,malicious,attack 2,false positive
business,log,195,user195,malicious,attack 2,false positive
business,trace,195,user195,malicious,attack 2,true positive
business,metric,6522,user6522,malicious,attack 1,false positive
business,log,6522,user6522,malicious,attack 1,true positive
business,trace,6522,user6522,malicious,attack 1,false positive
infrastructure,metric,331,user331,malicious,attack 1,false positive
infrastructure,log,331,user331,malicious,attack 1,true positive
infrastructure,trace,331,user331,malicious,attack 1,false positive
business,metric,7562,user7562,malicious,attack 1,false positive
business,log,7562,user7562,malicious,attack 1,true positive
business,trace,7562,user7562,malicious,attack 1,false positive
business,metric,9350,user9350,malicious,attack 1,false positive
business,log,9350,user9350,malicious,attack 1,true positive
business,trace,9350,user9350,malicious,attack 1,false positive
business,metric,9629,user9629,malicious,attack 1,false positive
business,log,9629,user9629,malicious,attack 1,true positive
business,trace,9629,user9629,malicious,attack 1,false positive
business,metric,3824,user3824,regular,no attack,false positive
business,log,3824,user3824,regular,no attack,false positive
business,trace,3824,user3824,regular,no attack,false positive
infrastructure,metric,8675,user8675,malicious,attack 1,false positive
infrastructure,log,8675,user8675,malicious,attack 1,true positive
infrastructure,trace,8675,user8675,malicious,attack 1,false positive
infrastructure,metric,4384,user4384,malicious,attack 2,false positive
infrastructure,log,4384,user4384,malicious,attack 2,false positive
infrastructure,trace,4384,user4384,malicious,attack 2,true positive
infrastructure,metric,6036,user6036,malicious,attack 1,false positive
infrastructure,log,6036,user6036,malicious,attack 1,true positive
infrastructure,trace,6036,user6036,malicious,attack 1,false positive
